12	0.02	0.4	4	3	0.8	0.1	0.01386380228	0.06462712384	45	0.0005
12	0.02	0.4	4	3.25	0.8	0.1	0.01418851032	0.06479203557	46	0.0005
12	0.02	0.4	4	3.5	0.8	0.1	0.0144829659	0.06504575303	45	0.0005
12	0.02	0.4	4	3.75	0.8	0.1	0.01496675684	0.06593915814	47	0.0005
12	0.02	0.4	4	4	0.8	0.1	0.01515887551	0.06616196211	45	0.0005
12	0.02	0.4	4	4.25	0.8	0.1	0.01534582653	0.06714826943	45	0.0005
12	0.02	0.4	4	4.5	0.8	0.1	0.01559369853	0.06789836542	44	0.0005
12	0.02	0.4	4	4.75	0.8	0.1	0.01557868763	0.06788852066	45	0.0005
12	0.02	0.4	4	5	0.8	0.1	0.01570382656	0.0687329471	49	0.0005
12	0.02	0.4	4	5.25	0.8	0.1	0.01619896074	0.06973135102	46	0.0005
12	0.02	0.4	4	5.5	0.8	0.1	0.01623945513	0.0702878574	46	0.0005
12	0.02	0.4	4	5.75	0.8	0.1	0.01620268248	0.07083309737	46	0.0005
12	0.02	0.4	4	6	0.8	0.1	0.01607189506	0.07127104021	45	0.0005
12	0.02	0.4	4	6.25	0.8	0.1	0.01584791771	0.07151819833	46	0.0005
12	0.02	0.4	4	6.5	0.8	0.1	0.01551609758	0.07151214855	44	0.0005
12	0.02	0.4	4	6.75	0.8	0.1	0.01519739238	0.0715394843	44	0.0005
12	0.02	0.4	4	7	0.8	0.1	0.01495429318	0.07175256437	43	0.0005
12	0.02	0.4	4	7.25	0.8	0.1	0.0148900277	0.07238583301	43	0.0005
12	0.02	0.4	4	7.5	0.8	0.1	0.01501891674	0.07343154149	42	0.0005
12	0.02	0.4	4	7.75	0.8	0.1	0.01536040822	0.07487879478	41	0.0005
12	0.02	0.4	4	8	0.8	0.1	0.01591574232	0.07667267742	41	0.0005
12	0.02	0.4	4	8.25	0.8	0.1	0.01665573124	0.07871281261	40	0.0005
12	0.02	0.4	4	8.5	0.8	0.1	0.01755760974	0.08091989148	39	0.0005
12	0.02	0.4	4	8.75	0.8	0.1	0.01859644461	0.08323215959	40	0.0005
12	0.02	0.4	4	9	0.8	0.1	0.01972435982	0.08555113769	41	0.0005
12	0.02	0.4	4	9.25	0.8	0.1	0.02090382175	0.08781633225	42	0.0005
12	0.02	0.4	4	9.5	0.8	0.1	0.0221037267	0.08999812096	44	0.0005
12	0.02	0.4	4	9.75	0.8	0.1	0.02328782264	0.09204818056	45	0.0005
12	0.02	0.4	4	10	0.8	0.1	0.02442654506	0.09395313831	47	0.0005
12	0.02	0.4	4	10.25	0.8	0.1	0.02549757355	0.09570325905	49	0.0005
12	0.02	0.4	4	10.5	0.8	0.1	0.02646609045	0.09725642326	51	0.0005
12	0.02	0.4	4	10.75	0.8	0.1	0.02730234144	0.09858327313	53	0.0005
12	0.02	0.4	4	11	0.8	0.1	0.0279814653	0.09965757414	55	0.0005
12	0.02	0.4	4	11.25	0.8	0.1	0.02847087759	0.1004277339	57	0.0005
12	0.02	0.4	4	11.5	0.8	0.1	0.02873890663	0.100827114	59	0.0005
12	0.02	0.4	4	11.75	0.8	0.1	0.02875151076	0.1007547509	60	0.001
12	0.02	0.4	4	12	0.8	0.1	0.02849286298	0.1001358539	60	0.001
12	0.02	0.4	4	12.25	0.8	0.1	0.02795463075	0.09891554467	60	0.001
12	0.02	0.4	4	12.5	0.8	0.1	0.02714321945	0.09713385628	60	0.001
12	0.02	0.4	4	12.75	0.8	0.1	0.02608130565	0.09485498814	60	0.001
12	0.02	0.4	4	13	0.8	0.1	0.02481163102	0.09213582815	60	0.001
12	0.02	0.4	4	13.25	0.8	0.1	0.02338927717	0.08906126409	60	0.001
12	0.02	0.4	4	13.5	0.8	0.1	0.02186450938	0.08571239093	60	0.001
12	0.02	0.4	4	13.75	0.8	0.1	0.02028176807	0.08217206081	60	0.001
12	0.02	0.4	4	14	0.8	0.1	0.01867700696	0.07851009403	60	0.001
12	0.02	0.4	4	14.25	0.8	0.1	0.01707821819	0.07478431188	60	0.001
12	0.02	0.4	4	14.5	0.8	0.1	0.0155119501	0.07105110483	60	0.001
12	0.02	0.4	4	14.75	0.8	0.1	0.01399785393	0.06735171978	60	0.001
12	0.02	0.4	4	15	0.8	0.1	0.01255088493	0.06371947942	60	0.001
12	0.02	0.4	4	15.25	0.8	0.1	0.01118299105	0.06018725207	60	0.001
12	0.02	0.4	4	15.5	0.8	0.1	0.00990222864	0.05678525073	60	0.001
12	0.02	0.4	4	15.75	0.8	0.1	0.008712439569	0.05353176362	60	0.001
12	0.02	0.4	4	16	0.8	0.1	0.007616920749	0.05045082239	60	0.001
12	0.02	0.4	4	16.25	0.8	0.1	0.006614168799	0.0475508061	59	0.0005
12	0.02	0.4	4	16.5	0.8	0.1	0.005704843852	0.04484970544	58	0.0005
12	0.02	0.4	4	16.75	0.8	0.1	0.004882174564	0.04234569771	55	0.0005
12	0.02	0.4	4	17	0.8	0.1	0.004146631255	0.04005379041	53	0.0005
12	0.02	0.4	4	17.25	0.8	0.1	0.003492317508	0.03797397783	51	0.0005
12	0.02	0.4	4	17.5	0.8	0.1	0.002911407569	0.03609187913	48	0.0005
12	0.02	0.4	4	17.75	0.8	0.1	0.002402765201	0.03440691734	44	0.0005
12	0.02	0.4	4	18	0.8	0.1	0.002041898647	0.03308341619	42	0.0005
12	0.02	0.4	4	18.25	0.8	0.1	0.001872091224	0.0322321689	60	0.001
12	0.02	0.4	4	18.5	0.8	0.1	0.001733078388	0.03149924995	52	0.0005
12	0.02	0.4	4	18.75	0.8	0.1	0.001620952087	0.03086781269	56	0.0005
12	0.02	0.4	4	19	0.8	0.1	0.001528720607	0.03032054541	60	0.001
12	0.02	0.4	4	19.25	0.8	0.1	0.001451278582	0.02983239621	60	0.001
12	0.02	0.4	4	19.5	0.8	0.1	0.001387220002	0.02940907768	60	0.001
12	0.02	0.4	4	19.75	0.8	0.1	0.001335286486	0.02904985315	60	0.001
12	0.02	0.4	4	20	0.8	0.1	0.001292796675	0.02874198297	60	0.001
12	0.02	0.4	4	20.25	0.8	0.1	0.001259857278	0.02849049155	60	0.001
12	0.02	0.4	4	20.5	0.8	0.1	0.001236962418	0.02830203336	62	0.001
12	0.02	0.4	4	21	0.8	0.1	0.001218375966	0.02810197974	61	0.001
