12	0.02	0.8	2	3	0.8	0.1	0.003437544308	0.0315560891	25	0.0005
12	0.02	0.8	2	3.25	0.8	0.1	0.003566183962	0.03173901568	26	0.0005
12	0.02	0.8	2	3.5	0.8	0.1	0.003748443606	0.03208944442	25	0.0005
12	0.02	0.8	2	3.75	0.8	0.1	0.003958054209	0.03257425789	25	0.0005
12	0.02	0.8	2	4	0.8	0.1	0.004199230813	0.03319639342	24	0.0005
12	0.02	0.8	2	4.25	0.8	0.1	0.004459788185	0.03394101877	23	0.0005
12	0.02	0.8	2	4.5	0.8	0.1	0.004741291437	0.03483494234	22	0.0005
12	0.02	0.8	2	4.75	0.8	0.1	0.005032221361	0.03588155422	23	0.0005
12	0.02	0.8	2	5	0.8	0.1	0.005341934202	0.03706229132	28	0.0005
12	0.02	0.8	2	5.25	0.8	0.1	0.005756220262	0.03813677831	31	0.0005
12	0.02	0.8	2	5.5	0.8	0.1	0.006271265559	0.0390186569	33	0.0005
12	0.02	0.8	2	5.75	0.8	0.1	0.006694931882	0.03965946655	34	0.0005
12	0.02	0.8	2	6	0.8	0.1	0.007081449984	0.04015574399	36	0.0005
12	0.02	0.8	2	6.25	0.8	0.1	0.00745017888	0.04054902762	39	0.0005
12	0.02	0.8	2	6.5	0.8	0.1	0.007799277273	0.04084863275	39	0.0005
12	0.02	0.8	2	6.75	0.8	0.1	0.008135777298	0.04109737802	42	0.0005
12	0.02	0.8	2	7	0.8	0.1	0.008443409215	0.0412695936	44	0.0005
12	0.02	0.8	2	7.25	0.8	0.1	0.008710310426	0.04135876449	46	0.0005
12	0.02	0.8	2	7.5	0.8	0.1	0.008923884015	0.04135202137	44	0.0005
12	0.02	0.8	2	7.75	0.8	0.1	0.009082514687	0.04127003618	44	0.0005
12	0.02	0.8	2	8	0.8	0.1	0.009191449188	0.04112985624	46	0.0005
12	0.02	0.8	2	8.25	0.8	0.1	0.009422223359	0.04107082944	45	0.0005
12	0.02	0.8	2	8.5	0.8	0.1	0.009650094275	0.0410218068	47	0.0005
12	0.02	0.8	2	8.75	0.8	0.1	0.009839776926	0.04094024839	45	0.0005
12	0.02	0.8	2	9	0.8	0.1	0.0100063004	0.04087444052	47	0.0005
12	0.02	0.8	2	9.25	0.8	0.1	0.01014362726	0.04080066067	47	0.0005
12	0.02	0.8	2	9.5	0.8	0.1	0.01024998885	0.04071925586	45	0.0005
12	0.02	0.8	2	9.75	0.8	0.1	0.01033462612	0.04064223662	45	0.0005
12	0.02	0.8	2	10	0.8	0.1	0.01039335464	0.04056135779	44	0.0005
12	0.02	0.8	2	10.25	0.8	0.1	0.01042885943	0.04048856025	48	0.0005
12	0.02	0.8	2	10.5	0.8	0.1	0.01042786574	0.04038160056	44	0.0005
12	0.02	0.8	2	10.75	0.8	0.1	0.01039282748	0.04025978658	42	0.0005
12	0.02	0.8	2	11	0.8	0.1	0.01032109937	0.04012019732	42	0.0005
12	0.02	0.8	2	11.25	0.8	0.1	0.01019334598	0.03992341888	39	0.0005
12	0.02	0.8	2	11.5	0.8	0.1	0.01000609875	0.03967032413	37	0.0005
12	0.02	0.8	2	11.75	0.8	0.1	0.009741800932	0.0393259216	33	0.0005
12	0.02	0.8	2	12	0.8	0.1	0.009385196799	0.03886616876	27	0.0005
12	0.02	0.8	2	12.25	0.8	0.1	0.008959519638	0.03833142241	22	0.0005
12	0.02	0.8	2	12.5	0.8	0.1	0.00849664488	0.03776269761	18	0.0005
12	0.02	0.8	2	12.75	0.8	0.1	0.008026353325	0.03714199933	28	0.0005
12	0.02	0.8	2	13	0.8	0.1	0.007536758251	0.03650953529	35	0.0005
12	0.02	0.8	2	13.25	0.8	0.1	0.007061133075	0.03592663786	39	0.0005
12	0.02	0.8	2	13.5	0.8	0.1	0.006602445249	0.03540929032	43	0.0005
12	0.02	0.8	2	13.75	0.8	0.1	0.006160607803	0.03495850223	44	0.0005
12	0.02	0.8	2	14	0.8	0.1	0.005724922733	0.0345513692	45	0.0005
12	0.02	0.8	2	14.25	0.8	0.1	0.00529141728	0.03416475921	47	0.0005
12	0.02	0.8	2	14.5	0.8	0.1	0.004862252951	0.03379649874	49	0.0005
12	0.02	0.8	2	14.75	0.8	0.1	0.004444001825	0.03344559283	50	0.0005
12	0.02	0.8	2	15	0.8	0.1	0.004035748443	0.03309626546	50	0.0005
12	0.02	0.8	2	15.25	0.8	0.1	0.003644683454	0.03275677735	50	0.0005
12	0.02	0.8	2	15.5	0.8	0.1	0.003480197309	0.03252417627	51	0.0005
12	0.02	0.8	2	15.75	0.8	0.1	0.003343888099	0.03229789453	52	0.0005
12	0.02	0.8	2	16	0.8	0.1	0.003213280101	0.03206763131	54	0.0005
12	0.02	0.8	2	16.25	0.8	0.1	0.003090990378	0.03184342845	54	0.0005
12	0.02	0.8	2	16.5	0.8	0.1	0.002969961954	0.03160971678	56	0.0005
12	0.02	0.8	2	16.75	0.8	0.1	0.002863950632	0.03139676256	55	0.0005
12	0.02	0.8	2	17	0.8	0.1	0.002756868014	0.03116931022	58	0.0005
12	0.02	0.8	2	17.25	0.8	0.1	0.002666264876	0.03097037936	56	0.0005
12	0.02	0.8	2	17.5	0.8	0.1	0.002575759205	0.03076100486	59	0.0005
12	0.02	0.8	2	17.75	0.8	0.1	0.002495423217	0.03057087353	59	0.0005
12	0.02	0.8	2	18	0.8	0.1	0.002429696505	0.03042018864	58	0.0005
12	0.02	0.8	2	18.25	0.8	0.1	0.002364086845	0.0302661191	60	0.001
12	0.02	0.8	2	18.5	0.8	0.1	0.002309412967	0.03013499781	61	0.001
12	0.02	0.8	2	18.75	0.8	0.1	0.00226723634	0.03003250522	60	0.001
12	0.02	0.8	2	19	0.8	0.1	0.002223501451	0.02992414585	60	0.001
12	0.02	0.8	2	19.25	0.8	0.1	0.002192827818	0.02984787858	60	0.001
12	0.02	0.8	2	19.5	0.8	0.1	0.002162298202	0.0297715324	60	0.001
12	0.02	0.8	2	19.75	0.8	0.1	0.00213951688	0.02971140426	60	0.001
12	0.02	0.8	2	20	0.8	0.1	0.002120388141	0.02966434508	60	0.001
12	0.02	0.8	2	20.25	0.8	0.1	0.002105495406	0.02962744754	60	0.001
12	0.02	0.8	2	20.5	0.8	0.1	0.002097357777	0.02960666269	60	0.001
12	0.02	0.8	2	20.75	0.8	0.1	0.002090643484	0.02958834495	60	0.001
12	0.02	0.8	2	21	0.8	0.1	0.002082012432	0.02956856328	60	0.001
