-15.13		0.8556878351	0.0001033216937	
-15.11486243		0.8562343882	0.0001037461916	
-15.09972486		0.8567905786	0.0001041776639	
-15.08458729		0.8573563408	0.0001046162558	
-15.06944972		0.8579316027	0.0001050621151	
-15.05431216		0.858516285	0.0001055153922	
-15.03917459		0.8591103012	0.0001059762399	
-15.02403702		0.8597135575	0.000106444814	
-15.00889945		0.860325953	0.0001069212726	
-14.99376188		0.8609473791	0.0001074057769	
-14.97862431		0.86157772	0.0001078984905	
-14.96348674		0.8622168522	0.00010839958	
-14.94834917		0.8628646445	0.0001089092149	
-14.93321161		0.8635209584	0.0001094275674	
-14.91807404		0.8641856476	0.0001099548128	
-14.90293647		0.8648585582	0.0001104911291	
-14.8877989		0.8655395288	0.0001110366974	
-14.87266133		0.8662283904	0.0001115917019	
-14.85752376		0.8669249664	0.0001121563296	
-14.84238619		0.8676290728	0.0001127307707	
-14.82724862		0.8683405184	0.0001133152185	
-14.81211106		0.8690591046	0.0001139098693	
-14.79697349		0.8697846255	0.0001145149226	
-14.78183592		0.8705168684	0.0001151305809	
-14.76669835		0.8712556137	0.0001157570501	
-14.75156078		0.8720006351	0.0001163945391	
-14.73642321		0.8727516997	0.00011704326	
-14.72128564		0.8735085683	0.0001177034282	
-14.70614807		0.8742709956	0.0001183752621	
-14.69101051		0.8750387307	0.0001190589835	
-14.67587294		0.8758115166	0.0001197548174	
-14.66073537		0.8765890915	0.0001204629921	
-14.6455978		0.8773711881	0.0001211837388	
-14.63046023		0.8781575347	0.0001219172924	
-14.61532266		0.8789478548	0.0001226638907	
-14.60018509		0.8797418682	0.0001234237749	
-14.58504752		0.8805392907	0.0001241971894	
-14.56990995		0.8813398346	0.0001249843818	
-14.55477239		0.8821432094	0.0001257856029	
-14.53963482		0.8829491217	0.0001266011069	
-14.52449725		0.883757276	0.000127431151	
-14.50935968		0.8845673748	0.000128275996	
-14.49422211		0.8853791192	0.0001291359054	
-14.47908454		0.886192209	0.0001300111464	
-14.46394697		0.8870063436	0.0001309019893	
-14.4488094		0.887821222	0.0001318087074	
-14.43367184		0.8886365433	0.0001327315777	
-14.41853427		0.8894520072	0.0001336708799	
-14.4033967		0.8902673145	0.0001346268975	
-14.38825913		0.8910821673	0.0001355999168	
-14.37312156		0.8918962694	0.0001365902278	
-14.35798399		0.8927093271	0.0001375981235	
-14.34284642		0.8935210489	0.0001386239003	
-14.32770885		0.8943311467	0.000139667858	
-14.31257129		0.8951393355	0.0001407302998	
-14.29743372		0.8959453343	0.0001418115323	
-14.28229615		0.8967488659	0.0001429118654	
-14.26715858		0.8975496578	0.0001440316128	
-14.25202101		0.8983474423	0.0001451710914	
-14.23688344		0.8991419568	0.000146330622	
-14.22174587		0.8999329439	0.0001475105289	
-14.2066083		0.9007201523	0.0001487111401	
-14.19147074		0.9015033364	0.0001499327875	
-14.17633317		0.9022822569	0.0001511758067	
-14.1611956		0.9030566812	0.0001524405376	
-14.14605803		0.903826383	0.0001537273237	
-14.13092046		0.9045911434	0.0001550365129	
-14.11578289		0.9053507501	0.0001563684573	
-14.10064532		0.9061049984	0.0001577235133	
-14.08550775		0.9068536908	0.0001591020419	
-14.07037019		0.9075966373	0.0001605044084	
-14.05523262		0.9083336557	0.0001619309831	
-14.04009505		0.9090645713	0.0001633821409	
-14.02495748		0.9097892171	0.000164858262	
-14.00981991		0.9105074341	0.0001663597314	
-13.99468234		0.911219071	0.0001678869395	
-13.97954477		0.9119239844	0.0001694402823	
-13.9644072		0.9126220386	0.0001710201611	
-13.94926963		0.9133131058	0.0001726269833	
-13.93413207		0.9139970658	0.000174261162	
-13.9189945		0.9146738062	0.0001759231167	
-13.90385693		0.9153432221	0.000177613273	
-13.88871936		0.9160052164	0.0001793320633	
-13.87358179		0.916659699	0.0001810799264	
-13.85844422		0.9173065873	0.0001828573084	
-13.84330665		0.9179458058	0.0001846646624	
-13.82816908		0.9185772862	0.000186502449	
-13.81303152		0.9192009669	0.0001883711362	
-13.79789395		0.9198167929	0.0001902712002	
-13.78275638		0.9204247161	0.000192203125	
-13.76761881		0.9210246945	0.0001941674033	
-13.75248124		0.9216166924	0.000196164536	
-13.73734367		0.9222006799	0.0001981950331	
-13.7222061		0.9227766333	0.0002002594139	
-13.70706853		0.9233445342	0.0002023582069	
-13.69193097		0.9239043698	0.0002044919503	
-13.6767934		0.9244561323	0.0002066611925	
-13.66165583		0.9249998192	0.000208866492	
-13.64651826		0.9255354326	0.000211108418	
-13.63138069		0.9260629794	0.0002133875505	
-13.61624312		0.9265824707	0.000215704481	
-13.60110555		0.927093922	0.0002180598123	
-13.58596798		0.9275973527	0.0002204541592	
-13.57083042		0.9280927861	0.0002228881489	
-13.55569285		0.9285802489	0.0002253624211	
-13.54055528		0.9290597715	0.0002278776284	
-13.52541771		0.9295313875	0.0002304344372	
-13.51028014		0.9299951334	0.0002330335273	
-13.49514257		0.9304510486	0.0002356755928	
-13.480005		0.9308991754	0.0002383613427	
-13.46486743		0.9313395584	0.0002410915009	
-13.44972986		0.9317722447	0.0002438668068	
-13.4345923		0.9321972836	0.0002466880163	
-13.41945473		0.9326147265	0.0002495559016	
-13.40431716		0.9330246265	0.0002524712521	
-13.38917959		0.9334270389	0.0002554348753	
-13.37404202		0.9338220203	0.0002584475969	
-13.35890445		0.9342096288	0.000261510262	
-13.34376688		0.9345899242	0.0002646237354	
-13.32862931		0.9349629675	0.0002677889028	
-13.31349175		0.9353288208	0.0002710066717	
-13.29835418		0.9356875474	0.0002742779724	
-13.28321661		0.9360392118	0.0002776037591	
-13.26807904		0.9363838793	0.0002809850114	
-13.25294147		0.9367216164	0.0002844227356	
-13.2378039		0.9370524904	0.0002879179672	
-13.22266633		0.9373765697	0.0002914717721	
-13.20752876		0.9376939235	0.0002950852498	
-13.1923912		0.9380046224	0.0002987595365	
-13.17725363		0.9383087378	0.0003024958079	
-13.16211606		0.9386063426	0.0003062952842	
-13.14697849		0.9388975111	0.000310159234	
-13.13184092		0.9391823194	0.0003140889797	
-13.11670335		0.9394608449	0.0003180859017	
-13.10156578		0.939733167	0.0003221514406	
-13.08642821		0.9399993659	0.0003262870944	
-13.07129065		0.9402595216	0.0003304944046	
-13.05615308		0.940513711	0.0003347749236	
-13.04101551		0.9407620035	0.0003391301531	
-13.02587794		0.9410044541	0.0003435614572	
-13.01074037		0.9412410979	0.0003480699763	
-12.9956028		0.9414719516	0.0003526566272	
-12.98046523		0.9416970276	0.0003573222941	
-12.96532766		0.9419163629	0.0003620682147	
-12.9501901		0.9421300427	0.0003668963359	
-12.93505253		0.9423381977	0.0003718093115	
-12.91991496		0.9425409721	0.0003768100636	
-12.90477739		0.9427384812	0.000381901161	
-12.88963982		0.9429307803	0.0003870843186	
-12.87450225		0.9431178547	0.0003923601868	
-12.85936468		0.9432996333	0.0003977285299	
-12.84422711		0.9434760287	0.0004031888521	
-12.82908954		0.9436469946	0.0004087413662	
-12.81395198		0.9438125782	0.0004143879038	
-12.79881441		0.9439729323	0.0004201321853	
-12.78367684		0.9441282737	0.0004259791338	
-12.76853927		0.9442788073	0.000431933551	
-12.7534017		0.9444246592	0.0004379988654	
-12.73826413		0.9445658468	0.0004441765195	
-12.72312656		0.9447022946	0.0004504662025	
-12.70798899		0.9448338862	0.000456866842	
-12.69285143		0.9449605337	0.0004633780012	
-12.67771386		0.945082237	0.0004700011145	
-12.66257629		0.9451991061	0.0004767399867	
-12.64743872		0.9453113338	0.0004836002708	
-12.63230115		0.9454191319	0.0004905881464	
-12.61716358		0.9455226616	0.000497708833	
-12.60202601		0.9456219887	0.00050496558	
-12.58688844		0.9457170774	0.000512359487	
-12.57175088		0.945807819	0.0005198901888	
-12.55661331		0.9458940821	0.000527557155	
-12.54147574		0.9459757668	0.0005353611026	
-12.52633817		0.9460528517	0.0005433049396	
-12.5112006		0.9461254474	0.0005513938411	
-12.49606303		0.9461938348	0.0005596344163	
-12.48092546		0.946258375	0.0005680332827	
-12.46578789		0.9463192911	0.0005765956434	
-12.45065033		0.9463765808	0.0005853245483	
-12.43551276		0.9464301132	0.0005942211597	
-12.42037519		0.9464797412	0.0006032858547	
-12.40523762		0.9465253676	0.000612519698	
-12.39010005		0.9465669781	0.0006219256776	
-12.37496248		0.9466046446	0.000631509167	
-12.35982491		0.9466384989	0.0006412773777	
-12.34468734		0.9466686851	0.0006512380071	
-12.32954977		0.9466953097	0.0006613976811	
-12.31441221		0.9467184114	0.0006717609103	
-12.29927464		0.946737961	0.0006823300437	
-12.28413707		0.9467538918	0.0006931062312	
-12.2689995		0.9467661432	0.0007040909522	
-12.25386193		0.9467747	0.0007152874414	
-12.23872436		0.9467796115	0.0007267014067	
-12.22358679		0.9467809809	0.0007383407147	
-12.20844922		0.9467789314	0.0007502141453	
-12.19331166		0.9467735636	0.0007623297683	
-12.17817409		0.9467649252	0.0007746937181	
-12.16303652		0.9467530049	0.0007873099445	
-12.14789895		0.9467377536	0.0008001810288	
-12.13276138		0.9467191193	0.0008133096632	
-12.11762381		0.9466970825	0.0008267001398	
-12.10248624		0.9466716753	0.0008403592276	
-12.08734867		0.9466429772	0.000854296044	
-12.07221111		0.9466110904	0.000868520936	
-12.05707354		0.9465761051	0.0008830438595	
-12.04193597		0.9465380718	0.0008978730196	
-12.0267984		0.9464969928	0.0009130144147	
-12.01166083		0.9464528359	0.0009284724688	
-11.99652326		0.9464055617	0.000944251433	
-11.98138569		0.9463551528	0.0009603569254	
-11.96624812		0.9463016309	0.0009767969406	
-11.95111056		0.9462450565	0.0009935818707	
-11.93597299		0.9461855104	0.001010723502	
-11.92083542		0.9461230668	0.001028233444	
-11.90569785		0.9460577707	0.001046121744	
-11.89056028		0.94598963	0.00106439636	
-11.87542271		0.9459186251	0.001083063709	
-11.86028514		0.9458447292	0.00110213002	
-11.84514757		0.9457679312	0.001121602852	
-11.83001001		0.9456882493	0.001141492093	
-11.81487244		0.9456057306	0.001161809983	
-11.79973487		0.9455204377	0.001182570135	
-11.7845973		0.9454324279	0.001203786047	
-11.76945973		0.9453417373	0.001225469819	
-11.75432216		0.9452483749	0.001247631714	
-11.73918459		0.9451523297	0.00127028074	
-11.72404702		0.9450535871	0.001293425961	
-11.70890945		0.9449521442	0.001317077885	
-11.69377189		0.9448480195	0.001341249289	
-11.67863432		0.9447412515	0.001365955089	
-11.66349675		0.9446318881	0.001391211318	
-11.64835918		0.9445199722	0.001417033752	
-11.63322161		0.9444055313	0.001443436856	
-11.61808404		0.9442885745	0.001470433571	
-11.60294647		0.9441690989	0.001498036017	
-11.5878089		0.9440471009	0.001526256727	
-11.57267134		0.9439225861	0.001555109802	
-11.55753377		0.9437955749	0.001584611418	
-11.5423962		0.9436660995	0.001614779452	
-11.52725863		0.9435341963	0.001645632467	
-11.51212106		0.943399897	0.001677188578	
-11.49698349		0.9432632226	0.001709464781	
-11.48184592		0.9431241832	0.001742477062	
-11.46670835		0.942982783	0.001776241191	
-11.45157079		0.9428390276	0.001810773751	
-11.43643322		0.9426929296	0.001846092888	
-11.42129565		0.9425445101	0.001882218412	
-11.40615808		0.9423937964	0.001919171259	
-11.39102051		0.9422408164	0.001956972616	
-11.37588294		0.9420855937	0.001995643199	
-11.36074537		0.9419281454	0.002035203029	
-11.3456078		0.941768483	0.002075671789	
-11.33047024		0.941606616	0.002117069524	
-11.31533267		0.9414425558	0.002159417315	
-11.3001951		0.941276318	0.002202737567	
-11.28505753		0.9411079228	0.002247053828	
-11.26991996		0.9409373921	0.002292390263	
-11.25478239		0.9407647473	0.002338771098	
-11.23964482		0.940590007	0.002386220314	
-11.22450725		0.9404131862	0.00243476172	
-11.20936968		0.9402342981	0.002484419329	
-11.19423212		0.9400533556	0.002535217793	
-11.17909455		0.9398703733	0.002587182677	
-11.16395698		0.9396853682	0.002640340461	
-11.14881941		0.9394983587	0.002694718279	
-11.13368184		0.9393093639	0.002750343593	
-11.11854427		0.939118402	0.002807243947	
-11.1034067		0.9389254897	0.002865446929	
-11.08826913		0.9387306426	0.002924980315	
-11.07313157		0.9385338758	0.002985872299	
-11.057994		0.9383352049	0.003048151667	
-11.04285643		0.9381346463	0.003111847843	
-11.02771886		0.9379322175	0.003176990791	
-11.01258129		0.9377279362	0.003243610853	
-10.99744372		0.9375218203	0.003311738597	
-10.98230615		0.9373138872	0.003381404755	
-10.96716858		0.9371041539	0.003452640253	
-10.95203102		0.9368926372	0.003525476296	
-10.93689345		0.9366793538	0.003599944451	
-10.92175588		0.936464321	0.003676076673	
-10.90661831		0.9362475562	0.003753905281	
-10.89148074		0.9360290772	0.003833462876	
-10.87634317		0.9358089019	0.003914782265	
-10.8612056		0.9355870481	0.003997896412	
-10.84606803		0.9353635334	0.004082838424	
-10.83093047		0.9351383755	0.00416964156	
-10.8157929		0.9349115917	0.004258339255	
-10.80065533		0.9346831998	0.00434896512	
-10.78551776		0.9344532174	0.004441552919	
-10.77038019		0.9342216625	0.004536136533	
-10.75524262		0.9339885527	0.004632749909	
-10.74010505		0.9337539059	0.004731427024	
-10.72496748		0.9335177397	0.004832201853	
-10.70982991		0.9332800719	0.004935108351	
-10.69469235		0.9330409202	0.00504018043	
-10.67955478		0.9328003021	0.005147451943	
-10.66441721		0.9325582352	0.005256956651	
-10.64927964		0.932314737	0.005368728189	
-10.63414207		0.9320698243	0.005482800025	
-10.6190045		0.931823513	0.00559920542	
-10.60386693		0.9315758165	0.005717977385	
-10.58872936		0.9313267434	0.005839148629	
-10.5735918		0.9310762916	0.00596275149	
-10.55845423		0.9308244392	0.006088817824	
-10.54331666		0.9305711301	0.006217378868	
-10.52817909		0.9303162728	0.00634846516	
-10.51304152		0.9300597924	0.006482106842	
-10.49790395		0.9298017613	0.006618334559	
-10.48276638		0.9295424498	0.006757179901	
-10.46762881		0.9292821296	0.006898674057	
-10.45249125		0.9290208886	0.007042846386	
-10.43735368		0.9287586796	0.00718972461	
-10.42221611		0.9284954324	0.007339335558	
-10.40707854		0.9282311017	0.007491705491	
-10.39194097		0.9279656682	0.007646860089	
-10.3768034		0.9276991299	0.007804824364	
-10.36166583		0.9274314937	0.007965622567	
-10.34652826		0.9271627713	0.008129278119	
-10.3313907		0.9268929769	0.008295813561	
-10.31625313		0.9266221254	0.008465250501	
-10.30111556		0.9263502324	0.008637609582	
-10.28597799		0.9260773134	0.008812910436	
-10.27084042		0.9258033841	0.008991171652	
-10.25570285		0.9255284598	0.009172410744	
-10.24056528		0.9252525559	0.009356644116	
-10.22542771		0.9249756875	0.009543887032	
-10.21029015		0.9246978694	0.009734153583	
-10.19515258		0.9244191163	0.009927456663	
-10.18001501		0.9241394427	0.01012380793	
-10.16487744		0.9238588628	0.0103232178	
-10.14973987		0.9235773904	0.01052569538	
-10.1346023		0.9232950394	0.01073124851	
-10.11946473		0.9230118231	0.01093988365	
-10.10432716		0.9227277548	0.01115160594	
-10.08918959		0.9224428475	0.01136641916	
-10.07405203		0.9221571138	0.01158432568	
-10.05891446		0.9218705662	0.01180532646	
-10.04377689		0.9215832169	0.01202942106	
-10.02863932		0.9212950777	0.0122566076	
-10.01350175		0.9210061604	0.01248688274	
-9.998364182		0.9207164763	0.01272024172	
-9.983226613		0.9204260365	0.0129566783	
-9.968089045		0.9201348519	0.01319618476	
-9.952951476		0.919842933	0.01343875196	
-9.937813907		0.9195502903	0.01368436923	
-9.922676338		0.9192569337	0.01393302448	
-9.907538769		0.9189628731	0.01418470414	
-9.892401201		0.9186681181	0.01443939318	
-9.877263632		0.9183726781	0.0146970751	
-9.862126063		0.918076562	0.01495773198	
-9.846988494		0.9177797789	0.01522134446	
-9.831850925		0.9174823374	0.01548789175	
-9.816713357		0.9171842459	0.01575735166	
-9.801575788		0.9168855126	0.0160297006	
-9.786438219		0.9165861456	0.01630491364	
-9.77130065		0.9162861528	0.01658296445	
-9.756163082		0.9159855418	0.0168638254	
-9.741025513		0.9156843202	0.01714746755	
-9.725887944		0.9153824953	0.01743386068	
-9.710750375		0.9150800744	0.0177229733	
-9.695612806		0.9147770647	0.01801477271	
-9.680475238		0.914473473	0.01830922498	
-9.665337669		0.9141693065	0.01860629506	
-9.6502001		0.9138645718	0.01890594671	
-9.635062531		0.9135592759	0.01920814262	
-9.619924962		0.9132534254	0.0195128444	
-9.604787394		0.9129470271	0.01982001262	
-9.589649825		0.9126400878	0.02012960685	
-9.574512256		0.9123326142	0.02044158569	
-9.559374687		0.9120246131	0.02075590682	
-9.544237119		0.9117160912	0.02107252703	
-9.52909955		0.9114070556	0.02139140225	
-9.513961981		0.9110975133	0.0217124876	
-9.498824412		0.9107874713	0.02203573742	
-9.483686843		0.9104769368	0.02236110532	
-9.468549275		0.9101659174	0.02268854421	
-9.453411706		0.9098544204	0.02301800633	
-9.438274137		0.9095424538	0.02334944331	
-9.423136568		0.9092300254	0.0236828062	
-9.407998999		0.9089171433	0.0240180455	
-9.392861431		0.9086038161	0.02435511121	
-9.377723862		0.9082900523	0.02469395287	
-9.362586293		0.9079758608	0.02503451957	
-9.347448724		0.9076612509	0.02537676004	
-9.332311156		0.907346232	0.02572062263	
-9.317173587		0.9070308139	0.02606605538	
-9.302036018		0.9067150067	0.02641300604	
-9.286898449		0.9063988207	0.02676142213	
-9.27176088		0.9060822668	0.02711125094	
-9.256623312		0.9057653559	0.02746243957	
-9.241485743		0.9054480993	0.027814935	
-9.226348174		0.9051305089	0.02816868406	
-9.211210605		0.9048125966	0.02852363351	
-9.196073037		0.9044943747	0.02887973004	
-9.180935468		0.9041758559	0.02923692034	
-9.165797899		0.9038570532	0.02959515105	
-9.15066033		0.9035379797	0.02995436888	
-9.135522761		0.9032186492	0.03031452057	
-9.120385193		0.9028990753	0.03067555293	
-9.105247624		0.9025792723	0.03103741287	
-9.090110055		0.9022592543	0.03140004744	
-9.074972486		0.9019390359	0.0317634038	
-9.059834917		0.901618632	0.0321274293	
-9.044697349		0.9012980573	0.03249207145	
-9.02955978		0.900977327	0.03285727799	
-9.014422211		0.9006564564	0.03322299684	
-8.999284642		0.9003354606	0.03358917619	
-8.984147074		0.9000143552	0.03395576444	
-8.969009505		0.8996931554	0.0343227103	
-8.953871936		0.8993718768	0.03468996272	
-8.938734367		0.8990505346	0.03505747095	
-8.923596798		0.8987291444	0.03542518455	
-8.90845923		0.8984077213	0.0357930534	
-8.893321661		0.8980862804	0.03616102768	
-8.878184092		0.8977648367	0.03652905793	
-8.863046523		0.8974434049	0.036897095	
-8.847908954		0.8971219995	0.03726509011	
-8.832771386		0.8968006348	0.03763299485	
-8.817633817		0.8964793247	0.03800076114	
-8.802496248		0.8961580826	0.0383683413	
-8.787358679		0.8958369219	0.03873568801	
-8.772221111		0.8955158551	0.03910275433	
-8.757083542		0.8951948946	0.03946949372	
-8.741945973		0.8948740522	0.03983586001	
-8.726808404		0.894553339	0.04020180744	
-8.711670835		0.8942327657	0.04056729063	
-8.696533267		0.8939123425	0.04093226462	
-8.681395698		0.8935920786	0.04129668483	
-8.666258129		0.893271983	0.0416605071	
-8.65112056		0.8929520635	0.04202368766	
-8.635982991		0.8926323277	0.04238618318	
-8.620845423		0.8923127821	0.0427479507	
-8.605707854		0.8919934325	0.04310894771	
-8.590570285		0.891674284	0.04346913207	
-8.575432716		0.8913553408	0.04382846211	
-8.560295148		0.8910366064	0.04418689652	
-8.545157579		0.8907180832	0.04454439444	
-8.53002001		0.8903997729	0.04490091543	
-8.514882441		0.8900816765	0.04525641944	
-8.499744872		0.8897637937	0.04561086688	
-8.484607304		0.8894461238	0.04596421855	
-8.469469735		0.8891286648	0.04631643568	
-8.454332166		0.888811414	0.04666747993	
-8.439194597		0.8884943677	0.04701731338	
-8.424057029		0.8881775215	0.04736589855	
-8.40891946		0.8878608698	0.04771319838	
-8.393781891		0.8875444064	0.04805917622	
-8.378644322		0.8872281241	0.04840379588	
-8.363506753		0.8869120146	0.04874702159	
-8.348369185		0.8865960692	0.04908881802	
-8.333231616		0.886280278	0.04942915027	
-8.318094047		0.8859646302	0.04976798388	
-8.302956478		0.8856491145	0.05010528484	
-8.287818909		0.8853337186	0.05044101958	
-8.272681341		0.8850184294	0.05077515497	
-8.257543772		0.884703233	0.05110765834	
-8.242406203		0.8843881149	0.05143849746	
-8.227268634		0.8840730596	0.05176764056	
-8.212131066		0.8837580512	0.05209505633	
-8.196993497		0.883443073	0.05242071391	
-8.181855928		0.8831281075	0.05274458291	
-8.166718359		0.8828131367	0.0530666334	
-8.15158079		0.882498142	0.05338683593	
-8.136443222		0.8821831042	0.05370516151	
-8.121305653		0.8818680035	0.05402158163	
-8.106168084		0.8815528196	0.05433606826	
-8.091030515		0.8812375316	0.05464859383	
-8.075892946		0.8809221182	0.05495913129	
-8.060755378		0.8806065576	0.05526765404	
-8.045617809		0.8802908276	0.055574136	
-8.03048024		0.8799749057	0.05587855154	
-8.015342671		0.8796587688	0.05618087558	
-8.000205103		0.8793423935	0.05648108348	
-7.985067534		0.8790257562	0.05677915114	
-7.969929965		0.8787088329	0.05707505495	
-7.954792396		0.8783915992	0.05736877179	
-7.939654827		0.8780740306	0.05766027905	
-7.924517259		0.8777561023	0.05794955465	
-7.90937969		0.8774377892	0.05823657698	
-7.894242121		0.8771190662	0.05852132497	
-7.879104552		0.8767999079	0.05880377805	
-7.863966983		0.8764802886	0.05908391616	
-7.848829415		0.8761601826	0.05936171975	
-7.833691846		0.8758395642	0.05963716979	
-7.818554277		0.8755184072	0.05991024776	
-7.803416708		0.8751966857	0.06018093565	
-7.78827914		0.8748743735	0.06044921597	
-7.773141571		0.8745514444	0.06071507173	
-7.758004002		0.8742278721	0.06097848646	
-7.742866433		0.8739036302	0.0612394442	
-7.727728864		0.8735786925	0.0614979295	
-7.712591296		0.8732530326	0.06175392741	
-7.697453727		0.872926624	0.06200742349	
-7.682316158		0.8725994404	0.06225840379	
-7.667178589		0.8722714552	0.0625068549	
-7.652041021		0.8719426423	0.06275276385	
-7.636903452		0.8716129751	0.06299611822	
-7.621765883		0.8712824272	0.06323690605	
-7.606628314		0.8709509725	0.06347511587	
-7.591490745		0.8706185845	0.0637107367	
-7.576353177		0.8702852369	0.06394375805	
-7.561215608		0.8699509036	0.0641741699	
-7.546078039		0.8696155583	0.06440196269	
-7.53094047		0.8692791749	0.06462712735	
-7.515802901		0.8689417273	0.06484965525	
-7.500665333		0.8686031893	0.06506953824	
-7.485527764		0.868263535	0.0652867686	
-7.470390195		0.8679227385	0.06550133908	
-7.455252626		0.8675807737	0.06571324285	
-7.440115058		0.8672376148	0.06592247352	
-7.424977489		0.866893236	0.06612902515	
-7.40983992		0.8665476117	0.06633289218	
-7.394702351		0.866200716	0.06653406952	
-7.379564782		0.8658525233	0.06673255243	
-7.364427214		0.8655030081	0.06692833661	
-7.349289645		0.8651521449	0.06712141814	
-7.334152076		0.8647999082	0.0673117935	
-7.319014507		0.8644462726	0.06749945951	
-7.303876938		0.8640912129	0.06768441341	
-7.28873937		0.8637347038	0.06786665275	
-7.273601801		0.8633767201	0.06804617548	
-7.258464232		0.8630172368	0.06822297984	
-7.243326663		0.8626562288	0.06839706446	
-7.228189095		0.8622936712	0.06856842824	
-7.213051526		0.8619295391	0.06873707043	
-7.197913957		0.8615638077	0.06890299057	
-7.182776388		0.8611964522	0.06906618851	
-7.167638819		0.8608274481	0.06922666435	
-7.152501251		0.8604567705	0.0693844185	
-7.137363682		0.8600843951	0.06953945161	
-7.122226113		0.8597102972	0.06969176461	
-7.107088544		0.8593344524	0.06984135865	
-7.091950975		0.858956836	0.06998823514	
-7.076813407		0.8585774238	0.0701323957	
-7.061675838		0.8581961911	0.0702738422	
-7.046538269		0.8578131135	0.07041257668	
-7.0314007		0.8574281663	0.07054860143	
-7.016263132		0.857041325	0.07068191893	
-7.001125563		0.8566525648	0.07081253184	
-6.985987994		0.8562618609	0.07094044303	
-6.970850425		0.8558691884	0.07106565557	
-6.955712856		0.8554745223	0.07118817269	
-6.940575288		0.8550778373	0.07130799784	
-6.925437719		0.8546791082	0.07142513462	
-6.91030015		0.8542783095	0.07153958686	
-6.895162581		0.8538754156	0.07165135854	
-6.880025013		0.8534704007	0.07176045382	
-6.864887444		0.853063239	0.07186687708	
-6.849749875		0.8526539047	0.07197063285	
-6.834612306		0.8522423717	0.07207172585	
-6.819474737		0.8518286141	0.07217016096	
-6.804337169		0.8514126059	0.07226594324	
-6.7891996		0.8509943215	0.0723590779	
-6.774062031		0.8505737351	0.07244957027	
-6.758924462		0.8501508215	0.07253742584	
-6.743786893		0.8497255557	0.07262265016	
-6.728649325		0.849297913	0.07270524888	
-6.713511756		0.8488678695	0.07278522769	
-6.698374187		0.8484354017	0.0728625923	
-6.683236618		0.8480004866	0.07293734837	
-6.66809905		0.847563102	0.07300950152	
-6.652961481		0.8471232266	0.07307905728	
-6.637823912		0.8466808395	0.07314602103	
-6.622686343		0.8462359204	0.07321039797	
-6.607548774		0.84578845	0.07327219311	
-6.592411206		0.845338409	0.07333141125	
-6.577273637		0.8448857786	0.07338805694	
-6.562136068		0.8444305404	0.0734421345	
-6.546998499		0.8439726754	0.07349364804	
-6.53186093		0.8435121647	0.07354260148	
-6.516723362		0.8430489886	0.07358899862	
-6.501585793		0.8425831265	0.07363284317	
-6.486448224		0.8421145568	0.07367413888	
-6.471310655		0.8416432564	0.0737128896	
-6.456173087		0.8411692006	0.0737490994	
-6.441035518		0.8406923631	0.07378277266	
-6.425897949		0.8402127159	0.07381391419	
-6.41076038		0.8397302294	0.07384252931	
-6.395622811		0.8392448727	0.07386862391	
-6.380485243		0.8387566138	0.07389220446	
-6.365347674		0.8382654203	0.07391327799	
-6.350210105		0.83777126	0.07393185203	
-6.335072536		0.8372741018	0.07394793445	
-6.319934967		0.8367739163	0.07396153329	
-6.304797399		0.8362706766	0.07397265647	
-6.28965983		0.8357643597	0.0739813115	
-6.274522261		0.8352549468	0.07398750512	
-6.259384692		0.8347424239	0.073991243	
-6.244247124		0.8342267826	0.07399252936	
-6.229109555		0.8337080195	0.07399136668	
-6.213971986		0.8331861368	0.07398775552	
-6.198834417		0.832661141	0.07398169437	
-6.183696848		0.8321330421	0.07397317971	
-6.16855928		0.8316018527	0.07396220617	
-6.153421711		0.8310675856	0.07394876684	
-6.138284142		0.8305302531	0.07393285371	
-6.123146573		0.8299898645	0.07391445826	
-6.108009005		0.8294464246	0.07389357207	
-6.092871436		0.8288999324	0.07387018746	
-6.077733867		0.8283503803	0.07384429812	
-6.062596298		0.8277977529	0.07381589961	
-6.047458729		0.8272420277	0.07378498968	
-6.032321161		0.8266831755	0.07375156848	
-6.017183592		0.8261211612	0.07371563849	
-6.002046023		0.825555946	0.07367720427	
-5.986908454		0.8249874888	0.07363627204	
-5.971770885		0.8244157484	0.07359284914	
-5.956633317		0.8238406858	0.07354694335	
-5.941495748		0.8232622654	0.07349856227	
-5.926358179		0.8226804572	0.07344771271	
-5.91122061		0.8220952371	0.07339440028	
-5.896083042		0.821506588	0.07333862898	
-5.880945473		0.8209144991	0.07328040114	
-5.865807904		0.820318966	0.07321971741	
-5.850670335		0.8197199895	0.07315657697	
-5.835532766		0.8191175744	0.07309097786	
-5.820395198		0.8185117282	0.07302291734	
-5.805257629		0.8179024602	0.07295239241	
-5.79012006		0.8172897797	0.07287940015	
-5.774982491		0.8166736953	0.07280393817	
-5.759844922		0.816054214	0.07272600487	
-5.744707354		0.8154313408	0.07264559968	
-5.729569785		0.8148050782	0.07256272311	
-5.714432216		0.814175426	0.07247737677	
-5.699294647		0.8135423817	0.07238956327	
-5.684157079		0.8129059404	0.07229928598	
-5.66901951		0.8122660952	0.07220654886	
-5.653881941		0.8116228378	0.07211135611	
-5.638744372		0.8109761584	0.07201371191	
-5.623606803		0.8103260464	0.07191362014	
-5.608469235		0.8096724905	0.07181108408	
-5.593331666		0.8090154792	0.07170610625	
-5.578194097		0.8083550009	0.07159868824	
-5.563056528		0.8076910443	0.07148883061	
-5.547918959		0.8070235987	0.07137653287	
-5.532781391		0.8063526541	0.07126179353	
-5.517643822		0.8056782015	0.07114461022	
-5.502506253		0.8050002335	0.07102497983	
-5.487368684		0.804318744	0.07090289871	
-5.472231116		0.8036337289	0.07077836288	
-5.457093547		0.8029451863	0.07065136827	
-5.441955978		0.8022531161	0.07052191091	
-5.426818409		0.8015575207	0.07038998712	
-5.41168084		0.8008584046	0.0702555937	
-5.396543272		0.8001557741	0.07011872797	
-5.381405703		0.7994496372	0.06997938785	
-5.366268134		0.7987400034	0.0698375719	
-5.351130565		0.7980268831	0.06969327921	
-5.335992996		0.7973102872	0.06954650939	
-5.320855428		0.7965902264	0.0693972624	
-5.305717859		0.7958667112	0.06924553849	
-5.29058029		0.7951397512	0.06909133801	
-5.275442721		0.794409355	0.06893466134	
-5.260305153		0.7936755297	0.06877550878	
-5.245167584		0.7929382812	0.06861388043	
-5.230030015		0.7921976135	0.06844977618	
-5.214892446		0.7914535295	0.06828319567	
-5.199754877		0.7907060308	0.06811413827	
-5.184617309		0.7899551175	0.06794260312	
-5.16947974		0.7892007893	0.06776858917	
-5.154342171		0.7884430449	0.06759209526	
-5.139204602		0.7876818828	0.06741312013	
-5.124067034		0.7869173013	0.06723166256	
-5.108929465		0.7861492987	0.0670477214	
-5.093791896		0.7853778737	0.06686129562	
-5.078654327		0.7846030252	0.06667238444	
-5.063516758		0.7838247527	0.06648098732	
-5.04837919		0.7830430563	0.06628710402	
-5.033241621		0.7822579365	0.06609073464	
-5.018104052		0.7814693944	0.06589187964	
-5.002966483		0.7806774318	0.06569053985	
-4.987828914		0.7798820506	0.06548671646	
-4.972691346		0.7790832536	0.06528041106	
-4.957553777		0.7782810433	0.06507162559	
-4.942416208		0.7774754227	0.06486036236	
-4.927278639		0.7766663951	0.06464662403	
-4.912141071		0.7758539634	0.06443041357	
-4.897003502		0.7750381308	0.0642117343	
-4.881865933		0.7742189002	0.06399058986	
-4.866728364		0.7733962745	0.06376698416	
-4.851590795		0.7725702564	0.06354092144	
-4.836453227		0.7717408484	0.06331240622	
-4.821315658		0.7709080526	0.06308144333	
-4.806178089		0.7700718712	0.06284803788	
-4.79104052		0.7692323062	0.06261219529	
-4.775902951		0.7683893592	0.0623739213	
-4.760765383		0.7675430319	0.06213322194	
-4.745627814		0.766693326	0.06189010362	
-4.730490245		0.7658402429	0.06164457303	
-4.715352676		0.7649837845	0.06139663727	
-4.700215108		0.7641239522	0.06114630378	
-4.685077539		0.763260748	0.06089358038	
-4.66993997		0.7623941739	0.06063847529	
-4.654802401		0.7615242323	0.06038099716	
-4.639664832		0.7606509256	0.06012115501	
-4.624527264		0.7597742568	0.05985895834	
-4.609389695		0.7588942293	0.05959441708	
-4.594252126		0.7580108469	0.05932754159	
-4.579114557		0.7571241137	0.05905834271	
-4.563976988		0.7562340345	0.05878683175	
-4.54883942		0.7553406147	0.0585130205	
-4.533701851		0.7544438603	0.0582369212	
-4.518564282		0.7535437776	0.05795854663	
-4.503426713		0.7526403741	0.05767791	
-4.488289145		0.7517336576	0.05739502507	
-4.473151576		0.7508236367	0.05710990606	
-4.458014007		0.749910321	0.05682256772	
-4.442876438		0.7489937204	0.05653302528	
-4.427738869		0.7480738462	0.05624129448	
-4.412601301		0.7471507102	0.05594739159	
-4.397463732		0.746224325	0.05565133335	
-4.382326163		0.7452947044	0.05535313705	
-4.367188594		0.7443618628	0.05505282047	
-4.352051026		0.7434258159	0.0547504019	
-4.336913457		0.7424865802	0.05444590016	
-4.321775888		0.7415441731	0.05413933457	
-4.306638319		0.7405986131	0.05383072498	
-4.29150075		0.7396499198	0.05352009175	
-4.276363182		0.7386981139	0.05320745575	
-4.261225613		0.7377432171	0.05289283841	
-4.246088044		0.7367852522	0.05257626163	
-4.230950475		0.735824243	0.05225774787	
-4.215812906		0.7348602146	0.05193732011	
-4.200675338		0.7338931932	0.05161500186	
-4.185537769		0.7329232061	0.05129081716	
-4.1704002		0.7319502816	0.05096479057	
-4.155262631		0.7309744493	0.05063694721	
-4.140125063		0.7299957398	0.05030731273	
-4.124987494		0.729014185	0.04997591332	
-4.109849925		0.7280298176	0.04964277571	
-4.094712356		0.7270426716	0.04930792721	
-4.079574787		0.726052782	0.04897139565	
-4.064437219		0.7250601849	0.04863320943	
-4.04929965		0.7240649173	0.04829339754	
-4.034162081		0.7230670173	0.04795198951	
-4.019024512		0.7220665237	0.04760901547	
-4.003886943		0.7210634766	0.04726450611	
-3.988749375		0.7200579166	0.04691849273	
-3.973611806		0.7190498852	0.04657100723	
-3.958474237		0.7180394248	0.04622208211	
-3.943336668		0.7170265784	0.04587175049	
-3.9281991		0.7160113897	0.04552004611	
-3.913061531		0.714993903	0.04516700336	
-3.897923962		0.7139741629	0.04481265727	
-3.882786393		0.7129522149	0.04445704353	
-3.867648824		0.7119281045	0.04410019851	
-3.852511256		0.7109018779	0.04374215925	
-3.837373687		0.7098735812	0.0433829635	
-3.822236118		0.7088432609	0.04302264974	
-3.807098549		0.7078109635	0.04266125715	
-3.79196098		0.7067767359	0.04229882566	
-3.776823412		0.7057406244	0.04193539598	
-3.761685843		0.7047026758	0.04157100958	
-3.746548274		0.7036629363	0.04120570872	
-3.731410705		0.7026214521	0.04083953648	
-3.716273137		0.7015782689	0.04047253676	
-3.701135568		0.7005334324	0.04010475433	
-3.685997999		0.6994869875	0.03973623479	
-3.67086043		0.6984389788	0.03936702463	
-3.655722861		0.6973894503	0.03899717124	
-3.640585293		0.6963384456	0.03862672294	
-3.625447724		0.6952860074	0.03825572895	
-3.610310155		0.6942321778	0.03788423946	
-3.595172586		0.6931769984	0.03751230561	
-3.580035018		0.6921205098	0.03713997952	
-3.564897449		0.6910627521	0.03676731428	
-3.54975988		0.6900037644	0.03639436401	
-3.534622311		0.6889435852	0.03602118381	
-3.519484742		0.6878822521	0.03564782981	
-3.504347174		0.6868198022	0.03527435916	
-3.489209605		0.6857562715	0.03490083002	
-3.474072036		0.6846916956	0.03452730161	
-3.458934467		0.6836261092	0.03415383415	
-3.443796898		0.6825595466	0.0337804889	
-3.42865933		0.6814920413	0.03340732812	
-3.413521761		0.6804236264	0.03303441509	
-3.398384192		0.6793543347	0.03266181407	
-3.383246623		0.6782841984	0.03228959032	
-3.368109055		0.6772132495	0.03191781003	
-3.352971486		0.67614152	0.03154654035	
-3.337833917		0.6750690416	0.03117584931	
-3.322696348		0.6739958463	0.03080580583	
-3.307558779		0.672921966	0.03043647966	
-3.292421211		0.6718474332	0.03006794134	
-3.277283642		0.6707722806	0.02970026218	
-3.262146073		0.6696965416	0.02933351418	
-3.247008504		0.6686202503	0.02896776998	
-3.231870935		0.6675434415	0.02860310283	
-3.216733367		0.6664661514	0.02823958649	
-3.201595798		0.665388417	0.02787729519	
-3.186458229		0.6643102767	0.02751630356	
-3.17132066		0.6632317704	0.02715668652	
-3.156183092		0.6621529398	0.02679851923	
-3.141045523		0.661073828	0.02644187703	
-3.125907954		0.6599944802	0.02608683528	
-3.110770385		0.6589149438	0.02573346935	
-3.095632816		0.6578352682	0.02538185448	
-3.080495248		0.6567555051	0.02503206567	
-3.065357679		0.6556757087	0.02468417765	
-3.05022011		0.6545959358	0.02433826468	
-3.035082541		0.6535162457	0.02399440055	
-3.019944972		0.6524367006	0.02365265837	
-3.004807404		0.6513573653	0.02331311056	
-2.989669835		0.6502783078	0.02297582868	
-2.974532266		0.6491995988	0.02264088334	
-2.959394697		0.648121312	0.0223083441	
-2.944257129		0.6470435243	0.02197827935	
-2.92911956		0.6459663153	0.0216507562	
-2.913981991		0.644889768	0.0213258404	
-2.898844422		0.643813968	0.02100359621	
-2.883706853		0.6427390042	0.02068408631	
-2.868569285		0.6416649682	0.0203673717	
-2.853431716		0.6405919546	0.02005351159	
-2.838294147		0.6395200605	0.01974256333	
-2.823156578		0.6384493861	0.01943458231	
-2.80801901		0.6373800336	0.01912962187	
-2.792881441		0.6363121081	0.01882773324	
-2.777743872		0.6352457167	0.01852896542	
-2.762606303		0.6341809687	0.01823336517	
-2.747468734		0.6331179754	0.0179409769	
-2.732331166		0.6320568498	0.01765184261	
-2.717193597		0.6309977065	0.01736600187	
-2.702056028		0.6299406614	0.01708349175	
-2.686918459		0.6288858317	0.01680434677	
-2.67178089		0.6278333354	0.01652859888	
-2.656643322		0.6267832911	0.01625627742	
-2.641505753		0.6257358182	0.01598740913	
-2.626368184		0.624691036	0.01572201808	
-2.611230615		0.6236490639	0.01546012569	
-2.596093047		0.6226100211	0.01520175073	
-2.580955478		0.621574026	0.01494690932	
-2.565817909		0.6205411964	0.01469561495	
-2.55068034		0.6195116492	0.01444787844	
-2.535542771		0.6184854997	0.01420370806	
-2.520405203		0.6174628618	0.01396310947	
-2.505267634		0.6164438478	0.01372608577	
-2.490130065		0.6154285677	0.01349263758	
-2.474992496		0.6144171294	0.01326276305	
-2.459854927		0.6134096383	0.0130364579	
-2.444717359		0.612406197	0.01281371551	
-2.42957979		0.6114069054	0.01259452693	
-2.414442221		0.6104118602	0.01237888098	
-2.399304652		0.6094211547	0.0121667643	
-2.384167084		0.6084348789	0.0119581614	
-2.369029515		0.607453119	0.01175305477	
-2.353891946		0.6064759575	0.01155142493	
-2.338754377		0.6055034731	0.01135325051	
-2.323616808		0.6045357402	0.01115850833	
-2.30847924		0.6035728292	0.01096717346	
-2.293341671		0.6026148062	0.01077921935	
-2.278204102		0.6016617329	0.01059461788	
-2.263066533		0.6007136665	0.01041333942	
-2.247928964		0.5997706599	0.01023535298	
-2.232791396		0.5988327614	0.01006062624	
-2.217653827		0.5979000147	0.00988912564	
-2.202516258		0.5969724588	0.009720816499	
-2.187378689		0.5960501285	0.009555663061	
-2.172241121		0.5951330536	0.009393628595	
-2.157103552		0.5942212597	0.009234675473	
-2.141965983		0.5933147676	0.009078765253	
-2.126828414		0.5924135938	0.008925858753	
-2.111690845		0.5915177505	0.008775916132	
-2.096553277		0.5906272452	0.008628896962	
-2.081415708		0.5897420816	0.008484760306	
-2.066278139		0.5888622589	0.008343464784	
-2.05114057		0.5879877724	0.008204968642	
-2.036003002		0.5871186134	0.008069229823	
-2.020865433		0.5862547692	0.007936206026	
-2.005727864		0.5853962237	0.00780585477	
-1.990590295		0.5845429568	0.00767813345	
-1.975452726		0.5836949454	0.007552999396	
-1.960315158		0.5828521626	0.007430409925	
-1.945177589		0.5820145787	0.007310322392	
-1.93004002		0.5811821607	0.007192694237	
-1.914902451		0.5803548727	0.007077483032	
-1.899764882		0.5795326764	0.006964646521	
-1.884627314		0.5787155305	0.006854142665	
-1.869489745		0.5779033914	0.006745929672	
-1.854352176		0.5770962134	0.00663996604	
-1.839214607		0.5762939484	0.006536210583	
-1.824077039		0.5754965464	0.006434622465	
-1.80893947		0.5747039556	0.006335161225	
-1.793801901		0.5739161226	0.006237786805	
-1.778664332		0.5731329924	0.006142459571	
-1.763526763		0.5723545086	0.006049140336	
-1.748389195		0.5715806135	0.005957790377	
-1.733251626		0.5708112484	0.005868371456	
-1.718114057		0.5700463536	0.005780845829	
-1.702976488		0.5692858686	0.005695176268	
-1.687838919		0.5685297321	0.005611326064	
-1.672701351		0.5677778823	0.005529259045	
-1.657563782		0.5670302569	0.005448939581	
-1.642426213		0.5662867933	0.005370332591	
-1.627288644		0.5655474285	0.005293403551	
-1.612151076		0.5648120996	0.0052181185	
-1.597013507		0.5640807436	0.005144444039	
-1.581875938		0.5633532975	0.005072347341	
-1.566738369		0.5626296984	0.005001796145	
-1.5516008		0.5619098839	0.004932758763	
-1.536463232		0.5611937917	0.004865204075	
-1.521325663		0.5604813599	0.004799101532	
-1.506188094		0.5597725272	0.004734421153	
-1.491050525		0.5590672328	0.004671133522	
-1.475912956		0.5583654165	0.004609209786	
-1.460775388		0.5576670187	0.004548621651	
-1.445637819		0.5569719805	0.004489341379	
-1.43050025		0.5562802439	0.004431341781	
-1.415362681		0.5555917516	0.004374596217	
-1.400225113		0.5549064472	0.004319078584	
-1.385087544		0.554224275	0.004264763317	
-1.369949975		0.5535451804	0.004211625378	
-1.354812406		0.5528691096	0.004159640253	
-1.339674837		0.5521960097	0.004108783944	
-1.324537269		0.551525829	0.004059032963	
-1.3093997		0.5508585166	0.004010364325	
-1.294262131		0.5501940225	0.003962755541	
-1.279124562		0.5495322977	0.003916184611	
-1.263986993		0.5488732943	0.003870630015	
-1.248849425		0.548216965	0.003826070706	
-1.233711856		0.5475632631	0.003782486102	
-1.218574287		0.5469121423	0.003739856076	
-1.203436718		0.5462635556	0.003698160941	
-1.18829915		0.5456174539	0.003657381436	
-1.173161581		0.5449737827	0.003617498695	
-1.158024012		0.5443324748	0.003578494195	
-1.142886443		0.5436934364	0.003540349662	
-1.127748874		0.5430565177	0.003503046884	
-1.112611306		0.5424214535	0.003466567335	
-1.097473737		0.5417877447	0.003430891455	
-1.082336168		0.541154429	0.003395997265	
-1.067198599		0.5405196766	0.003361857969	
-1.052061031		0.5398802189	0.003328438655	
-1.036923462		0.5392310693	0.003295694934	
-1.021785893		0.5385672129	0.003263583592	
-1.006648324		0.5378894402	0.003232097577	
-0.9915107554		0.5372100634	0.003201298568	
-0.9763731866		0.5365461091	0.003171273936	
-0.9612356178		0.5359050375	0.003142052043	
-0.946098049		0.5352832234	0.003113595797	
-0.9309604802		0.5346738783	0.003085850962	
-0.9158229115		0.5340718489	0.003058774289	
-0.9006853427		0.5334741786	0.003032336272	
-0.8855477739		0.532879362	0.003006516422	
-0.8704102051		0.5322866689	0.002981299143	
-0.8552726363		0.5316957478	0.002956671354	
-0.8401350675		0.5311064251	0.002932621292	
-0.8249974987		0.5305186092	0.002909137941	
-0.80985993		0.5299322459	0.002886210772	
-0.7947223612		0.5293472983	0.002863829619	
-0.7795847924		0.5287637372	0.002841984616	
-0.7644472236		0.528181537	0.002820666175	
-0.7493096548		0.5276006737	0.002799864965	
-0.734172086		0.5270211242	0.002779571901	
-0.7190345173		0.5264428655	0.002759778145	
-0.7038969485		0.5258658748	0.002740475089	
-0.6887593797		0.5252901295	0.002721654359	
-0.6736218109		0.5247156067	0.002703307807	
-0.6584842421		0.5241422837	0.002685427504	
-0.6433466733		0.5235701375	0.00266800574	
-0.6282091046		0.5229991453	0.002651035018	
-0.6130715358		0.5224292839	0.002634508048	
-0.597933967		0.5218605301	0.002618417745	
-0.5827963982		0.5212928605	0.002602757226	
-0.5676588294		0.5207262515	0.002587519802	
-0.5525212606		0.5201606795	0.002572698979	
-0.5373836918		0.5195961204	0.002558288452	
-0.5222461231		0.5190325503	0.002544282101	
-0.5071085543		0.5184699449	0.002530673989	
-0.4919709855		0.5179082796	0.002517458357	
-0.4768334167		0.5173475297	0.002504629624	
-0.4616958479		0.5167876702	0.002492182378	
-0.4465582791		0.516228676	0.00248011138	
-0.4314207104		0.5156705216	0.002468411554	
-0.4162831416		0.5151131814	0.002457077989	
-0.4011455728		0.5145566295	0.002446105937	
-0.386008004		0.5140008398	0.002435490804	
-0.3708704352		0.513445786	0.002425228154	
-0.3557328664		0.5128914414	0.002415313702	
-0.3405952976		0.5123377792	0.002405743315	
-0.3254577289		0.5117847723	0.002396513007	
-0.3103201601		0.5112323934	0.002387618938	
-0.2951825913		0.5106806151	0.00237905741	
-0.2800450225		0.5101294095	0.002370824869	
-0.2649074537		0.5095787488	0.002362917896	
-0.2497698849		0.5090286047	0.002355333213	
-0.2346323162		0.508478949	0.002348067676	
-0.2194947474		0.507929753	0.002341118274	
-0.2043571786		0.507380988	0.002334482126	
-0.1892196098		0.5068326251	0.002328156484	
-0.174082041		0.5062846353	0.002322138727	
-0.1589444722		0.5057369892	0.002316426359	
-0.1438069035		0.5051896575	0.002311017011	
-0.1286693347		0.5046426106	0.002305908438	
-0.1135317659		0.504095819	0.002301098516	
-0.0983941971		0.5035492529	0.002296585243	
-0.08325662831		0.5030028823	0.002292366737	
-0.06811905953		0.5024566775	0.002288441234	
-0.05298149075		0.5019106082	0.002284807089	
-0.03784392196		0.5013646446	0.002281462771	
-0.02270635318		0.5008187564	0.002278406868	
-0.007568784392		0.5002729134	0.00227563808	
0.007568784392		0.4997270856	0.002273155222	
0.02270635318		0.4991812428	0.002270957222	
0.03784392196		0.4986353546	0.002269043121	
0.05298149075		0.498089391	0.00226741207	
0.06811905953		0.4975433219	0.002266063334	
0.08325662831		0.4969971172	0.002264996285	
0.0983941971		0.4964507468	0.002264210407	
0.1135317659		0.4959041808	0.002263705294	
0.1286693347		0.4953573894	0.002263480648	
0.1438069035		0.4948103428	0.002263536282	
0.1589444722		0.4942630113	0.002263872114	
0.174082041		0.4937153653	0.002264488174	
0.1892196098		0.4931673757	0.002265384598	
0.2043571786		0.4926190129	0.002266561631	
0.2194947474		0.4920702481	0.002268019627	
0.2346323162		0.4915210523	0.002269759046	
0.2497698849		0.4909713966	0.002271780457	
0.2649074537		0.4904212526	0.002274084537	
0.2800450225		0.4898705919	0.002276672073	
0.2951825913		0.4893193862	0.002279543958	
0.3103201601		0.4887676078	0.002282701195	
0.3254577289		0.4882152287	0.002286144895	
0.3405952976		0.4876622217	0.002289876281	
0.3557328664		0.4871085592	0.002293896682	
0.3708704352		0.4865542143	0.002298207541	
0.386008004		0.4859991602	0.002302810408	
0.4011455728		0.4854433701	0.002307706946	
0.4162831416		0.4848868179	0.00231289893	
0.4314207104		0.4843294774	0.002318388246	
0.4465582791		0.4837713226	0.002324176895	
0.4616958479		0.4832123281	0.002330266988	
0.4768334167		0.4826524684	0.002336660755	
0.4919709855		0.4820917183	0.002343360537	
0.5071085543		0.4815300529	0.002350368793	
0.5222461231		0.4809674474	0.002357688099	
0.5373836918		0.4804038773	0.002365321147	
0.5525212606		0.4798393184	0.002373270748	
0.5676588294		0.4792737464	0.002381539834	
0.5827963982		0.4787071377	0.002390131455	
0.597933967		0.4781394684	0.002399048785	
0.6130715358		0.477570715	0.002408295119	
0.6282091046		0.477000854	0.002417873876	
0.6433466733		0.4764298623	0.0024277886	
0.6584842421		0.4758577166	0.00243804296	
0.6736218109		0.475284394	0.002448640753	
0.6887593797		0.4747098716	0.002459585903	
0.7038969485		0.4741341266	0.002470882466	
0.7190345173		0.4735571363	0.002482534625	
0.734172086		0.4729788779	0.002494546699	
0.7493096548		0.4723993287	0.002506923137	
0.7644472236		0.4718184657	0.002519668523	
0.7795847924		0.4712362657	0.002532787575	
0.7947223612		0.4706527046	0.002546285143	
0.80985993		0.4700677569	0.002560166209	
0.8249974987		0.4694813935	0.002574435872	
0.8401350675		0.4688935773	0.002589099333	
0.8552726363		0.4683042544	0.002604161837	
0.8704102051		0.4677133331	0.002619628557	
0.8855477739		0.4671206398	0.002635504341	
0.9006853427		0.466525823	0.002651793146	
0.9158229115		0.4659281524	0.002668496851	
0.9309604802		0.4653261226	0.002685612883	
0.946098049		0.464716777	0.002703130103	
0.9612356178		0.4640949624	0.002721024085	
0.9763731866		0.4634538904	0.002739259883	
0.9915107554		0.4627899356	0.002757820166	
1.006648324		0.4621105584	0.002776753533	
1.021785893		0.4614327852	0.002796168087	
1.036923462		0.4607689285	0.002816146726	
1.052061031		0.4601197786	0.002836704126	
1.067198599		0.4594803205	0.002857819304	
1.082336168		0.4588455678	0.002879470627	
1.097473737		0.4582122519	0.002901646459	
1.112611306		0.4575785429	0.002924343817	
1.127748874		0.4569434788	0.002947565074	
1.142886443		0.4563065601	0.002971315571	
1.158024012		0.455667522	0.00299560224	
1.173161581		0.4550262144	0.00302043289	
1.18829915		0.4543825437	0.003045815838	
1.203436718		0.4537364425	0.003071759734	
1.218574287		0.4530878562	0.003098273467	
1.233711856		0.4524367358	0.003125366127	
1.248849425		0.4517830344	0.003153046977	
1.263986993		0.4511267055	0.003181325449	
1.279124562		0.4504677026	0.00321021113	
1.294262131		0.4498059783	0.003239713764	
1.3093997		0.4491414848	0.00326984325	
1.324537269		0.4484741728	0.003300609634	
1.339674837		0.4478039926	0.003332023115	
1.354812406		0.4471308931	0.003364094037	
1.369949975		0.4464548225	0.003396832887	
1.385087544		0.445775728	0.003430250298	
1.400225113		0.4450935558	0.003464357038	
1.415362681		0.4444082513	0.003499164015	
1.43050025		0.4437197589	0.003534682269	
1.445637819		0.4430280221	0.003570922969	
1.460775388		0.4423329837	0.003607897408	
1.475912956		0.4416345856	0.003645617003	
1.491050525		0.4409327689	0.003684093285	
1.506188094		0.4402274741	0.003723337897	
1.521325663		0.4395186411	0.003763362586	
1.536463232		0.4388062089	0.003804179201	
1.5516008		0.4380901163	0.003845799682	
1.566738369		0.4373703014	0.003888236054	
1.581875938		0.436646702	0.003931500424	
1.597013507		0.4359192556	0.003975604964	
1.612151076		0.4351878993	0.004020561913	
1.627288644		0.4344525702	0.004066383559	
1.642426213		0.4337132054	0.004113082233	
1.657563782		0.4329697416	0.004160670299	
1.672701351		0.4322221162	0.004209160143	
1.687838919		0.4314702665	0.004258564156	
1.702976488		0.4307141301	0.00430889473	
1.718114057		0.4299536452	0.004360164237	
1.733251626		0.4291887506	0.004412385021	
1.748389195		0.4284193857	0.004465569377	
1.763526763		0.4276454909	0.00451972954	
1.778664332		0.4268670073	0.004574877668	
1.793801901		0.4260838774	0.004631025821	
1.80893947		0.4252960447	0.004688185946	
1.824077039		0.4245034542	0.004746369857	
1.839214607		0.4237060524	0.004805589216	
1.854352176		0.4229037875	0.004865855508	
1.869489745		0.4220966096	0.004927180024	
1.884627314		0.4212844706	0.004989573834	
1.899764882		0.4204673247	0.005053047766	
1.914902451		0.4196451284	0.00511761238	
1.93004002		0.4188178404	0.005183277943	
1.945177589		0.4179854222	0.0052500544	
1.960315158		0.4171478381	0.00531795135	
1.975452726		0.4163050551	0.005386978016	
1.990590295		0.4154570434	0.005457143216	
2.005727864		0.4146037763	0.005528455332	
2.020865433		0.4137452304	0.005600922283	
2.036003002		0.4128813859	0.005674551489	
2.05114057		0.4120122266	0.005749349844	
2.066278139		0.4111377398	0.005825323679	
2.081415708		0.4102579168	0.005902478733	
2.096553277		0.4093727529	0.005980820118	
2.111690845		0.4084822475	0.006060352285	
2.126828414		0.4075864039	0.006141078992	
2.141965983		0.4066852301	0.006223003271	
2.157103552		0.4057787379	0.00630612739	
2.172241121		0.404866944	0.006390452825	
2.187378689		0.4039498691	0.006475980224	
2.202516258		0.4030275389	0.006562709372	
2.217653827		0.4020999833	0.006650639166	
2.232791396		0.4011672368	0.006739767574	
2.247928964		0.4002293386	0.006830091612	
2.263066533		0.3992863323	0.006921607309	
2.278204102		0.3983382664	0.00701430968	
2.293341671		0.3973851934	0.007108192702	
2.30847924		0.3964271708	0.007203249279	
2.323616808		0.3954642603	0.007299471228	
2.338754377		0.3944965278	0.007396849246	
2.353891946		0.3935240439	0.007495372896	
2.369029515		0.3925468828	0.007595030583	
2.384167084		0.3915651233	0.00769580954	
2.399304652		0.3905788478	0.007797695808	
2.414442221		0.3895881426	0.007900674228	
2.42957979		0.3885930976	0.008004728428	
2.444717359		0.3875938062	0.008109840811	
2.459854927		0.386590365	0.008215992557	
2.474992496		0.3855828739	0.008323163614	
2.490130065		0.3845714356	0.008431332697	
2.505267634		0.3835561554	0.008540477296	
2.520405203		0.3825371412	0.008650573674	
2.535542771		0.3815145032	0.008761596879	
2.55068034		0.3804883534	0.008873520754	
2.565817909		0.3794588058	0.008986317951	
2.580955478		0.3784259759	0.009099959946	
2.596093047		0.3773899804	0.00921441706	
2.611230615		0.3763509371	0.00932965848	
2.626368184		0.3753089645	0.009445652285	
2.641505753		0.3742641819	0.009562365474	
2.656643322		0.3732167085	0.009679763998	
2.67178089		0.3721666638	0.009797812789	
2.686918459		0.371114167	0.009916475802	
2.702056028		0.3700593369	0.01003571605	
2.717193597		0.3690022914	0.01015549565	
2.732331166		0.3679431478	0.01027577585	
2.747468734		0.3668820219	0.0103965171	
2.762606303		0.3658190284	0.01051767908	
2.777743872		0.3647542802	0.01063922077	
2.792881441		0.3636878887	0.01076110048	
2.80801901		0.3626199632	0.01088327591	
2.823156578		0.3615506107	0.0110057042	
2.838294147		0.3604799363	0.01112834202	
2.853431716		0.3594080424	0.01125114558	
2.868569285		0.358335029	0.01137407071	
2.883706853		0.3572609933	0.01149707295	
2.898844422		0.3561860297	0.01162010755	
2.913981991		0.3551102301	0.01174312956	
2.92911956		0.3540336831	0.01186609393	
2.944257129		0.3529564746	0.01198895549	
2.959394697		0.3518786872	0.01211166908	
2.974532266		0.3508004009	0.01223418959	
2.989669835		0.3497216922	0.01235647202	
3.004807404		0.3486426351	0.01247847152	
3.019944972		0.3475633003	0.01260014348	
3.035082541		0.3464837555	0.01272144358	
3.05022011		0.3454040657	0.01284232784	
3.065357679		0.3443242931	0.01296275269	
3.080495248		0.343244497	0.013082675	
3.095632816		0.3421647341	0.01320205216	
3.110770385		0.3410850586	0.01332084212	
3.125907954		0.3400055223	0.01343900344	
3.141045523		0.3389261747	0.01355649534	
3.156183092		0.3378470629	0.01367327773	
3.17132066		0.3367682321	0.01378931129	
3.186458229		0.3356897258	0.01390455748	
3.201595798		0.3346115853	0.01401897858	
3.216733367		0.3335338507	0.01413253775	
3.231870935		0.3324565603	0.01424519905	
3.247008504		0.3313797513	0.01435692745	
3.262146073		0.3303034597	0.01446768891	
3.277283642		0.3292277203	0.01457745035	
3.292421211		0.3281525674	0.01468617972	
3.307558779		0.3270780342	0.014793846	
3.322696348		0.3260041536	0.0149004192	
3.337833917		0.3249309579	0.01500587043	
3.352971486		0.3238584791	0.01511017186	
3.368109055		0.3227867493	0.01521329676	
3.383246623		0.3217158001	0.01531521948	
3.398384192		0.3206456635	0.01541591551	
3.413521761		0.3195763715	0.01551536142	
3.42865933		0.3185079565	0.01561353492	
3.443796898		0.317440451	0.0157104148	
3.458934467		0.3163738883	0.01580598098	
3.474072036		0.3153083019	0.01590021446	
3.489209605		0.314243726	0.01599309737	
3.504347174		0.3131801955	0.01608461289	
3.519484742		0.3121177457	0.01617474529	
3.534622311		0.3110564129	0.01626347991	
3.54975988		0.309996234	0.01635080313	
3.564897449		0.3089372466	0.01643670235	
3.580035018		0.3078794893	0.016521166	
3.595172586		0.3068230012	0.01660418352	
3.610310155		0.3057678223	0.01668574529	
3.625447724		0.3047139932	0.01676584268	
3.640585293		0.3036615556	0.01684446798	
3.655722861		0.3026105514	0.01692161439	
3.67086043		0.3015610235	0.01699727601	
3.685997999		0.3005130153	0.0170714478	
3.701135568		0.299466571	0.01714412555	
3.716273137		0.2984217349	0.01721530587	
3.731410705		0.2973785522	0.01728498618	
3.746548274		0.2963370683	0.01735316464	
3.761685843		0.295297329	0.01741984016	
3.776823412		0.2942593806	0.01748501236	
3.79196098		0.2932232692	0.01754868155	
3.807098549		0.2921890414	0.01761084869	
3.822236118		0.2911567439	0.01767151538	
3.837373687		0.2901264232	0.01773068385	
3.852511256		0.2890981259	0.01778835689	
3.867648824		0.2880718985	0.01784453786	
3.882786393		0.2870477873	0.01789923065	
3.897923962		0.2860258382	0.01795243966	
3.913061531		0.285006097	0.01800416978	
3.9281991		0.2839886089	0.01805442637	
3.943336668		0.2829734188	0.01810321523	
3.958474237		0.2819605708	0.01815054255	
3.973611806		0.2809501088	0.01819641496	
3.988749375		0.2799420758	0.01824083945	
4.003886943		0.2789365142	0.01828382335	
4.019024512		0.2779334654	0.01832537435	
4.034162081		0.2769329703	0.01836550043	
4.04929965		0.2759350689	0.01840420991	
4.064437219		0.2749398001	0.01844151136	
4.079574787		0.2739472021	0.01847741362	
4.094712356		0.2729573119	0.01851192578	
4.109849925		0.2719701657	0.01854505717	
4.124987494		0.2709857985	0.01857681734	
4.140125063		0.2700042443	0.01860721602	
4.155262631		0.269025536	0.01863626317	
4.1704002		0.2680497055	0.01866396889	
4.185537769		0.2670767834	0.01869034347	
4.200675338		0.2661067992	0.01871539735	
4.215812906		0.2651397814	0.01873914111	
4.230950475		0.2641757572	0.01876158547	
4.246088044		0.2632147527	0.01878274126	
4.261225613		0.2622567929	0.01880261944	
4.276363182		0.2613019017	0.01882123106	
4.29150075		0.2603501016	0.01883858729	
4.306638319		0.2594014144	0.01885469936	
4.321775888		0.2584558605	0.01886957861	
4.336913457		0.2575134592	0.01888323645	
4.352051026		0.2565742289	0.01889568436	
4.367188594		0.2556381869	0.01890693387	
4.382326163		0.2547053494	0.01891699658	
4.397463732		0.2537757317	0.01892588416	
4.412601301		0.2528493482	0.01893360831	
4.427738869		0.2519262121	0.01894018078	
4.442876438		0.2510063362	0.01894561336	
4.458014007		0.2500897319	0.01894991788	
4.473151576		0.2491764102	0.01895310622	
4.488289145		0.2482663812	0.01895519026	
4.503426713		0.2473596541	0.01895618195	
4.518564282		0.2464562377	0.01895609323	
4.533701851		0.24555614	0.01895493608	
4.54883942		0.2446593684	0.01895272251	
4.563976988		0.2437659297	0.01894946455	
4.579114557		0.2428758302	0.01894517423	
4.594252126		0.2419890758	0.01893986362	
4.609389695		0.2411056718	0.01893354479	
4.624527264		0.2402256232	0.01892622984	
4.639664832		0.2393489346	0.01891793088	
4.654802401		0.2384756102	0.01890866002	
4.66993997		0.2376056538	0.01889842939	
4.685077539		0.236739069	0.01888725113	
4.700215108		0.2358758591	0.01887513738	
4.715352676		0.235016027	0.01886210028	
4.730490245		0.2341595755	0.01884815199	
4.745627814		0.2333065068	0.01883330465	
4.760765383		0.2324568232	0.0188175704	
4.775902951		0.2316105266	0.01880096139	
4.79104052		0.2307676185	0.01878348974	
4.806178089		0.2299281002	0.01876516756	
4.821315658		0.2290919729	0.01874600695	
4.836453227		0.2282592373	0.01872601999	
4.851590795		0.227429894	0.01870521872	
4.866728364		0.2266039433	0.01868361517	
4.881865933		0.2257813853	0.01866122132	
4.897003502		0.22496222	0.01863804914	
4.912141071		0.2241464472	0.01861411053	
4.927278639		0.2233340666	0.01858941737	
4.942416208		0.2225250781	0.01856398149	
4.957553777		0.2217194814	0.01853781469	
4.972691346		0.2209172767	0.01851092872	
4.987828914		0.2201184642	0.01848333529	
5.002966483		0.2193230447	0.01845504607	
5.018104052		0.2185310192	0.0184260727	
5.033241621		0.2177423896	0.01839642678	
5.04837919		0.2169571583	0.01836611991	
5.063516758		0.2161753284	0.01833516362	
5.078654327		0.2153969037	0.01830356946	
5.093791896		0.2146218889	0.01827134896	
5.108929465		0.2138502894	0.01823851361	
5.124067034		0.2130821112	0.01820507491	
5.139204602		0.212317361	0.01817104434	
5.154342171		0.2115560455	0.01813643333	
5.16947974		0.2107981722	0.01810125332	
5.184617309		0.2100437479	0.01806551567	
5.199754877		0.2092927796	0.01802923171	
5.214892446		0.2085452735	0.01799241266	
5.230030015		0.207801235	0.01795506968	
5.245167584		0.2070606685	0.01791721379	
5.260305153		0.2063235771	0.01787885587	
5.275442721		0.2055899626	0.01784000662	
5.29058029		0.2048598251	0.01780067657	
5.305717859		0.2041331636	0.01776087603	
5.320855428		0.2034099753	0.01772061511	
5.335992996		0.2026902566	0.01767990365	
5.351130565		0.2019740027	0.01763875128	
5.366268134		0.2012612085	0.01759716739	
5.381405703		0.2005518683	0.01755516114	
5.396543272		0.1998459771	0.0175127415	
5.41168084		0.19914353	0.01746991723	
5.426818409		0.1984445234	0.01742669696	
5.441955978		0.1977489549	0.0173830892	
5.457093547		0.1970568238	0.01733910237	
5.472231116		0.196368131	0.01729474485	
5.487368684		0.195682879	0.01725002503	
5.502506253		0.1950010724	0.0172049513	
5.517643822		0.1943227171	0.01715953215	
5.532781391		0.1936478204	0.01711377612	
5.547918959		0.1929763908	0.01706769187	
5.563056528		0.1923084374	0.01702128817	
5.578194097		0.1916439698	0.01697457386	
5.593331666		0.1909829975	0.01692755786	
5.608469235		0.1903255297	0.01688024915	
5.623606803		0.1896715751	0.01683265666	
5.638744372		0.189021141	0.01678478924	
5.653881941		0.1883742334	0.01673665556	
5.66901951		0.1877308567	0.01668826403	
5.684157079		0.1870910127	0.01663962267	
5.699294647		0.186454701	0.01659073898	
5.714432216		0.185821918	0.0165416199	
5.729569785		0.1851926567	0.01649227161	
5.744707354		0.1845669067	0.01644269954	
5.759844922		0.1839446536	0.01639290825	
5.774982491		0.1833258789	0.01634290144	
5.79012006		0.1827105606	0.01629268196	
5.805257629		0.1820986729	0.01624225192	
5.820395198		0.1814901873	0.01619161279	
5.835532766		0.180885073	0.01614076558	
5.850670335		0.1802832984	0.01608971111	
5.865807904		0.179684832	0.0160384502	
5.880945473		0.1790896439	0.01598698399	
5.896083042		0.1784977073	0.0159353142	
5.91122061		0.1779089997	0.01588344337	
5.926358179		0.1773235041	0.015831375	
5.941495748		0.1767412098	0.01577911376	
5.956633317		0.1761621125	0.01572666541	
5.971770885		0.1755862146	0.01567403682	
5.986908454		0.1750135243	0.01562123575	
6.002046023		0.1744440545	0.01556827064	
6.017183592		0.1738778209	0.01551515026	
6.032321161		0.1733148407	0.01546188341	
6.047458729		0.1727551303	0.01540847851	
6.062596298		0.1721987032	0.01535494329	
6.077733867		0.1716455683	0.01530128451	
6.092871436		0.1710957285	0.01524750779	
6.108009005		0.1705491799	0.01519361745	
6.123146573		0.1700059112	0.01513961658	
6.138284142		0.1694659041	0.0150855071	
6.153421711		0.168929134	0.01503128993	
6.16855928		0.1683955712	0.01497696526	
6.183696848		0.1678651822	0.01492253279	
6.198834417		0.1673379317	0.014867992	
6.213971986		0.1668137836	0.01481334244	
6.229109555		0.1662927034	0.01475858391	
6.244247124		0.1657746584	0.01470371665	
6.259384692		0.1652596195	0.0146487414	
6.274522261		0.1647475615	0.0145936595	
6.28965983		0.1642384631	0.01453847281	
6.304797399		0.1637323071	0.0144831837	
6.319934967		0.1632290797	0.01442779491	
6.335072536		0.1627287704	0.01437230945	
6.350210105		0.1622313708	0.01431673047	
6.365347674		0.1617368737	0.01426106111	
6.380485243		0.161245273	0.01420530438	
6.395622811		0.1607565621	0.01414946308	
6.41076038		0.1602707337	0.01409353967	
6.425897949		0.1597877789	0.01403753628	
6.441035518		0.1593076871	0.0139814546	
6.456173087		0.1588304458	0.01392529594	
6.471310655		0.1583560398	0.01386906117	
6.486448224		0.1578844518	0.01381275079	
6.501585793		0.1574156625	0.01375636496	
6.516723362		0.1569496502	0.01369990352	
6.53186093		0.1564863916	0.01364336609	
6.546998499		0.1560258617	0.01358675207	
6.562136068		0.1555680344	0.01353006071	
6.577273637		0.1551128826	0.01347329118	
6.592411206		0.1546603785	0.01341644258	
6.607548774		0.1542104941	0.01335951399	
6.622686343		0.153763201	0.01330250452	
6.637823912		0.1533184711	0.01324541329	
6.652961481		0.1528762764	0.01318823951	
6.66809905		0.1524365895	0.01313098243	
6.683236618		0.1519993831	0.01307364136	
6.698374187		0.1515646308	0.0130162157	
6.713511756		0.1511323065	0.01295870492	
6.728649325		0.1507023846	0.01290110854	
6.743786893		0.1502748402	0.01284342614	
6.758924462		0.1498496487	0.01278565736	
6.774062031		0.1494267859	0.01272780185	
6.7891996		0.1490062282	0.01266985931	
6.804337169		0.1485879519	0.01261182943	
6.819474737		0.1481719336	0.01255371195	
6.834612306		0.1477581503	0.01249550658	
6.849749875		0.1473465786	0.01243721302	
6.864887444		0.1469371955	0.012378831	
6.880025013		0.1465299778	0.01232036019	
6.895162581		0.1461249021	0.01226180028	
6.91030015		0.1457219451	0.01220315092	
6.925437719		0.1453210833	0.01214441178	
6.940575288		0.1449222928	0.01208558247	
6.955712856		0.1445255499	0.01202666262	
6.970850425		0.1441308306	0.01196765185	
6.985987994		0.1437381105	0.01190854977	
7.001125563		0.1433473653	0.01184935597	
7.016263132		0.1429585706	0.01179007007	
7.0314007		0.1425717016	0.01173069169	
7.046538269		0.1421867335	0.01167122045	
7.061675838		0.1418036415	0.011611656	
7.076813407		0.1414224006	0.01155199798	
7.091950975		0.1410429857	0.0114922461	
7.107088544		0.1406653716	0.01143240004	
7.122226113		0.1402895334	0.01137245956	
7.137363682		0.1399154456	0.01131242441	
7.152501251		0.1395430832	0.0112522944	
7.167638819		0.1391724209	0.01119206937	
7.182776388		0.1388034334	0.0111317492	
7.197913957		0.1384360956	0.0110713338	
7.213051526		0.1380703821	0.01101082314	
7.228189095		0.1377062677	0.01095021721	
7.243326663		0.1373437272	0.01088951608	
7.258464232		0.1369827354	0.01082871983	
7.273601801		0.136623267	0.0107678286	
7.28873937		0.1362652968	0.01070684259	
7.303876938		0.1359087996	0.01064576203	
7.319014507		0.13555375	0.01058458721	
7.334152076		0.1352001229	0.01052331847	
7.349289645		0.1348478928	0.01046195619	
7.364427214		0.1344970346	0.01040050082	
7.379564782		0.1341475229	0.01033895284	
7.394702351		0.1337993321	0.01027731281	
7.40983992		0.1334524371	0.01021558131	
7.424977489		0.1331068121	0.01015375901	
7.440115058		0.1327624318	0.01009184661	
7.455252626		0.1324192705	0.01002984487	
7.470390195		0.1320773025	0.00996775462	
7.485527764		0.1317365023	0.009905576733	
7.500665333		0.1313968439	0.009843312148	
7.515802901		0.1310583017	0.009780961863	
7.53094047		0.1307208497	0.009718526934	
7.546078039		0.1303844619	0.009656008481	
7.561215608		0.1300491123	0.009593407687	
7.576353177		0.1297147749	0.009530725795	
7.591490745		0.1293814235	0.009467964117	
7.606628314		0.129049032	0.009405124029	
7.621765883		0.1287175741	0.009342206971	
7.636903452		0.1283870235	0.009279214454	
7.652041021		0.128057354	0.009216148058	
7.667178589		0.127728539	0.009153009429	
7.682316158		0.1274005523	0.009089800287	
7.697453727		0.1270733675	0.009026522422	
7.712591296		0.1267469581	0.008963177698	
7.727728864		0.1264212976	0.008899768051	
7.742866433		0.1260963597	0.008836295493	
7.758004002		0.1257721179	0.00877276211	
7.773141571		0.1254485459	0.008709170066	
7.78827914		0.1251256172	0.008645521602	
7.803416708		0.1248033056	0.008581819035	
7.818554277		0.1244815848	0.008518064764	
7.833691846		0.1241604287	0.008454261266	
7.848829415		0.123839811	0.008390411099	
7.863966983		0.1235197059	0.008326516904	
7.879104552		0.1232000875	0.008262581401	
7.894242121		0.12288093	0.008198607395	
7.90937969		0.1225622077	0.008134597774	
7.924517259		0.1222438954	0.008070555511	
7.939654827		0.1219259677	0.008006483662	
7.954792396		0.1216083996	0.007942385372	
7.969929965		0.1212911664	0.007878263867	
7.985067534		0.1209742433	0.007814122464	
8.000205103		0.1206576063	0.007749964564	
8.015342671		0.1203412312	0.007685793657	
8.03048024		0.1200250943	0.00762161332	
8.045617809		0.1197091724	0.007557427218	
8.060755378		0.1193934424	0.007493239105	
8.075892946		0.1190778817	0.007429052824	
8.091030515		0.1187624682	0.007364872304	
8.106168084		0.11844718	0.007300701564	
8.121305653		0.1181319958	0.007236544714	
8.136443222		0.1178168949	0.007172405948	
8.15158079		0.1175018569	0.007108289552	
8.166718359		0.117186862	0.007044199899	
8.181855928		0.1168718911	0.006980141447	
8.196993497		0.1165569255	0.006916118745	
8.212131066		0.1162419472	0.006852136426	
8.227268634		0.1159269387	0.00678819921	
8.242406203		0.1156118835	0.0067243119	
8.257543772		0.1152967654	0.006660479385	
8.272681341		0.1149815691	0.006596706636	
8.287818909		0.1146662801	0.006532998705	
8.302956478		0.1143508844	0.006469360726	
8.318094047		0.114035369	0.006405797909	
8.333231616		0.1137197216	0.006342315545	
8.348369185		0.1134039307	0.006278918997	
8.363506753		0.1130879857	0.006215613703	
8.378644322		0.1127718767	0.006152405173	
8.393781891		0.1124555947	0.006089298986	
8.40891946		0.1121391318	0.006026300786	
8.424057029		0.1118224806	0.005963416285	
8.439194597		0.1115056347	0.005900651255	
8.454332166		0.1111885889	0.005838011527	
8.469469735		0.1108713385	0.00577550299	
8.484607304		0.1105538798	0.005713131585	
8.499744872		0.1102362101	0.005650903303	
8.514882441		0.1099183276	0.005588824183	
8.53002001		0.1096002313	0.005526900307	
8.545157579		0.1092819211	0.005465137799	
8.560295148		0.1089633979	0.005403542816	
8.575432716		0.1086446634	0.005342121551	
8.590570285		0.10832572	0.005280880225	
8.605707854		0.1080065713	0.005219825085	
8.620845423		0.1076872214	0.005158962397	
8.635982991		0.1073676754	0.005098298448	
8.65112056		0.1070479392	0.005037839534	
8.666258129		0.1067280193	0.004977591965	
8.681395698		0.1064079231	0.004917562053	
8.696533267		0.1060876586	0.00485775611	
8.711670835		0.1057672348	0.004798180447	
8.726808404		0.1054466609	0.004738841367	
8.741945973		0.105125947	0.00467974516	
8.757083542		0.104805104	0.004620898101	
8.772221111		0.1044841428	0.004562306446	
8.787358679		0.1041630755	0.004503976424	
8.802496248		0.1038419142	0.004445914238	
8.817633817		0.1035206717	0.004388126057	
8.832771386		0.1031993611	0.004330618016	
8.847908954		0.102877996	0.004273396206	
8.863046523		0.1025565904	0.004216466676	
8.878184092		0.1022351584	0.004159835427	
8.893321661		0.1019137146	0.004103508407	
8.90845923		0.1015922737	0.004047491508	
8.923596798		0.1012708507	0.003991790565	
8.938734367		0.1009494606	0.003936411349	
8.953871936		0.1006281188	0.003881359564	
8.969009505		0.1003068405	0.003826640845	
8.984147074		0.09998564121	0.003772260756	
8.999284642		0.09966453627	0.003718224784	
9.014422211		0.09934354111	0.003664538336	
9.02955978		0.09902267109	0.00361120674	
9.044697349		0.09870194152	0.003558235237	
9.059834917		0.09838136757	0.003505628982	
9.074972486		0.09806096433	0.00345339304	
9.090110055		0.09774074669	0.003401532383	
9.105247624		0.09742072939	0.003350051889	
9.120385193		0.09710092696	0.003298956337	
9.135522761		0.09678135371	0.003248250408	
9.15066033		0.09646202371	0.003197938681	
9.165797899		0.09614295075	0.00314802563	
9.180935468		0.09582414839	0.003098515624	
9.196073037		0.09550562988	0.003049412924	
9.211210605		0.09518740815	0.003000721681	
9.226348174		0.09486949588	0.002952445933	
9.241485743		0.09455190538	0.002904589605	
9.256623312		0.09423464868	0.002857156507	
9.27176088		0.09391773747	0.002810150333	
9.286898449		0.09360118312	0.002763574654	
9.302036018		0.09328499669	0.002717432925	
9.317173587		0.09296918889	0.002671728476	
9.332311156		0.09265377014	0.002626464515	
9.347448724		0.09233875053	0.002581644124	
9.362586293		0.09202413987	0.002537270257	
9.377723862		0.09170994763	0.002493345741	
9.392861431		0.09139618304	0.002449873274	
9.407998999		0.09108285502	0.002406855422	
9.423136568		0.09076997225	0.002364294616	
9.438274137		0.09045754315	0.002322193157	
9.453411706		0.09014557589	0.002280553209	
9.468549275		0.08983407845	0.002239376798	
9.483686843		0.08952305859	0.002198665815	
9.498824412		0.08921252387	0.002158422008	
9.513961981		0.0889024817	0.002118646987	
9.52909955		0.08859293934	0.002079342221	
9.544237119		0.0882839039	0.002040509035	
9.559374687		0.08797538238	0.002002148611	
9.574512256		0.0876673817	0.001964261985	
9.589649825		0.08735990868	0.001926850049	
9.604787394		0.0870529701	0.001889913547	
9.619924962		0.0867465727	0.001853453077	
9.635062531		0.0864407232	0.001817469088	
9.6502001		0.08613542831	0.001781961881	
9.665337669		0.08583069476	0.001746931607	
9.680475238		0.08552652932	0.001712378268	
9.695612806		0.08522293883	0.001678301715	
9.710750375		0.08491993018	0.001644701651	
9.725887944		0.08461751036	0.001611577627	
9.741025513		0.08431568645	0.001578929044	
9.756163082		0.08401446566	0.001546755154	
9.77130065		0.08371385535	0.001515055057	
9.786438219		0.08341386302	0.001483827706	
9.801575788		0.08311449631	0.001453071904	
9.816713357		0.08281576308	0.001422786306	
9.831850925		0.08251767135	0.001392969421	
9.846988494		0.08222022934	0.001363619609	
9.862126063		0.08192344549	0.001334735089	
9.877263632		0.08162732846	0.001306313932	
9.892401201		0.08133188714	0.00127835407	
9.907538769		0.08103713065	0.001250853293	
9.922676338		0.08074306834	0.001223809253	
9.937813907		0.08044970984	0.001197219463	
9.952951476		0.08015706501	0.001171081305	
9.968089045		0.07986514398	0.001145392024	
9.983226613		0.07957395713	0.001120148738	
9.998364182		0.0792835151	0.001095348437	
10.01350175		0.0789938288	0.001070987986	
10.02863932		0.07870490941	0.001047064127	
10.04377689		0.07841676838	0.001023573483	
10.05891446		0.07812941741	0.001000512564	
10.07405203		0.07784286848	0.0009778777637	
10.08918959		0.07755713385	0.0009556653689	
10.10432716		0.077272226	0.0009338715596	
10.11946473		0.07698815767	0.0009124924136	
10.1346023		0.07670494184	0.0008915239104	
10.14973987		0.07642259174	0.0008709619346	
10.16487744		0.07614112084	0.0008508022804	
10.18001501		0.07586054284	0.0008310406553	
10.19515258		0.07558087169	0.0008116726843	
10.21029015		0.0753021216	0.0007926939142	
10.22542771		0.07502430698	0.0007740998171	
10.24056528		0.07474744244	0.0007558857949	
10.25570285		0.0744715428	0.0007380471838	
10.27084042		0.07419662305	0.0007205792582	
10.28597799		0.07392269833	0.0007034772356	
10.30111556		0.07364978395	0.0006867362806	
10.31625313		0.07337789533	0.0006703515093	
10.3313907		0.07310704796	0.0006543179927	
10.34652826		0.07283725725	0.00063863076	
10.36166583		0.07256853817	0.0006232848002	
10.3768034		0.07230090469	0.000608275062	
10.39194097		0.07203436846	0.0005935964491	
10.40707854		0.0717689364	0.0005792438073	
10.42221611		0.07150460613	0.0005652118962	
10.43735368		0.07124135834	0.000551495342	
10.45249125		0.07097914752	0.000538088584	
10.46762881		0.07071790369	0.00052498591	
10.48276638		0.07045757957	0.0005121818203	
10.49790395		0.07019826314	0.0004996718135	
10.51304152		0.06994022635	0.0004874526282	
10.52817909		0.06968373954	0.0004755208496	
10.54331666		0.06942887516	0.0004638716108	
10.55845423		0.06917555848	0.0004524990735	
10.5735918		0.06892369786	0.0004413973668	
10.58872936		0.06867323762	0.0004305609296	
10.60386693		0.06842415587	0.0004199844721	
10.6190045		0.06817645103	0.0004096628747	
10.63414207		0.06793013197	0.0003995911194	
10.64927964		0.06768521249	0.0003897642563	
10.66441721		0.06744170865	0.0003801773897	
10.67955478		0.06719963741	0.0003708256723	
10.69469235		0.06695901615	0.0003617043032	
10.70982991		0.06671986249	0.0003528085261	
10.72496748		0.06648219418	0.0003441336282	
10.74010505		0.06624602917	0.0003356749408	
10.75524262		0.06601138545	0.0003274278418	
10.77038019		0.06577828099	0.0003193877605	
10.78551776		0.06554673353	0.0003115501829	
10.80065533		0.06531676055	0.0003039106556	
10.8157929		0.06508837927	0.0002964647872	
10.83093047		0.06486160684	0.0002892082465	
10.84606803		0.06463646053	0.0002821367586	
10.8612056		0.06441295789	0.0002752461021	
10.87634317		0.06419111678	0.0002685321096	
10.89148074		0.0639709551	0.0002619906716	
10.90661831		0.06375249048	0.0002556177439	
10.92175588		0.06353574001	0.0002494093547	
10.93689345		0.06332072021	0.0002433616077	
10.95203102		0.06310744723	0.0002374706802	
10.96716858		0.06289593737	0.0002317328159	
10.98230615		0.06268620758	0.0002261443157	
10.99744372		0.06247827562	0.0002207015332	
11.01258129		0.06227215983	0.0002154008756	
11.02771886		0.06206787846	0.000210238813	
11.04285643		0.06186544893	0.0002052118904	
11.057994		0.0616648874	0.0002003167374	
11.07313157		0.06146620894	0.0001955500686	
11.08826913		0.06126942842	0.0001909086749	
11.1034067		0.06107456164	0.0001863894078	
11.11854427		0.06088162621	0.0001819891643	
11.13368184		0.06069064155	0.000177704882	
11.14881941		0.06050162791	0.0001735335461	
11.16395698		0.06031460474	0.0001694722067	
11.17909455		0.06012958918	0.0001655179985	
11.19423212		0.05994659567	0.0001616681497	
11.20936968		0.05976563688	0.0001579199766	
11.22450725		0.0595867259	0.000154270862	
11.23964482		0.05940987849	0.0001507182297	
11.25478239		0.05923511427	0.0001472595259	
11.26991996		0.05906245594	0.0001438922186	
11.28505753		0.0588919266	0.0001406138178	
11.3001951		0.05872354652	0.0001374219055	
11.31533267		0.05855733078	0.0001343141605	
11.33047024		0.05839328948	0.0001312883645	
11.3456078		0.05823143066	0.0001283423831	
11.36074537		0.0580717648	0.0001254741295	
11.37588294		0.05791430861	0.0001226815293	
11.39102051		0.05775908604	0.0001199625036	
11.40615808		0.0576061255	0.000117314981	
11.42129565		0.05745545425	0.0001147369344	
11.43643322		0.05730709272	0.0001122264231	
11.45157079		0.05716105173	0.0001097816195	
11.46670835		0.05701733451	0.0001074008036	
11.48184592		0.05687594312	0.0001050823257	
11.49698349		0.05673688635	0.0001028245555	
11.51212106		0.05660018501	0.000100625841	
11.52725863		0.05646587162	9.848450031e-05	
11.5423962		0.05633398386	9.639885222e-05	
11.55753377		0.05620455459	9.436726984e-05	
11.57267134		0.05607760334	9.238823206e-05	
11.5878089		0.05595313393	9.046034449e-05	
11.60294647		0.05583114022	8.858231771e-05	
11.61808404		0.05571161772	8.67529115e-05	
11.63322161		0.05559457578	8.497087129e-05	
11.64835918		0.05548004391	8.323488836e-05	
11.66349675		0.05536806846	8.15436045e-05	
11.67863432		0.05525870021	7.989566008e-05	
11.69377189		0.05515197859	7.828976229e-05	
11.70890945		0.05504792032	7.672473907e-05	
11.72404702		0.0549465189	7.51995506e-05	
11.73918459		0.05484775596	7.371325103e-05	
11.75432216		0.05475161981	7.226491734e-05	
11.76945973		0.05465812237	7.085357934e-05	
11.7845973		0.0545673056	6.947818507e-05	
11.79973487		0.05447923316	6.813761989e-05	
11.81487244		0.05439397034	6.68307715e-05	
11.83001001		0.05431156164	6.555660891e-05	
11.84514757		0.05423201734	6.431423605e-05	
11.86028514		0.05415531656	6.310289244e-05	
11.87542271		0.0540814261	6.192189974e-05	
11.89056028		0.05401032688	6.077057908e-05	
11.90569785		0.05394203535	5.964817825e-05	
11.92083542		0.05387660885	5.855384464e-05	
11.93597299		0.05381413077	5.748665844e-05	
11.95111056		0.05375468178	5.644571136e-05	
11.96624812		0.05369831075	5.543019175e-05	
11.98138569		0.05364502036	5.443943336e-05	
11.99652326		0.05359477489	5.347290366e-05	
12.01166083		0.05354752707	5.253013787e-05	
12.0267984		0.05350325185	5.161065023e-05	
12.04193597		0.05346197155	5.071386407e-05	
12.05707354		0.05342375938	4.983909423e-05	
12.07221111		0.05338871827	4.898559174e-05	
12.08734867		0.05335694373	4.815262942e-05	
12.10248624		0.05332848934	4.733958486e-05	
12.11762381		0.05330335225	4.65459782e-05	
12.13276138		0.05328148593	4.577144747e-05	
12.14789895		0.05326283359	4.501567603e-05	
12.16303652		0.05324736733	4.427830744e-05	
12.17817409		0.0532351157	4.355888589e-05	
12.19331166		0.05322616637	4.285684952e-05	
12.20844922		0.05322064028	4.217158104e-05	
12.22358679		0.0532186483	4.1502492e-05	
12.23872436		0.05322025216	4.084909731e-05	
12.25386193		0.0532254499	4.02110417e-05	
12.2689995		0.05323419179	3.958806827e-05	
12.28413707		0.05324641749	3.897994937e-05	
12.29927464		0.05326209762	3.838641318e-05	
12.31441221		0.05328126333	3.78070963e-05	
12.32954977		0.05330401027	3.724154186e-05	
12.34468734		0.05333047204	3.668924649e-05	
12.35982491		0.0533607732	3.614973573e-05	
12.37496248		0.05339498561	3.56226292e-05	
12.39010005		0.05343311121	3.510766095e-05	
12.40523762		0.05347509695	3.46046488e-05	
12.42037519		0.05352086914	3.41134336e-05	
12.43551276		0.053570369	3.36338168e-05	
12.45065033		0.05362357473	3.316551648e-05	
12.46578789		0.05368050321	3.270815742e-05	
12.48092546		0.0537412055	3.226131271e-05	
12.49606303		0.05380579579	3.182460429e-05	
12.5112006		0.05387448915	3.139780327e-05	
12.52633817		0.053947514	3.098080781e-05	
12.54147574		0.05402495485	3.05735262e-05	
12.55661331		0.0541067507	3.017582005e-05	
12.57175088		0.0541928087	2.978750991e-05	
12.58688844		0.05428308879	2.940837668e-05	
12.60202601		0.0543776319	2.903815646e-05	
12.61716358		0.05447654828	2.86765507e-05	
12.63230115		0.05457997665	2.83232596e-05	
12.64743872		0.05468803241	2.797802375e-05	
12.66257629		0.05480077307	2.764064863e-05	
12.67771386		0.05491819766	2.73109987e-05	
12.69285143		0.05504027168	2.698897022e-05	
12.70798899		0.05516695749	2.667446192e-05	
12.72312656		0.05529824068	2.636735322e-05	
12.73826413		0.05543415306	2.606748965e-05	
12.7534017		0.05557478603	2.577467821e-05	
12.76853927		0.05572028008	2.548869938e-05	
12.78367684		0.05587078771	2.520933513e-05	
12.79881441		0.05602642954	2.49363982e-05	
12.81395198		0.05618727196	2.466974468e-05	
12.82908954		0.05635333426	2.440926594e-05	
12.84422711		0.05652460765	2.415487278e-05	
12.85936468		0.05670106962	2.390648383e-05	
12.87450225		0.05688269839	2.366401652e-05	
12.88963982		0.05706949483	2.342737629e-05	
12.90477739		0.05726150188	2.319644796e-05	
12.91991496		0.05745880477	2.297109727e-05	
12.93505253		0.05766150922	2.275118346e-05	
12.9501901		0.05786971478	2.253657368e-05	
12.96532766		0.05808350229	2.232714944e-05	
12.98046523		0.0583029363	2.212280445e-05	
12.9956028		0.05852806887	2.192344143e-05	
13.01074037		0.05875893958	2.172897081e-05	
13.02587794		0.05899557901	2.15393089e-05	
13.04101551		0.0592380189	2.135437358e-05	
13.05615308		0.05948630191	2.117408055e-05	
13.07129065		0.05974048497	2.099834209e-05	
13.08642821		0.06000063689	2.082706832e-05	
13.10156578		0.06026683374	2.066016914e-05	
13.11670335		0.0605391548	2.049755589e-05	
13.13184092		0.06081767988	2.033914233e-05	
13.14697849		0.06110248795	2.018484511e-05	
13.16211606		0.06139365648	2.003458387e-05	
13.17725363		0.06169126133	1.988828115e-05	
13.1923912		0.0619953768	1.974586227e-05	
13.20752876		0.06230607573	1.960725509e-05	
13.22266633		0.06262342969	1.947238991e-05	
13.2378039		0.06294750908	1.93411992e-05	
13.25294147		0.06327838323	1.921361755e-05	
13.26807904		0.06361612047	1.908958147e-05	
13.28321661		0.06396078816	1.896902931e-05	
13.29835418		0.06431245268	1.885190114e-05	
13.31349175		0.06467117946	1.873813864e-05	
13.32862931		0.06503703288	1.862768505e-05	
13.34376688		0.06541007627	1.852048506e-05	
13.35890445		0.06579037182	1.841648476e-05	
13.37404202		0.06617798049	1.831563154e-05	
13.38917959		0.06657296192	1.821787408e-05	
13.40431716		0.06697537435	1.812316221e-05	
13.41945473		0.06738527448	1.803144694e-05	
13.4345923		0.06780271737	1.794268035e-05	
13.44972986		0.06822775627	1.785681553e-05	
13.46486743		0.06866044255	1.777380659e-05	
13.480005		0.06910082549	1.769360852e-05	
13.49514257		0.06954895216	1.761617722e-05	
13.51028014		0.07000486727	1.75414694e-05	
13.52541771		0.07046861299	1.746944258e-05	
13.54055528		0.07094022878	1.7400055e-05	
13.55569285		0.07141975124	1.733326559e-05	
13.57083042		0.0719072139	1.726903393e-05	
13.58596798		0.07240264705	1.720732023e-05	
13.60110555		0.07290607756	1.714808524e-05	
13.61624312		0.07341752868	1.709129023e-05	
13.63138069		0.07393701985	1.703689697e-05	
13.64651826		0.0744645665	1.698486765e-05	
13.66165583		0.07500017982	1.693516489e-05	
13.6767934		0.07554386664	1.688775164e-05	
13.69193097		0.07609562913	1.68425912e-05	
13.70706853		0.07665546467	1.679964715e-05	
13.7222061		0.07722336561	1.675888332e-05	
13.73734367		0.07779931907	1.672026376e-05	
13.75248124		0.07838330677	1.66837527e-05	
13.76761881		0.07897530478	1.664931453e-05	
13.78275638		0.07957528337	1.661691375e-05	
13.79789395		0.08018320681	1.658651494e-05	
13.81303152		0.08079903316	1.655808274e-05	
13.82816908		0.08142271412	1.653158182e-05	
13.84330665		0.08205419482	1.650697685e-05	
13.85844422		0.0826934137	1.648423248e-05	
13.87358179		0.08334030232	1.646331328e-05	
13.88871936		0.0839947852	1.644418378e-05	
13.90385693		0.08465677972	1.642680838e-05	
13.9189945		0.08532619595	1.64111514e-05	
13.93413207		0.08600293656	1.639717698e-05	
13.94926963		0.08668689672	1.638484914e-05	
13.9644072		0.08737796397	1.637413171e-05	
13.97954477		0.0880760182	1.636498834e-05	
13.99468234		0.08878093154	1.635738248e-05	
14.00981991		0.08949256836	1.635127739e-05	
14.02495748		0.0902107852	1.634663608e-05	
14.04009505		0.09093543077	1.634342138e-05	
14.05523262		0.09166634598	1.634159585e-05	
14.07037019		0.09240336395	1.634112184e-05	
14.08550775		0.09314631002	1.634196148e-05	
14.10064532		0.09389500188	1.634407665e-05	
14.11578289		0.09464924959	1.6347429e-05	
14.13092046		0.09540885571	1.635197996e-05	
14.14605803		0.09617361543	1.635769075e-05	
14.1611956		0.09694331667	1.636452237e-05	
14.17633317		0.09771774029	1.637243563e-05	
14.19147074		0.09849666023	1.638139115e-05	
14.2066083		0.09927984376	1.639134938e-05	
14.22174587		0.1000670516	1.640227059e-05	
14.23688344		0.1008580383	1.641411496e-05	
14.25202101		0.1016525524	1.642684249e-05	
14.26715858		0.1024503367	1.644041314e-05	
14.28229615		0.1032511284	1.645478674e-05	
14.29743372		0.10405466	1.646992311e-05	
14.31257129		0.1048606589	1.648578201e-05	
14.32770885		0.1056688479	1.650232322e-05	
14.34284642		0.106478946	1.651950654e-05	
14.35798399		0.1072906683	1.653729183e-05	
14.37312156		0.1081037265	1.655563902e-05	
14.38825913		0.1089178294	1.657450817e-05	
14.4033967		0.1097326829	1.65938595e-05	
14.41853427		0.1105479911	1.661365337e-05	
14.43367184		0.111363456	1.66338504e-05	
14.4488094		0.1121787783	1.665441142e-05	
14.46394697		0.1129936577	1.667529755e-05	
14.47908454		0.1138077934	1.669647024e-05	
14.49422211		0.1146208843	1.671789126e-05	
14.50935968		0.1154326297	1.673952277e-05	
14.52449725		0.1162427295	1.676132735e-05	
14.53963482		0.1170508847	1.678326802e-05	
14.55477239		0.1178567978	1.680530827e-05	
14.56990995		0.1186601733	1.682741211e-05	
14.58504752		0.1194607178	1.684954408e-05	
14.60018509		0.1202581407	1.687166932e-05	
14.61532266		0.1210521544	1.689375353e-05	
14.63046023		0.1218424747	1.691576306e-05	
14.6455978		0.1226288212	1.693766492e-05	
14.66073537		0.1234109176	1.695942679e-05	
14.67587294		0.124188492	1.698101706e-05	
14.69101051		0.1249612774	1.700240485e-05	
14.70614807		0.1257290117	1.702356003e-05	
14.72128564		0.1264914381	1.704445323e-05	
14.73642321		0.1272483056	1.706505589e-05	
14.75156078		0.127999369	1.708534023e-05	
14.76669835		0.1287443891	1.710527932e-05	
14.78183592		0.129483133	1.712484704e-05	
14.79697349		0.1302153744	1.714401811e-05	
14.81211106		0.1309408938	1.716276814e-05	
14.82724862		0.1316594784	1.718107357e-05	
14.84238619		0.1323709225	1.719891173e-05	
14.85752376		0.1330750275	1.721626081e-05	
14.87266133		0.1337716021	1.723309989e-05	
14.8877989		0.1344604624	1.724940892e-05	
14.90293647		0.1351414318	1.726516874e-05	
14.91807404		0.1358143414	1.728036105e-05	
14.93321161		0.1364790298	1.729496844e-05	
14.94834917		0.137135343	1.730897435e-05	
14.96348674		0.137783135	1.73223631e-05	
14.97862431		0.1384222669	1.733511986e-05	
14.99376188		0.1390526079	1.734723064e-05	
15.00889945		0.1396740344	1.735868228e-05	
15.02403702		0.1402864304	1.736946244e-05	
15.03917459		0.1408896876	1.737955961e-05	
15.05431216		0.1414837049	1.738896306e-05	
15.06944972		0.1420683885	1.739766284e-05	
15.08458729		0.142643652	1.740564976e-05	
15.09972486		0.143209416	1.741291539e-05	
15.11486243		0.1437656083	1.741945202e-05	
15.13		0.1443121636	1.742525267e-05	
