-15.13		0.9331622399	0.0001891662223	
-15.11486243		0.9332168546	0.0001899678272	
-15.09972486		0.9332741987	0.0001907751805	
-15.08458729		0.9333343069	0.0001915883746	
-15.06944972		0.9333972136	0.000192407503	
-15.05431216		0.9334629535	0.0001932326614	
-15.03917459		0.9335315611	0.0001940639467	
-15.02403702		0.9336030708	0.0001949014578	
-15.00889945		0.9336775173	0.0001957452952	
-14.99376188		0.9337549348	0.0001965955612	
-14.97862431		0.9338353579	0.0001974523598	
-14.96348674		0.9339188207	0.000198315797	
-14.94834917		0.9340053577	0.0001991859806	
-14.93321161		0.9340950029	0.0002000630203	
-14.91807404		0.9341877903	0.0002009470277	
-14.90293647		0.9342837539	0.0002018381166	
-14.8877989		0.9343829275	0.0002027364027	
-14.87266133		0.9344853446	0.0002036420039	
-14.85752376		0.9345910387	0.0002045550401	
-14.84238619		0.9347000429	0.0002054756337	
-14.82724862		0.9348123903	0.000206403909	
-14.81211106		0.9349281134	0.000207339993	
-14.79697349		0.9350472448	0.0002082840149	
-14.78183592		0.9351698165	0.0002092361063	
-14.76669835		0.9352958602	0.0002101964016	
-14.75156078		0.9354254072	0.0002111650375	
-14.73642321		0.9355584884	0.0002121421537	
-14.72128564		0.9356951341	0.0002131278924	
-14.70614807		0.9358353742	0.0002141223989	
-14.69101051		0.9359792381	0.0002151258211	
-14.67587294		0.9361267543	0.0002161383103	
-14.66073537		0.9362779508	0.0002171600206	
-14.6455978		0.936432855	0.0002181911096	
-14.63046023		0.9365914932	0.0002192317381	
-14.61532266		0.9367538911	0.0002202820702	
-14.60018509		0.9369200733	0.0002213422738	
-14.58504752		0.9370900637	0.0002224125203	
-14.56990995		0.9372638847	0.0002234929848	
-14.55477239		0.937441558	0.0002245838464	
-14.53963482		0.9376231039	0.0002256852881	
-14.52449725		0.9378085413	0.0002267974973	
-14.50935968		0.9379978879	0.0002279206655	
-14.49422211		0.93819116	0.0002290549884	
-14.47908454		0.938388372	0.0002302006666	
-14.46394697		0.9385895371	0.0002313579053	
-14.4488094		0.9387946665	0.0002325269144	
-14.43367184		0.9390037696	0.0002337079089	
-14.41853427		0.9392168539	0.0002349011091	
-14.4033967		0.9394339248	0.0002361067402	
-14.38825913		0.9396549856	0.0002373250334	
-14.37312156		0.9398800374	0.000238556225	
-14.35798399		0.9401090789	0.0002398005575	
-14.34284642		0.9403421064	0.0002410582792	
-14.32770885		0.9405791134	0.0002423296447	
-14.31257129		0.940820091	0.0002436149145	
-14.29743372		0.9410650273	0.0002449143562	
-14.28229615		0.9413139076	0.0002462282435	
-14.26715858		0.9415667142	0.0002475568575	
-14.25202101		0.9418234261	0.0002489004859	
-14.23688344		0.9420840192	0.0002502594237	
-14.22174587		0.9423484662	0.0002516339737	
-14.2066083		0.9426167361	0.0002530244457	
-14.19147074		0.9428887944	0.0002544311578	
-14.17633317		0.9431646032	0.0002558544357	
-14.1611956		0.9434441207	0.0002572946135	
-14.14605803		0.9437273011	0.0002587520335	
-14.13092046		0.9440140951	0.0002602270466	
-14.11578289		0.9443044491	0.0002617200125	
-14.10064532		0.9445983057	0.0002632312995	
-14.08550775		0.9448956033	0.0002647612853	
-14.07037019		0.9451962762	0.0002663103568	
-14.05523262		0.9455002543	0.0002678789102	
-14.04009505		0.9458074636	0.0002694673514	
-14.02495748		0.9461178257	0.0002710760962	
-14.00981991		0.9464312579	0.0002727055704	
-13.99468234		0.9467476734	0.0002743562097	
-13.97954477		0.9470669809	0.0002760284604	
-13.9644072		0.947389085	0.0002777227794	
-13.94926963		0.9477138863	0.0002794396339	
-13.93413207		0.9480412809	0.0002811795024	
-13.9189945		0.9483711611	0.0002829428742	
-13.90385693		0.9487034151	0.0002847302499	
-13.88871936		0.949037927	0.0002865421415	
-13.87358179		0.9493745775	0.0002883790726	
-13.85844422		0.949713243	0.0002902415786	
-13.84330665		0.950053797	0.0002921302067	
-13.82816908		0.950396109	0.0002940455166	
-13.81303152		0.9507400455	0.0002959880802	
-13.79789395		0.9510854699	0.0002979584819	
-13.78275638		0.9514322426	0.0002999573191	
-13.76761881		0.9517802213	0.0003019852023	
-13.75248124		0.9521292611	0.0003040427552	
-13.73734367		0.9524792149	0.0003061306152	
-13.7222061		0.9528299335	0.0003082494337	
-13.70706853		0.9531812659	0.0003103998763	
-13.69193097		0.9535330594	0.0003125826234	
-13.6767934		0.95388516	0.0003147983702	
-13.66165583		0.9542374128	0.0003170478277	
-13.64651826		0.9545896618	0.0003193317228	
-13.63138069		0.9549417508	0.0003216507991	
-13.61624312		0.9552935231	0.0003240058172	
-13.60110555		0.9556448223	0.0003263975562	
-13.58596798		0.9559954922	0.0003288268134	
-13.57083042		0.9563453772	0.0003312944062	
-13.55569285		0.9566943227	0.0003338011728	
-13.54055528		0.9570421754	0.000336347973	
-13.52541771		0.9573887833	0.0003389356902	
-13.51028014		0.9577339965	0.0003415652322	
-13.49514257		0.958077667	0.0003442375329	
-13.480005		0.9584196492	0.0003469535536	
-13.46486743		0.9587598001	0.0003497142848	
-13.44972986		0.9590979795	0.0003525207466	
-13.4345923		0.9594340501	0.000355373989	
-13.41945473		0.9597678774	0.0003582750912	
-13.40431716		0.9600993298	0.0003612251581	
-13.38917959		0.9604282782	0.0003642253145	
-13.37404202		0.9607545954	0.0003672766964	
-13.35890445		0.9610781554	0.0003703804391	
-13.34376688		0.9613988331	0.0003735376652	
-13.32862931		0.9617165036	0.0003767494782	
-13.31349175		0.9620310434	0.00038001697	
-13.29835418		0.962342332	0.000383341247	
-13.28321661		0.9626502549	0.000386723474	
-13.26807904		0.9629547065	0.000390164918	
-13.25294147		0.9632555902	0.000393666962	
-13.2378039		0.9635528162	0.0003972310687	
-13.22266633		0.9638462964	0.0004008586983	
-13.20752876		0.9641359386	0.0004045512109	
-13.1923912		0.9644216433	0.0004083098016	
-13.17725363		0.9647033043	0.0004121355074	
-13.16211606		0.9649808146	0.0004160293012	
-13.14697849		0.9652540753	0.0004199922541	
-13.13184092		0.9655230042	0.0004240257049	
-13.11670335		0.9657875402	0.0004281313545	
-13.10156578		0.96604764	0.000432311224	
-13.08642821		0.966303268	0.0004365674743	
-13.07129065		0.9665543846	0.000440902164	
-13.05615308		0.9668009359	0.0004453170551	
-13.04101551		0.967042853	0.0004498135635	
-13.02587794		0.9672800579	0.0004543928869	
-13.01074037		0.9675124763	0.0004590562653	
-12.9956028		0.9677400496	0.0004638052682	
-12.98046523		0.967962743	0.0004686419789	
-12.96532766		0.9681805433	0.0004735689844	
-12.9501901		0.9683934492	0.0004785891653	
-12.93505253		0.968601457	0.0004837053761	
-12.91991496		0.968804549	0.000488920154	
-12.90477739		0.9690026883	0.0004942355852	
-12.88963982		0.9691958236	0.0004996533872	
-12.87450225		0.9693838998	0.0005051751796	
-12.85936468		0.9695668715	0.000510802832	
-12.84422711		0.9697447132	0.0005165387429	
-12.82908954		0.9699174209	0.0005223859239	
-12.81395198		0.9700850056	0.0005283478482	
-12.79881441		0.9702474803	0.0005344281279	
-12.78367684		0.9704048484	0.0005406301656	
-12.76853927		0.9705570958	0.0005469569338	
-12.7534017		0.9707041929	0.0005534109876	
-12.73826413		0.970846103	0.0005599947133	
-12.72312656		0.9709827958	0.0005667107128	
-12.70798899		0.9711142577	0.0005735621516	
-12.69285143		0.9712404952	0.0005805529067	
-12.67771386		0.9713615298	0.0005876874318	
-12.66257629		0.9714773855	0.0005949703878	
-12.64743872		0.971588075	0.0006024062019	
-12.63230115		0.9716935894	0.000609998763	
-12.61716358		0.9717938964	0.0006177514043	
-12.60202601		0.9718889429	0.0006256671944	
-12.58688844		0.9719786572	0.0006337494116	
-12.57175088		0.9720629417	0.0006420019807	
-12.55661331		0.9721416475	0.0006504296615	
-12.54147574		0.9722145476	0.0006590378879	
-12.52633817		0.9722813823	0.0006678323635	
-12.5112006		0.9723421167	0.0006768187116	
-12.49606303		0.9723973149	0.000686002386	
-12.48092546		0.9724479664	0.0006953885614	
-12.46578789		0.9724946552	0.0007049819098	
-12.45065033		0.9725372517	0.000714786928	
-12.43551276		0.972575346	0.0007248087522	
-12.42037519		0.9726086154	0.0007350536562	
-12.40523762		0.9726368947	0.0007455289268	
-12.39010005		0.972660123	0.0007562422983	
-12.37496248		0.9726782848	0.0007672012714	
-12.35982491		0.9726913727	0.0007784126492	
-12.34468734		0.9726993737	0.0007898825133	
-12.32954977		0.9727022721	0.0008016166548	
-12.31441221		0.9727000593	0.000813621262	
-12.29927464		0.9726927448	0.0008259035454	
-12.28413707		0.9726803592	0.0008384719971	
-12.2689995		0.9726629486	0.0008513361439	
-12.25386193		0.9726405625	0.0008645058901	
-12.23872436		0.97261324	0.000877990765	
-12.22358679		0.9725810024	0.0008917994537	
-12.20844922		0.9725438546	0.0009059398566	
-12.19331166		0.9725017954	0.0009204196676	
-12.17817409		0.9724548309	0.0009352472033	
-12.16303652		0.9724029845	0.0009504320867	
-12.14789895		0.9723462994	0.000965985446	
-12.13276138		0.9722848318	0.0009819195103	
-12.11762381		0.9722186379	0.0009982467901	
-12.10248624		0.9721477624	0.001014979255	
-12.08734867		0.972072233	0.00103212794	
-12.07221111		0.9719920646	0.001049703198	
-12.05707354		0.97190727	0.001067715487	
-12.04193597		0.9718178724	0.001086176317	
-12.0267984		0.9717239132	0.001105098867	
-12.01166083		0.9716254506	0.001124497969	
-11.99652326		0.9715225513	0.001144389423	
-11.98138569		0.971415278	0.001164789014	
-11.96624812		0.9713036805	0.001185711721	
-11.95111056		0.9711877942	0.001207171569	
-11.93597299		0.9710676463	0.001229182198	
-11.92083542		0.9709432676	0.001251757876	
-11.90569785		0.9708147016	0.001274914419	
-11.89056028		0.970682008	0.001298669554	
-11.87542271		0.9705452584	0.001323042497	
-11.86028514		0.9704045266	0.001348052992	
-11.84514757		0.9702598785	0.001373720317	
-11.83001001		0.9701113682	0.001400062808	
-11.81487244		0.9699590397	0.001427098165	
-11.79973487		0.969802936	0.001454844376	
-11.7845973		0.9696431075	0.001483320749	
-11.76945973		0.9694796171	0.001512548504	
-11.75432216		0.9693125396	0.001542550597	
-11.73918459		0.9691419543	0.0015733509	
-11.72404702		0.968967937	0.001604973192	
-11.70890945		0.968790555	0.00163744055	
-11.69377189		0.9686098671	0.001670775463	
-11.67863432		0.9684259286	0.001705000591	
-11.66349675		0.9682387987	0.001740139736	
-11.64835918		0.9680485449	0.001776218476	
-11.63322161		0.9678552434	0.001813264131	
-11.61808404		0.9676589753	0.001851305117	
-11.60294647		0.9674598206	0.001890370078	
-11.5878089		0.9672578538	0.001930487317	
-11.57267134		0.9670531435	0.001971684808	
-11.55753377		0.9668457553	0.002013990774	
-11.5423962		0.9666357558	0.002057434443	
-11.52725863		0.9664232171	0.002102046565	
-11.51212106		0.9662082165	0.002147859406	
-11.49698349		0.965990835	0.002194906275	
-11.48184592		0.9657711533	0.002243220887	
-11.46670835		0.9655492493	0.002292836938	
-11.45157079		0.9653251972	0.002343788113	
-11.43643322		0.965099069	0.002396108465	
-11.42129565		0.9648709369	0.002449832928	
-11.40615808		0.9646408759	0.002504997638	
-11.39102051		0.9644089637	0.002561639917	
-11.37588294		0.9641752797	0.002619797962	
-11.36074537		0.9639399037	0.002679510445	
-11.3456078		0.9637029136	0.00274081625	
-11.33047024		0.9634643854	0.002803754484	
-11.31533267		0.9632243938	0.002868364681	
-11.3001951		0.9629830133	0.002934687083	
-11.28505753		0.9627403194	0.003002762784	
-11.26991996		0.9624963885	0.003072633706	
-11.25478239		0.9622512977	0.003144342405	
-11.23964482		0.9620051238	0.003217931852	
-11.22450725		0.9617579428	0.003293445299	
-11.20936968		0.9615098291	0.003370926264	
-11.19423212		0.9612608567	0.003450418627	
-11.17909455		0.9610110986	0.003531966728	
-11.16395698		0.9607606277	0.00361561541	
-11.14881941		0.960509517	0.003701409975	
-11.13368184		0.9602578391	0.003789396068	
-11.11854427		0.960005666	0.003879619563	
-11.1034067		0.9597530687	0.003972126477	
-11.08826913		0.9595001174	0.004066962945	
-11.07313157		0.9592468813	0.00416417522	
-11.057994		0.9589934287	0.004263809676	
-11.04285643		0.9587398273	0.004365912774	
-11.02771886		0.958486144	0.004470531002	
-11.01258129		0.958232445	0.004577710795	
-10.99744372		0.9579787956	0.004687498453	
-10.98230615		0.9577252603	0.004799940079	
-10.96716858		0.9574719024	0.004915081525	
-10.95203102		0.9572187842	0.005032968347	
-10.93689345		0.9569659671	0.00515364575	
-10.92175588		0.9567135112	0.005277158525	
-10.90661831		0.9564614757	0.005403550976	
-10.89148074		0.9562099189	0.005532866851	
-10.87634317		0.9559588976	0.005665149267	
-10.8612056		0.9557084679	0.005800440646	
-10.84606803		0.9554586843	0.005938782648	
-10.83093047		0.9552096005	0.006080216101	
-10.8157929		0.9549612685	0.006224780925	
-10.80065533		0.9547137393	0.006372516059	
-10.78551776		0.9544670625	0.006523459384	
-10.77038019		0.9542212865	0.006677647652	
-10.75524262		0.9539764583	0.006835116421	
-10.74010505		0.9537326236	0.006995899982	
-10.72496748		0.9534898268	0.007160031288	
-10.70982991		0.9532481106	0.00732754189	
-10.69469235		0.9530075165	0.007498461856	
-10.67955478		0.9527680842	0.007672819706	
-10.66441721		0.9525298517	0.007850642341	
-10.64927964		0.9522928544	0.008031954973	
-10.63414207		0.9520571248	0.008216781063	
-10.6190045		0.9518226893	0.008405142233	
-10.60386693		0.951589564	0.008597058161	
-10.58872936		0.9513577438	0.008792546421	
-10.5735918		0.9511271809	0.0089916222	
-10.55845423		0.9508977468	0.009194297828	
-10.54331666		0.9506691791	0.009400582128	
-10.52817909		0.9504410751	0.00961048014	
-10.51304152		0.9502131018	0.009823995088	
-10.49790395		0.9499855073	0.01004113382	
-10.48276638		0.9497593137	0.01026190952	
-10.46762881		0.9495355386	0.01048633402	
-10.45249125		0.94931447	0.01071440964	
-10.43735368		0.9490958656	0.01094613056	
-10.42221611		0.9488793962	0.01118148744	
-10.40707854		0.9486648304	0.01142046946	
-10.39194097		0.9484520398	0.01166306451	
-10.3768034		0.9482409619	0.01190925883	
-10.36166583		0.9480315704	0.01215903676	
-10.34652826		0.9478238566	0.0124123805	
-10.3313907		0.9476178205	0.01266927002	
-10.31625313		0.9474134657	0.01292968308	
-10.30111556		0.9472107975	0.01319359515	
-10.28597799		0.9470098211	0.01346097946	
-10.27084042		0.9468105419	0.01373180702	
-10.25570285		0.9466129645	0.01400604663	
-10.24056528		0.9464170935	0.01428366493	
-10.22542771		0.9462229327	0.01456462644	
-10.21029015		0.9460304856	0.01484889359	
-10.19515258		0.9458397555	0.01513642678	
-10.18001501		0.9456507453	0.01542718443	
-10.16487744		0.9454634577	0.01572112304	
-10.14973987		0.9452778953	0.01601819722	
-10.1346023		0.9450940608	0.01631835981	
-10.11946473		0.9449119567	0.01662156187	
-10.10432716		0.9447315857	0.01692775279	
-10.08918959		0.9445529508	0.01723688037	
-10.07405203		0.9443760553	0.01754889086	
-10.05891446		0.9442009028	0.01786372904	
-10.04377689		0.9440274971	0.01818133832	
-10.02863932		0.9438558429	0.01850166078	
-10.01350175		0.9436859451	0.01882463727	
-9.998364182		0.9435178096	0.01915020748	
-9.983226613		0.9433514426	0.01947831002	
-9.968089045		0.9431868514	0.0198088825	
-9.952951476		0.9430240437	0.02014186159	
-9.937813907		0.9428630285	0.02047718316	
-9.922676338		0.9427038153	0.02081478226	
-9.907538769		0.9425464146	0.0211545933	
-9.892401201		0.9423908381	0.02149655005	
-9.877263632		0.942237098	0.02184058575	
-9.862126063		0.9420852079	0.02218663318	
-9.846988494		0.9419351821	0.02253462474	
-9.831850925		0.9417870359	0.02288449251	
-9.816713357		0.9416407855	0.02323616831	
-9.801575788		0.9414964483	0.0235895838	
-9.786438219		0.9413540422	0.02394467052	
-9.77130065		0.9412135863	0.02430135993	
-9.756163082		0.9410751003	0.02465958353	
-9.741025513		0.9409386047	0.02501927287	
-9.725887944		0.9408041207	0.02538035963	
-9.710750375		0.9406716703	0.02574277564	
-9.695612806		0.9405412757	0.02610645296	
-9.680475238		0.9404129599	0.02647132392	
-9.665337669		0.9402867461	0.02683732115	
-9.6502001		0.9401626577	0.02720437763	
-9.635062531		0.9400407187	0.02757242671	
-9.619924962		0.9399209527	0.02794140218	
-9.604787394		0.9398033835	0.02831123826	
-9.589649825		0.9396880349	0.02868186965	
-9.574512256		0.9395749303	0.02905323155	
-9.559374687		0.9394640928	0.02942525966	
-9.544237119		0.9393555451	0.02979789026	
-9.52909955		0.9392493093	0.03017106014	
-9.513961981		0.9391454069	0.03054470669	
-9.498824412		0.9390438585	0.03091876785	
-9.483686843		0.9389446841	0.03129318218	
-9.468549275		0.9388479024	0.03166788881	
-9.453411706		0.9387535313	0.03204282745	
-9.438274137		0.9386615875	0.03241793845	
-9.423136568		0.9385720864	0.03279316273	
-9.407998999		0.9384850421	0.0331684418	
-9.392861431		0.9384004674	0.03354371778	
-9.377723862		0.9383183736	0.03391893336	
-9.362586293		0.9382387706	0.03429403181	
-9.347448724		0.9381616664	0.034668957	
-9.332311156		0.9380870679	0.03504365333	
-9.317173587		0.9380149801	0.03541806576	
-9.302036018		0.9379454062	0.03579213982	
-9.286898449		0.9378783479	0.03616582153	
-9.27176088		0.9378138052	0.03653905746	
-9.256623312		0.9377517763	0.0369117947	
-9.241485743		0.9376922577	0.0372839808	
-9.226348174		0.9376352442	0.03765556382	
-9.211210605		0.9375807289	0.03802649229	
-9.196073037		0.9375287031	0.03839671521	
-9.180935468		0.9374791565	0.038766182	
-9.165797899		0.9374320773	0.03913484255	
-9.15066033		0.9373874518	0.03950264716	
-9.135522761		0.9373452649	0.03986954654	
-9.120385193		0.9373055001	0.04023549183	
-9.105247624		0.937268139	0.04060043453	
-9.090110055		0.9372331622	0.04096432656	
-9.074972486		0.9372005485	0.04132712021	
-9.059834917		0.9371702758	0.04168876812	
-9.044697349		0.9371423203	0.04204922333	
-9.02955978		0.9371166572	0.04240843921	
-9.014422211		0.9370932605	0.04276636951	
-8.999284642		0.9370721031	0.04312296829	
-8.984147074		0.9370531568	0.04347819001	
-8.969009505		0.9370363924	0.04383198943	
-8.953871936		0.9370217799	0.04418432167	
-8.938734367		0.9370092883	0.04453514222	
-8.923596798		0.9369988858	0.04488440686	
-8.90845923		0.9369905401	0.04523207177	
-8.893321661		0.9369842179	0.04557809345	
-8.878184092		0.9369798855	0.04592242875	
-8.863046523		0.9369775085	0.0462650349	
-8.847908954		0.9369770521	0.04660586946	
-8.832771386		0.9369784809	0.04694489039	
-8.817633817		0.9369817593	0.047282056	
-8.802496248		0.9369868513	0.04761732501	
-8.787358679		0.9369937204	0.04795065651	
-8.772221111		0.9370023301	0.04828201	
-8.757083542		0.9370126436	0.0486113454	
-8.741945973		0.9370246239	0.04893862303	
-8.726808404		0.9370382339	0.04926380368	
-8.711670835		0.9370534365	0.04958684856	
-8.696533267		0.9370701945	0.04990771935	
-8.681395698		0.9370884706	0.05022637821	
-8.666258129		0.9371082276	0.05054278777	
-8.65112056		0.9371294284	0.05085691118	
-8.635982991		0.9371520359	0.0511687121	
-8.620845423		0.9371760131	0.05147815472	
-8.605707854		0.9372013232	0.05178520379	
-8.590570285		0.9372279295	0.05208982461	
-8.575432716		0.9372557955	0.05239198306	
-8.560295148		0.9372848849	0.05269164564	
-8.545157579		0.9373151614	0.05298877944	
-8.53002001		0.9373465893	0.05328335219	
-8.514882441		0.9373791328	0.05357533226	
-8.499744872		0.9374127565	0.0538646887	
-8.484607304		0.9374474253	0.05415139123	
-8.469469735		0.9374831041	0.05443541027	
-8.454332166		0.9375197585	0.05471671696	
-8.439194597		0.9375573539	0.05499528316	
-8.424057029		0.9375958563	0.05527108151	
-8.40891946		0.937635232	0.05554408539	
-8.393781891		0.9376754472	0.05581426895	
-8.378644322		0.9377164689	0.05608160717	
-8.363506753		0.9377582641	0.05634607584	
-8.348369185		0.9378008	0.05660765154	
-8.333231616		0.9378440443	0.05686631175	
-8.318094047		0.9378879648	0.05712203477	
-8.302956478		0.9379325298	0.05737479979	
-8.287818909		0.9379777076	0.05762458688	
-8.272681341		0.9380234669	0.05787137702	
-8.257543772		0.9380697768	0.05811515208	
-8.242406203		0.9381166064	0.05835589489	
-8.227268634		0.9381639252	0.05859358918	
-8.212131066		0.9382117029	0.05882821966	
-8.196993497		0.9382599095	0.05905977198	
-8.181855928		0.9383085151	0.05928823276	
-8.166718359		0.9383574902	0.05951358959	
-8.15158079		0.9384068054	0.05973583107	
-8.136443222		0.9384564315	0.05995494676	
-8.121305653		0.9385063396	0.06017092725	
-8.106168084		0.9385565008	0.06038376411	
-8.091030515		0.9386068867	0.06059344994	
-8.075892946		0.9386574687	0.06079997834	
-8.060755378		0.9387082187	0.06100334395	
-8.045617809		0.9387591086	0.06120354242	
-8.03048024		0.9388101104	0.06140057042	
-8.015342671		0.9388611963	0.06159442565	
-8.000205103		0.9389123388	0.06178510684	
-7.985067534		0.9389635102	0.06197261376	
-7.969929965		0.9390146831	0.06215694717	
-7.954792396		0.9390658303	0.0623381089	
-7.939654827		0.9391169246	0.06251610176	
-7.924517259		0.9391679388	0.0626909296	
-7.90937969		0.939218846	0.06286259728	
-7.894242121		0.9392696192	0.06303111066	
-7.879104552		0.9393202316	0.06319647663	
-7.863966983		0.9393706563	0.06335870304	
-7.848829415		0.9394208666	0.06351779875	
-7.833691846		0.9394708358	0.0636737736	
-7.818554277		0.9395205373	0.06382663839	
-7.803416708		0.9395699444	0.0639764049	
-7.78827914		0.9396190306	0.06412308585	
-7.773141571		0.9396677693	0.06426669489	
-7.758004002		0.939716134	0.06440724662	
-7.742866433		0.9397640982	0.06454475655	
-7.727728864		0.9398116353	0.06467924108	
-7.712591296		0.9398587188	0.06481071751	
-7.697453727		0.9399053222	0.06493920401	
-7.682316158		0.939951419	0.06506471962	
-7.667178589		0.9399969826	0.06518728421	
-7.652041021		0.9400419866	0.06530691847	
-7.636903452		0.9400864042	0.06542364393	
-7.621765883		0.940130209	0.06553748288	
-7.606628314		0.9401733743	0.0656484584	
-7.591490745		0.9402158734	0.06575659433	
-7.576353177		0.9402576797	0.06586191524	
-7.561215608		0.9402987665	0.06596444641	
-7.546078039		0.9403391069	0.06606421384	
-7.53094047		0.9403786743	0.06616124418	
-7.515802901		0.9404174417	0.06625556476	
-7.500665333		0.9404553824	0.06634720352	
-7.485527764		0.9404924693	0.06643618905	
-7.470390195		0.9405286755	0.06652255049	
-7.455252626		0.940563974	0.06660631759	
-7.440115058		0.9405983377	0.0666875206	
-7.424977489		0.9406317396	0.06676619035	
-7.40983992		0.9406641524	0.06684235812	
-7.394702351		0.940695549	0.0669160557	
-7.379564782		0.940725902	0.06698731533	
-7.364427214		0.9407551842	0.06705616968	
-7.349289645		0.9407833682	0.06712265181	
-7.334152076		0.9408104266	0.06718679519	
-7.319014507		0.9408363318	0.06724863364	
-7.303876938		0.9408610564	0.06730820133	
-7.28873937		0.9408845728	0.06736553271	
-7.273601801		0.9409068532	0.06742066256	
-7.258464232		0.94092787	0.06747362591	
-7.243326663		0.9409475954	0.06752445802	
-7.228189095		0.9409660015	0.06757319439	
-7.213051526		0.9409830604	0.06761987072	
-7.197913957		0.9409987443	0.06766452287	
-7.182776388		0.9410130249	0.06770718687	
-7.167638819		0.9410258742	0.06774789888	
-7.152501251		0.9410372639	0.06778669516	
-7.137363682		0.941047166	0.06782361206	
-7.122226113		0.9410555519	0.06785868602	
-7.107088544		0.9410623934	0.06789195352	
-7.091950975		0.9410676619	0.06792345105	
-7.076813407		0.9410713289	0.06795321513	
-7.061675838		0.9410733658	0.06798128227	
-7.046538269		0.9410737441	0.06800768896	
-7.0314007		0.941072435	0.0680324716	
-7.016263132		0.9410694097	0.06805566658	
-7.001125563		0.9410646395	0.06807731017	
-6.985987994		0.9410580957	0.06809743854	
-6.970850425		0.9410497494	0.06811608774	
-6.955712856		0.9410395718	0.06813329367	
-6.940575288		0.9410275342	0.06814909208	
-6.925437719		0.9410136079	0.06816351852	
-6.91030015		0.940997764	0.06817660834	
-6.895162581		0.9409799741	0.06818839666	
-6.880025013		0.9409602095	0.06819891835	
-6.864887444		0.9409384418	0.068208208	
-6.849749875		0.9409146426	0.0682162999	
-6.834612306		0.9408887838	0.06822322803	
-6.819474737		0.9408608372	0.06822902602	
-6.804337169		0.9408307749	0.0682337271	
-6.7891996		0.9407985691	0.06823736414	
-6.774062031		0.940764192	0.06823996955	
-6.758924462		0.9407276161	0.06824157534	
-6.743786893		0.940688814	0.06824221302	
-6.728649325		0.9406477583	0.06824191362	
-6.713511756		0.9406044218	0.06824070767	
-6.698374187		0.9405587773	0.06823862518	
-6.683236618		0.9405107976	0.06823569565	
-6.66809905		0.9404604555	0.06823194801	
-6.652961481		0.9404077238	0.06822741067	
-6.637823912		0.9403525753	0.06822211151	
-6.622686343		0.9402949824	0.06821607784	
-6.607548774		0.9402349175	0.06820933646	
-6.592411206		0.940172353	0.06820191365	
-6.577273637		0.9401072609	0.06819383515	
-6.562136068		0.9400396131	0.06818512623	
-6.546998499		0.9399693812	0.06817581162	
-6.53186093		0.9398965367	0.0681659156	
-6.516723362		0.939821051	0.06815546193	
-6.501585793		0.9397428955	0.06814447387	
-6.486448224		0.9396620413	0.06813297418	
-6.471310655		0.9395784598	0.06812098505	
-6.456173087		0.9394921227	0.06810852812	
-6.441035518		0.9394030017	0.06809562437	
-6.425897949		0.9393110691	0.06808229413	
-6.41076038		0.9392162977	0.06806855693	
-6.395622811		0.939118661	0.06805443148	
-6.380485243		0.9390181331	0.06803993556	
-6.365347674		0.9389146891	0.06802508594	
-6.350210105		0.938808305	0.06800989829	
-6.335072536		0.9386989577	0.06799438711	
-6.319934967		0.9385866248	0.06797856563	
-6.304797399		0.9384712853	0.06796244583	
-6.28965983		0.9383529185	0.06794603835	
-6.274522261		0.9382315046	0.06792935255	
-6.259384692		0.9381070243	0.06791239649	
-6.244247124		0.9379794587	0.06789517703	
-6.229109555		0.9378487888	0.06787769993	
-6.213971986		0.9377149957	0.06785996994	
-6.198834417		0.9375780599	0.06784199097	
-6.183696848		0.9374379616	0.06782376626	
-6.16855928		0.9372946802	0.06780529849	
-6.153421711		0.9371481943	0.06778659001	
-6.138284142		0.9369984813	0.06776764296	
-6.123146573		0.9368455178	0.06774845937	
-6.108009005		0.9366892794	0.06772904132	
-6.092871436		0.9365297409	0.06770939094	
-6.077733867		0.9363668761	0.06768951046	
-6.062596298		0.9362006584	0.0676694022	
-6.047458729		0.9360310609	0.0676490685	
-6.032321161		0.9358580566	0.06762851162	
-6.017183592		0.9356816184	0.06760773364	
-6.002046023		0.9355017199	0.06758673634	
-5.986908454		0.9353183351	0.06756552104	
-5.971770885		0.9351314388	0.06754408848	
-5.956633317		0.9349410067	0.06752243871	
-5.941495748		0.9347470156	0.06750057098	
-5.926358179		0.934549443	0.06747848368	
-5.91122061		0.9343482678	0.0674561743	
-5.896083042		0.9341434693	0.06743363943	
-5.880945473		0.933935028	0.06741087478	
-5.865807904		0.9337229248	0.06738787519	
-5.850670335		0.9335071413	0.06736463479	
-5.835532766		0.9332876592	0.06734114698	
-5.820395198		0.9330644607	0.06731740459	
-5.805257629		0.9328375278	0.06729339991	
-5.79012006		0.9326068427	0.06726912482	
-5.774982491		0.9323723875	0.06724457083	
-5.759844922		0.932134144	0.06721972913	
-5.744707354		0.931892094	0.06719459064	
-5.729569785		0.9316462192	0.06716914601	
-5.714432216		0.931396501	0.06714338562	
-5.699294647		0.9311429209	0.06711729955	
-5.684157079		0.9308854602	0.06709087755	
-5.66901951		0.9306241004	0.06706410901	
-5.653881941		0.9303588228	0.06703698286	
-5.638744372		0.930089609	0.06700948755	
-5.623606803		0.9298164405	0.06698161093	
-5.608469235		0.9295392989	0.06695334026	
-5.593331666		0.9292581661	0.06692466211	
-5.578194097		0.9289730239	0.06689556229	
-5.563056528		0.9286838541	0.06686602587	
-5.547918959		0.9283906386	0.06683603709	
-5.532781391		0.9280933595	0.0668055794	
-5.517643822		0.9277919987	0.06677463539	
-5.502506253		0.9274865382	0.06674318687	
-5.487368684		0.9271769602	0.06671121485	
-5.472231116		0.926863247	0.06667869956	
-5.457093547		0.9265453808	0.06664562054	
-5.441955978		0.9262233445	0.06661195665	
-5.426818409		0.9258971208	0.06657768615	
-5.41168084		0.9255666932	0.06654278673	
-5.396543272		0.9252320454	0.06650723562	
-5.381405703		0.9248931617	0.06647100959	
-5.366268134		0.9245500268	0.06643408506	
-5.351130565		0.9242026263	0.06639643813	
-5.335992996		0.9238509461	0.06635804463	
-5.320855428		0.9234949728	0.06631888013	
-5.305717859		0.9231346935	0.06627892004	
-5.29058029		0.9227700958	0.06623813955	
-5.275442721		0.9224011676	0.06619651371	
-5.260305153		0.9220278972	0.06615401741	
-5.245167584		0.9216502733	0.06611062537	
-5.230030015		0.9212682843	0.06606631215	
-5.214892446		0.920881919	0.06602105215	
-5.199754877		0.920491166	0.0659748196	
-5.184617309		0.9200960137	0.06592758853	
-5.16947974		0.9196964505	0.06587933279	
-5.154342171		0.9192924643	0.06583002602	
-5.139204602		0.918884043	0.06577964166	
-5.124067034		0.9184711741	0.06572815296	
-5.108929465		0.9180538448	0.06567553296	
-5.093791896		0.9176320422	0.06562175452	
-5.078654327		0.9172057532	0.06556679033	
-5.063516758		0.9167749643	0.06551061293	
-5.04837919		0.9163396624	0.06545319471	
-5.033241621		0.9158998339	0.06539450796	
-5.018104052		0.9154554655	0.06533452488	
-5.002966483		0.9150065439	0.06527321763	
-4.987828914		0.914553056	0.06521055831	
-4.972691346		0.9140949886	0.06514651904	
-4.957553777		0.9136323291	0.06508107196	
-4.942416208		0.9131650649	0.06501418926	
-4.927278639		0.9126931836	0.06494584321	
-4.912141071		0.9122166732	0.0648760062	
-4.897003502		0.9117355219	0.06480465071	
-4.881865933		0.911249718	0.0647317494	
-4.866728364		0.9107592502	0.06465727508	
-4.851590795		0.9102641074	0.06458120077	
-4.836453227		0.9097642786	0.06450349965	
-4.821315658		0.909259753	0.06442414516	
-4.806178089		0.90875052	0.06434311095	
-4.79104052		0.9082365691	0.06426037093	
-4.775902951		0.9077178897	0.06417589924	
-4.760765383		0.9071944715	0.06408967034	
-4.745627814		0.9066663042	0.06400165892	
-4.730490245		0.9061333775	0.06391184002	
-4.715352676		0.9055956811	0.06382018894	
-4.700215108		0.9050532047	0.06372668133	
-4.685077539		0.9045059381	0.06363129316	
-4.66993997		0.9039538709	0.06353400073	
-4.654802401		0.9033969929	0.06343478073	
-4.639664832		0.9028352937	0.06333361019	
-4.624527264		0.9022687631	0.06323046651	
-4.609389695		0.9016973907	0.06312532753	
-4.594252126		0.9011211662	0.06301817144	
-4.579114557		0.9005400792	0.06290897688	
-4.563976988		0.8999541196	0.06279772292	
-4.54883942		0.8993632771	0.06268438906	
-4.533701851		0.8987675413	0.06256895527	
-4.518564282		0.898166902	0.06245140197	
-4.503426713		0.8975613492	0.06233171007	
-4.488289145		0.8969508728	0.06220986098	
-4.473151576		0.8963354626	0.06208583659	
-4.458014007		0.8957151088	0.06195961932	
-4.442876438		0.8950898014	0.06183119211	
-4.427738869		0.8944595307	0.06170053841	
-4.412601301		0.8938242869	0.06156764225	
-4.397463732		0.8931840603	0.06143248817	
-4.382326163		0.8925388416	0.0612950613	
-4.367188594		0.8918886211	0.0611553473	
-4.352051026		0.8912333896	0.06101333244	
-4.336913457		0.8905731379	0.06086900353	
-4.321775888		0.8899078569	0.06072234798	
-4.306638319		0.8892375375	0.06057335379	
-4.29150075		0.8885621709	0.06042200954	
-4.276363182		0.8878817483	0.06026830441	
-4.261225613		0.8871962611	0.06011222817	
-4.246088044		0.8865057008	0.05995377119	
-4.230950475		0.885810059	0.05979292444	
-4.215812906		0.8851093275	0.05962967949	
-4.200675338		0.8844034981	0.05946402851	
-4.185537769		0.8836925629	0.05929596428	
-4.1704002		0.8829765142	0.05912548017	
-4.155262631		0.8822553443	0.05895257013	
-4.140125063		0.8815290457	0.05877722873	
-4.124987494		0.8807976111	0.05859945112	
-4.109849925		0.8800610334	0.05841923304	
-4.094712356		0.8793193057	0.05823657082	
-4.079574787		0.8785724213	0.05805146136	
-4.064437219		0.8778203736	0.05786390213	
-4.04929965		0.8770631563	0.05767389118	
-4.034162081		0.8763007634	0.05748142712	
-4.019024512		0.875533189	0.05728650911	
-4.003886943		0.8747604275	0.05708913686	
-3.988749375		0.8739824736	0.05688931063	
-3.973611806		0.8731993222	0.05668703118	
-3.958474237		0.8724109685	0.05648229984	
-3.943336668		0.8716174082	0.0562751184	
-3.9281991		0.8708186368	0.05606548921	
-3.913061531		0.8700146507	0.05585341507	
-3.897923962		0.8692054463	0.05563889928	
-3.882786393		0.8683910204	0.05542194562	
-3.867648824		0.8675713701	0.05520255831	
-3.852511256		0.8667464931	0.05498074205	
-3.837373687		0.8659163873	0.05475650194	
-3.822236118		0.865081051	0.05452984353	
-3.807098549		0.8642404829	0.0543007728	
-3.79196098		0.8633946824	0.05406929609	
-3.776823412		0.8625436489	0.05383542017	
-3.761685843		0.8616873827	0.05359915215	
-3.746548274		0.8608258843	0.05336049953	
-3.731410705		0.8599591547	0.05311947016	
-3.716273137		0.8590871956	0.05287607222	
-3.701135568		0.858210009	0.05263031421	
-3.685997999		0.8573275976	0.05238220497	
-3.67086043		0.8564399646	0.05213175362	
-3.655722861		0.8555471138	0.05187896957	
-3.640585293		0.8546490496	0.05162386254	
-3.625447724		0.8537457769	0.05136644248	
-3.610310155		0.8528373013	0.05110671962	
-3.595172586		0.851923629	0.05084470444	
-3.580035018		0.8510047669	0.05058040766	
-3.564897449		0.8500807227	0.05031384021	
-3.54975988		0.8491515045	0.05004501327	
-3.534622311		0.8482171212	0.04977393823	
-3.519484742		0.8472775826	0.04950062668	
-3.504347174		0.8463328991	0.04922509042	
-3.489209605		0.8453830818	0.04894734146	
-3.474072036		0.8444281426	0.048667392	
-3.458934467		0.8434680943	0.04838525444	
-3.443796898		0.8425029504	0.04810094139	
-3.42865933		0.8415327252	0.04781446562	
-3.413521761		0.8405574338	0.04752584015	
-3.398384192		0.8395770924	0.04723507816	
-3.383246623		0.8385917177	0.04694219308	
-3.368109055		0.8376013275	0.04664719853	
-3.352971486		0.8366059404	0.04635010837	
-3.337833917		0.835605576	0.04605093669	
-3.322696348		0.8346002548	0.04574969786	
-3.307558779		0.8335899982	0.04544640647	
-3.292421211		0.8325748284	0.04514107744	
-3.277283642		0.8315547688	0.04483372597	
-3.262146073		0.8305298437	0.04452436759	
-3.247008504		0.8295000783	0.04421301819	
-3.231870935		0.8284654988	0.04389969401	
-3.216733367		0.8274261326	0.04358441173	
-3.201595798		0.8263820077	0.04326718844	
-3.186458229		0.8253331536	0.04294804171	
-3.17132066		0.8242796006	0.04262698962	
-3.156183092		0.8232213799	0.0423040508	
-3.141045523		0.8221585241	0.04197924445	
-3.125907954		0.8210910664	0.04165259041	
-3.110770385		0.8200190416	0.04132410919	
-3.095632816		0.8189424851	0.04099382205	
-3.080495248		0.8178614335	0.040661751	
-3.065357679		0.8167759247	0.04032791889	
-3.05022011		0.8156859974	0.03999234946	
-3.035082541		0.8145916916	0.0396550674	
-3.019944972		0.8134930481	0.03931609839	
-3.004807404		0.8123901092	0.03897546921	
-2.989669835		0.8112829179	0.03863320773	
-2.974532266		0.8101715184	0.03828934307	
-2.959394697		0.8090559562	0.03794390557	
-2.944257129		0.8079362776	0.03759692695	
-2.92911956		0.8068125301	0.03724844031	
-2.913981991		0.8056847624	0.03689848024	
-2.898844422		0.804553024	0.03654708288	
-2.883706853		0.8034173657	0.03619428601	
-2.868569285		0.8022778393	0.03584012907	
-2.853431716		0.8011344976	0.03548465332	
-2.838294147		0.7999873945	0.03512790182	
-2.823156578		0.7988365849	0.03476991957	
-2.80801901		0.7976821247	0.03441075354	
-2.792881441		0.796524071	0.03405045275	
-2.777743872		0.7953624817	0.03368906834	
-2.762606303		0.7941974156	0.03332665365	
-2.747468734		0.7930289328	0.03296326422	
-2.732331166		0.7918570941	0.03259895792	
-2.717193597		0.7906819611	0.03223379497	
-2.702056028		0.7895035966	0.03186783795	
-2.686918459		0.7883220642	0.03150115194	
-2.67178089		0.7871374282	0.03113380443	
-2.656643322		0.7859497538	0.03076586548	
-2.641505753		0.784759107	0.03039740765	
-2.626368184		0.7835655546	0.03002850605	
-2.611230615		0.7823691641	0.02965923836	
-2.596093047		0.7811700034	0.02928968482	
-2.580955478		0.7799681414	0.02891992821	
-2.565817909		0.7787636474	0.02855005388	
-2.55068034		0.7775565913	0.02818014966	
-2.535542771		0.7763470432	0.02781030587	
-2.520405203		0.775135074	0.02744061526	
-2.505267634		0.7739207546	0.02707117295	
-2.490130065		0.7727041563	0.02670207636	
-2.474992496		0.7714853506	0.02633342515	
-2.459854927		0.770264409	0.0259653211	
-2.444717359		0.7690414031	0.02559786804	
-2.42957979		0.7678164043	0.0252311717	
-2.414442221		0.7665894839	0.02486533964	
-2.399304652		0.7653607129	0.02450048104	
-2.384167084		0.7641301617	0.02413670662	
-2.369029515		0.7628979005	0.02377412846	
-2.353891946		0.7616639984	0.02341285979	
-2.338754377		0.760428524	0.02305301487	
-2.323616808		0.7591915447	0.02269470878	
-2.30847924		0.7579531269	0.02233805721	
-2.293341671		0.7567133357	0.02198317625	
-2.278204102		0.7554722345	0.0216301822	
-2.263066533		0.7542298854	0.02127919131	
-2.247928964		0.7529863483	0.02093031958	
-2.232791396		0.7517416812	0.02058368253	
-2.217653827		0.7504959398	0.02023939492	
-2.202516258		0.7492491773	0.01989757054	
-2.187378689		0.7480014442	0.01955832197	
-2.172241121		0.7467527878	0.01922176031	
-2.157103552		0.7455032524	0.01888799493	
-2.141965983		0.7442528789	0.01855713325	
-2.126828414		0.7430017042	0.01822928047	
-2.111690845		0.7417497614	0.01790453936	
-2.096553277		0.740497079	0.01758300998	
-2.081415708		0.7392436813	0.0172647895	
-2.066278139		0.7379895874	0.01694997192	
-2.05114057		0.7367348115	0.01663864793	
-2.036003002		0.735479362	0.01633090463	
-2.020865433		0.7342232418	0.01602682537	
-2.005727864		0.7329664476	0.01572648959	
-1.990590295		0.7317089697	0.01542997261	
-1.975452726		0.7304507918	0.0151373455	
-1.960315158		0.7291918904	0.01484867492	
-1.945177589		0.7279322349	0.01456402301	
-1.93004002		0.726671787	0.01428344729	
-1.914902451		0.7254105006	0.01400700052	
-1.899764882		0.7241483213	0.01373473068	
-1.884627314		0.7228851863	0.01346668088	
-1.869489745		0.7216210242	0.01320288932	
-1.854352176		0.7203557546	0.01294338927	
-1.839214607		0.7190892879	0.01268820905	
-1.824077039		0.7178215251	0.01243737206	
-1.80893947		0.7165523578	0.01219089682	
-1.793801901		0.7152816677	0.01194879696	
-1.778664332		0.7140093266	0.01171108132	
-1.763526763		0.7127351964	0.01147775404	
-1.748389195		0.711459129	0.01124881459	
-1.733251626		0.710180966	0.01102425795	
-1.718114057		0.7089005388	0.01080407466	
-1.702976488		0.7076176689	0.01058825098	
-1.687838919		0.7063321676	0.01037676904	
-1.672701351		0.705043836	0.01016960697	
-1.657563782		0.7037524655	0.009966739045	
-1.642426213		0.7024578378	0.009768135895	
-1.627288644		0.7011597249	0.009573764638	
-1.612151076		0.6998578896	0.009383589074	
-1.597013507		0.6985520859	0.009197569866	
-1.581875938		0.6972420588	0.009015664722	
-1.566738369		0.6959275451	0.008837828586	
-1.5516008		0.6946082738	0.008664013823	
-1.536463232		0.6932839663	0.008494170407	
-1.521325663		0.6919543371	0.008328246113	
-1.506188094		0.6906190943	0.008166186698	
-1.491050525		0.6892779398	0.008007936086	
-1.475912956		0.6879305705	0.007853436548	
-1.460775388		0.6865766785	0.007702628878	
-1.445637819		0.6852159516	0.007555452565	
-1.43050025		0.6838480743	0.007411845958	
-1.415362681		0.6824727286	0.007271746429	
-1.400225113		0.6810895942	0.007135090526	
-1.385087544		0.6796983494	0.007001814125	
-1.369949975		0.6782986721	0.00687185257	
-1.354812406		0.6768902403	0.006745140813	
-1.339674837		0.6754727329	0.006621613537	
-1.324537269		0.6740458302	0.006501205288	
-1.3093997		0.6726092151	0.006383850581	
-1.294262131		0.6711625734	0.006269484018	
-1.279124562		0.6697055945	0.006158040384	
-1.263986993		0.6682379719	0.006049454743	
-1.248849425		0.6667594036	0.005943662525	
-1.233711856		0.6652695918	0.005840599599	
-1.218574287		0.6637682416	0.00574020234	
-1.203436718		0.6622550579	0.005642407664	
-1.18829915		0.6607297381	0.005547153035	
-1.173161581		0.659191956	0.005454376396	
-1.158024012		0.6576413285	0.005364015961	
-1.142886443		0.6560773462	0.005276009741	
-1.127748874		0.6544992293	0.005190294515	
-1.112611306		0.6529056359	0.005106803723	
-1.097473737		0.6512940747	0.005025463258	
-1.082336168		0.649659774	0.004946183445	
-1.067198599		0.6479936789	0.004868845092	
-1.052061031		0.6462796176	0.004793280461	
-1.036923462		0.6444928979	0.004719266126	
-1.021785893		0.6426086317	0.004646586683	
-1.006648324		0.6406305875	0.004575240296	
-0.9915107554		0.6386195849	0.004505626056	
-0.9763731866		0.6366599693	0.004438286452	
-0.9612356178		0.6347889107	0.004373412188	
-0.946098049		0.6329887058	0.004310810458	
-0.9309604802		0.631225912	0.004250190396	
-0.9158229115		0.6294751261	0.004191326838	
-0.9006853427		0.6277218015	0.004134075188	
-0.8855477739		0.6259585803	0.00407834312	
-0.8704102051		0.6241819527	0.00402406627	
-0.8552726363		0.6223902966	0.003971194294	
-0.8401350675		0.6205828832	0.003919683895	
-0.8249974987		0.6187594025	0.003869495548	
-0.80985993		0.6169197428	0.003820591979	
-0.7947223612		0.6150638893	0.003772937473	
-0.7795847924		0.6131918781	0.003726497557	
-0.7644472236		0.6113037752	0.003681238845	
-0.7493096548		0.6093996667	0.003637128965	
-0.734172086		0.6074796544	0.003594136514	
-0.7190345173		0.6055438537	0.003552231027	
-0.7038969485		0.6035923927	0.003511382961	
-0.6887593797		0.6016254111	0.003471563673	
-0.6736218109		0.5996430604	0.003432745401	
-0.6584842421		0.5976455034	0.003394901247	
-0.6433466733		0.595632914	0.003358005161	
-0.6282091046		0.5936054768	0.003322031919	
-0.6130715358		0.5915633871	0.003286957111	
-0.597933967		0.5895068507	0.00325275712	
-0.5827963982		0.5874360836	0.003219409103	
-0.5676588294		0.5853513116	0.003186890975	
-0.5525212606		0.5832527706	0.003155181393	
-0.5373836918		0.5811407059	0.003124259734	
-0.5222461231		0.5790153721	0.003094106083	
-0.5071085543		0.5768770333	0.003064701212	
-0.4919709855		0.5747259622	0.003036026563	
-0.4768334167		0.5725624404	0.003008064233	
-0.4616958479		0.5703867579	0.002980796958	
-0.4465582791		0.5681992133	0.002954208093	
-0.4314207104		0.5660001129	0.0029282816	
-0.4162831416		0.5637897711	0.00290300203	
-0.4011455728		0.56156851	0.002878354507	
-0.386008004		0.559336659	0.002854324717	
-0.3708704352		0.5570945547	0.002830898888	
-0.3557328664		0.5548425409	0.002808063779	
-0.3405952976		0.5525809679	0.002785806664	
-0.3254577289		0.5503101926	0.002764115322	
-0.3103201601		0.5480305783	0.002742978017	
-0.2951825913		0.5457424942	0.002722383491	
-0.2800450225		0.5434463154	0.002702320949	
-0.2649074537		0.5411424224	0.002682780049	
-0.2497698849		0.5388312014	0.002663750885	
-0.2346323162		0.5365130433	0.002645223982	
-0.2194947474		0.5341883438	0.00262719028	
-0.2043571786		0.5318575034	0.002609641126	
-0.1892196098		0.5295209266	0.002592568263	
-0.174082041		0.527179022	0.002575963819	
-0.1589444722		0.524832202	0.0025598203	
-0.1438069035		0.5224808823	0.002544130579	
-0.1286693347		0.5201254818	0.002528887887	
-0.1135317659		0.5177664224	0.002514085805	
-0.0983941971		0.5154041283	0.002499718256	
-0.08325662831		0.5130390262	0.0024857795	
-0.06811905953		0.5106715448	0.002472264121	
-0.05298149075		0.5083021144	0.002459167026	
-0.03784392196		0.5059311665	0.002446483432	
-0.02270635318		0.5035591341	0.002434208867	
-0.007568784392		0.5011864506	0.00242233916	
0.007568784392		0.49881355	0.002410870434	
0.02270635318		0.4964408665	0.002399799105	
0.03784392196		0.494068834	0.002389121875	
0.05298149075		0.4916978861	0.002378835725	
0.06811905953		0.4893284556	0.002368937916	
0.08325662831		0.4869609741	0.002359425981	
0.0983941971		0.4845958719	0.002350297724	
0.1135317659		0.4822335777	0.002341551212	
0.1286693347		0.4798745181	0.00233318478	
0.1438069035		0.4775191175	0.002325197021	
0.1589444722		0.4751677976	0.002317586787	
0.174082041		0.4728209774	0.002310353187	
0.1892196098		0.4704790727	0.002303495583	
0.2043571786		0.4681424958	0.00229701359	
0.2194947474		0.4658116552	0.002290907076	
0.2346323162		0.4634869557	0.002285176157	
0.2497698849		0.4611687975	0.002279821201	
0.2649074537		0.4588575765	0.002274842822	
0.2800450225		0.4565536836	0.002270241886	
0.2951825913		0.4542575049	0.002266019504	
0.3103201601		0.4519694209	0.002262177037	
0.3254577289		0.4496898067	0.002258716094	
0.3405952976		0.4474190316	0.002255638533	
0.3557328664		0.4451574589	0.002252946462	
0.3708704352		0.4429054453	0.002250642238	
0.386008004		0.4406633414	0.00224872847	
0.4011455728		0.4384314907	0.002247208019	
0.4162831416		0.43621023	0.002246083999	
0.4314207104		0.4339998885	0.002245359778	
0.4465582791		0.4318007885	0.002245038982	
0.4616958479		0.4296132441	0.00224512549	
0.4768334167		0.4274375619	0.002245623444	
0.4919709855		0.4252740402	0.002246537244	
0.5071085543		0.4231229692	0.002247871552	
0.5222461231		0.4209846304	0.002249631293	
0.5373836918		0.4188592966	0.002251821659	
0.5525212606		0.4167472317	0.002254448106	
0.5676588294		0.4146486904	0.002257516359	
0.5827963982		0.4125639181	0.002261032412	
0.597933967		0.4104931505	0.002265002532	
0.6130715358		0.4084366136	0.002269433255	
0.6282091046		0.4063945233	0.002274331391	
0.6433466733		0.4043670855	0.002279704026	
0.6584842421		0.4023544955	0.002285558518	
0.6736218109		0.4003569379	0.002291902502	
0.6887593797		0.3983745866	0.002298743889	
0.7038969485		0.3964076045	0.002306090865	
0.7190345173		0.3944561429	0.002313951891	
0.734172086		0.3925203419	0.002322335703	
0.7493096548		0.3906003292	0.002331251309	
0.7644472236		0.3886962205	0.002340707983	
0.7795847924		0.3868081176	0.002350715263	
0.7947223612		0.3849361065	0.002361282932	
0.80985993		0.3830802532	0.00237242099	
0.8249974987		0.3812405938	0.002384139587	
0.8401350675		0.3794171136	0.002396448882	
0.8552726363		0.3776097008	0.002409358734	
0.8704102051		0.3758180453	0.002422878013	
0.8855477739		0.3740414185	0.002437013093	
0.9006853427		0.3722781981	0.00245176457	
0.9158229115		0.3705248743	0.002467120299	
0.9309604802		0.3687740892	0.002483041449	
0.946098049		0.3670112961	0.002499438189	
0.9612356178		0.365211092	0.00251614139	
0.9763731866		0.363340034	0.002532917473	
0.9915107554		0.3613804188	0.002549632174	
1.006648324		0.3593694164	0.002566535966	
1.021785893		0.3573913723	0.002584232326	
1.036923462		0.3555071062	0.002603182526	
1.052061031		0.3537203864	0.002623448079	
1.067198599		0.352006325	0.002644878069	
1.082336168		0.3503402297	0.002667314669	
1.097473737		0.3487059288	0.002690656802	
1.112611306		0.3470943672	0.002714852969	
1.127748874		0.3455007734	0.002739882163	
1.142886443		0.3439226561	0.002765739875	
1.158024012		0.3423586733	0.002792430008	
1.173161581		0.3408080454	0.002819960609	
1.18829915		0.3392702629	0.002848341689	
1.203436718		0.3377449427	0.002877584125	
1.218574287		0.3362317587	0.002907699095	
1.233711856		0.3347304081	0.002938697783	
1.248849425		0.333240596	0.002970591219	
1.263986993		0.3317620274	0.003003390173	
1.279124562		0.3302944045	0.003037105091	
1.294262131		0.3288374254	0.003071746033	
1.3093997		0.3273907834	0.003107322628	
1.324537269		0.3259541682	0.003143844022	
1.339674837		0.3245272654	0.003181318835	
1.354812406		0.3231097578	0.00321975511	
1.369949975		0.3217013259	0.003259160266	
1.385087544		0.3203016486	0.00329954105	
1.400225113		0.3189104037	0.003340903487	
1.415362681		0.3175272692	0.003383252825	
1.43050025		0.3161519234	0.003426593487	
1.445637819		0.3147840462	0.003470929022	
1.460775388		0.3134233193	0.003516262043	
1.475912956		0.3120694273	0.003562594184	
1.491050525		0.3107220581	0.003609926043	
1.506188094		0.3093809038	0.003658257129	
1.521325663		0.3080456611	0.003707585813	
1.536463232		0.306716032	0.003757909275	
1.5516008		0.3053917247	0.003809223455	
1.566738369		0.3040724536	0.003861523008	
1.581875938		0.3027579402	0.003914801253	
1.597013507		0.3014479133	0.003969050131	
1.612151076		0.3001421098	0.004024260166	
1.627288644		0.2988402749	0.004080420423	
1.642426213		0.2975421623	0.004137518474	
1.657563782		0.2962475348	0.004195540368	
1.672701351		0.2949561646	0.004254470602	
1.687838919		0.2936678333	0.004314292097	
1.702976488		0.2923823322	0.004374986181	
1.718114057		0.2910994625	0.004436532575	
1.733251626		0.2898190356	0.004498909387	
1.748389195		0.2885408727	0.004562093105	
1.763526763		0.2872648054	0.004626058604	
1.778664332		0.2859906754	0.004690779152	
1.793801901		0.2847183344	0.004756226432	
1.80893947		0.2834476443	0.004822370554	
1.824077039		0.2821784769	0.004889180093	
1.839214607		0.2809107142	0.004956622116	
1.854352176		0.2796442474	0.005024662229	
1.869489745		0.2783789776	0.00509326462	
1.884627314		0.2771148154	0.005162392115	
1.899764882		0.2758516802	0.005232006236	
1.914902451		0.2745895007	0.005302067271	
1.93004002		0.273328214	0.00537253434	
1.945177589		0.2720677659	0.005443365473	
1.960315158		0.2708081101	0.005514517694	
1.975452726		0.2695492085	0.005585947105	
1.990590295		0.2682910303	0.005657608978	
2.005727864		0.2670335521	0.005729457847	
2.020865433		0.2657767577	0.005801447608	
2.036003002		0.2645206372	0.005873531616	
2.05114057		0.2632651875	0.005945662791	
2.066278139		0.2620104113	0.006017793721	
2.081415708		0.2607563173	0.006089876765	
2.096553277		0.2595029194	0.006161864163	
2.111690845		0.258250237	0.00623370814	
2.126828414		0.256998294	0.006305361012	
2.141965983		0.2557471193	0.006376775289	
2.157103552		0.2544967458	0.006447903784	
2.172241121		0.2532472105	0.006518699708	
2.187378689		0.2519985542	0.006589116774	
2.202516258		0.2507508211	0.006659109289	
2.217653827		0.2495040588	0.00672863225	
2.232791396		0.2482583175	0.006797641434	
2.247928964		0.2470136506	0.00686609348	
2.263066533		0.2457701138	0.006933945973	
2.278204102		0.2445277648	0.007001157519	
2.293341671		0.2432866639	0.007067687815	
2.30847924		0.2420468729	0.007133497722	
2.323616808		0.2408084554	0.007198549318	
2.338754377		0.2395714763	0.007262805959	
2.353891946		0.2383360021	0.007326232328	
2.369029515		0.2371021003	0.007388794482	
2.384167084		0.2358698392	0.007450459887	
2.399304652		0.2346392883	0.007511197457	
2.414442221		0.2334105174	0.00757097758	
2.42957979		0.2321835972	0.007629772141	
2.444717359		0.2309585985	0.007687554538	
2.459854927		0.2297355926	0.0077442997	
2.474992496		0.2285146511	0.007799984088	
2.490130065		0.2272958453	0.007854585701	
2.505267634		0.226079247	0.007908084074	
2.520405203		0.2248649276	0.007960460268	
2.535542771		0.2236529582	0.008011696866	
2.55068034		0.2224434101	0.008061777949	
2.565817909		0.2212363538	0.008110689083	
2.580955478		0.2200318596	0.008158417298	
2.596093047		0.2188299974	0.008204951057	
2.611230615		0.2176308366	0.008250280232	
2.626368184		0.2164344458	0.008294396068	
2.641505753		0.2152408932	0.008337291157	
2.656643322		0.2140502462	0.008378959392	
2.67178089		0.2128625715	0.008419395938	
2.686918459		0.2116779353	0.008458597186	
2.702056028		0.2104964027	0.008496560714	
2.717193597		0.209318038	0.008533285246	
2.732331166		0.2081429048	0.008568770606	
2.747468734		0.2069710659	0.008603017677	
2.762606303		0.2058025829	0.008636028352	
2.777743872		0.2046375168	0.008667805493	
2.792881441		0.2034759274	0.008698352884	
2.80801901		0.2023178736	0.008727675186	
2.823156578		0.2011634134	0.008755777892	
2.838294147		0.2000126038	0.008782667283	
2.853431716		0.1988655007	0.008808350383	
2.868569285		0.1977221591	0.008832834916	
2.883706853		0.1965826327	0.008856129264	
2.898844422		0.1954469745	0.008878242424	
2.913981991		0.1943152363	0.008899183967	
2.92911956		0.1931874687	0.008918963999	
2.944257129		0.1920637214	0.008937593123	
2.959394697		0.1909440429	0.008955082398	
2.974532266		0.1898284809	0.008971443309	
2.989669835		0.1887170817	0.008986687723	
3.004807404		0.1876098906	0.009000827864	
3.019944972		0.1865069518	0.009013876275	
3.035082541		0.1854083086	0.009025845791	
3.05022011		0.1843140029	0.009036749503	
3.065357679		0.1832240758	0.009046600739	
3.080495248		0.1821385672	0.009055413028	
3.095632816		0.1810575158	0.00906320008	
3.110770385		0.1799809595	0.009069975759	
3.125907954		0.1789089347	0.009075754063	
3.141045523		0.1778414772	0.0090805491	
3.156183092		0.1767786215	0.009084375068	
3.17132066		0.1757204009	0.009087246235	
3.186458229		0.1746668479	0.009089176926	
3.201595798		0.1736179938	0.0090901815	
3.216733367		0.172573869	0.009090274339	
3.231870935		0.1715345028	0.009089469832	
3.247008504		0.1704999233	0.009087782361	
3.262146073		0.1694701579	0.00908522629	
3.277283642		0.1684452327	0.009081815955	
3.292421211		0.1674251731	0.009077565649	
3.307558779		0.1664100033	0.009072489619	
3.322696348		0.1653997466	0.009066602051	
3.337833917		0.1643944253	0.009059917069	
3.352971486		0.1633940608	0.009052448721	
3.368109055		0.1623986737	0.009044210979	
3.383246623		0.1614082834	0.009035217729	
3.398384192		0.1604229087	0.009025482768	
3.413521761		0.1594425671	0.009015019802	
3.42865933		0.1584672757	0.009003842436	
3.443796898		0.1574970504	0.008991964179	
3.458934467		0.1565319064	0.008979398435	
3.474072036		0.155571858	0.008966158503	
3.489209605		0.1546169187	0.008952257575	
3.504347174		0.1536671013	0.008937708736	
3.519484742		0.1527224176	0.008922524962	
3.534622311		0.1517828789	0.008906719117	
3.54975988		0.1508484955	0.008890303957	
3.564897449		0.1499192771	0.008873292128	
3.580035018		0.1489952326	0.008855696164	
3.595172586		0.1480763703	0.00883752849	
3.610310155		0.1471626978	0.008818801422	
3.625447724		0.1462542219	0.008799527168	
3.640585293		0.1453509489	0.008779717826	
3.655722861		0.1444528843	0.008759385391	
3.67086043		0.1435600331	0.008738541749	
3.685997999		0.1426723997	0.008717198684	
3.701135568		0.1417899879	0.008695367876	
3.716273137		0.1409128009	0.008673060902	
3.731410705		0.1400408413	0.008650289243	
3.746548274		0.1391741112	0.008627064276	
3.761685843		0.1383126123	0.008603397283	
3.776823412		0.1374563456	0.00857929945	
3.79196098		0.1366053118	0.008554781869	
3.807098549		0.1357595109	0.008529855536	
3.822236118		0.1349189425	0.008504531359	
3.837373687		0.134083606	0.008478820153	
3.852511256		0.1332535	0.008452732645	
3.867648824		0.132428623	0.008426279473	
3.882786393		0.1316089729	0.00839947119	
3.897923962		0.1307945473	0.008372318263	
3.913061531		0.1299853433	0.008344831074	
3.9281991		0.1291813578	0.008317019922	
3.943336668		0.1283825873	0.008288895025	
3.958474237		0.127589028	0.008260466517	
3.973611806		0.1268006756	0.008231744453	
3.988749375		0.1260175257	0.008202738809	
4.003886943		0.1252395735	0.008173459479	
4.019024512		0.1244668139	0.008143916282	
4.034162081		0.1236992415	0.008114118956	
4.04929965		0.1229368509	0.008084077162	
4.064437219		0.122179636	0.008053800485	
4.079574787		0.1214275908	0.008023298432	
4.094712356		0.1206807089	0.007992580433	
4.109849925		0.1199389837	0.007961655841	
4.124987494		0.1192024085	0.007930533935	
4.140125063		0.1184709763	0.007899223916	
4.155262631		0.1177446798	0.007867734906	
4.1704002		0.1170235118	0.007836075956	
4.185537769		0.1163074646	0.007804256035	
4.200675338		0.1155965305	0.007772284038	
4.215812906		0.1148907017	0.007740168782	
4.230950475		0.1141899701	0.007707919008	
4.246088044		0.1134943275	0.007675543378	
4.261225613		0.1128037657	0.007643050477	
4.276363182		0.1121182761	0.00761044881	
4.29150075		0.1114378503	0.007577746805	
4.306638319		0.1107624795	0.00754495281	
4.321775888		0.1100921551	0.007512075095	
4.336913457		0.109426868	0.007479121847	
4.352051026		0.1087666094	0.007446101174	
4.367188594		0.1081113703	0.007413021104	
4.382326163		0.1074611414	0.007379889581	
4.397463732		0.1068159137	0.007346714468	
4.412601301		0.1061756777	0.007313503545	
4.427738869		0.1055404243	0.007280264507	
4.442876438		0.104910144	0.007247004966	
4.458014007		0.1042848273	0.007213732447	
4.473151576		0.1036644648	0.007180454391	
4.488289145		0.1030490468	0.007147178151	
4.503426713		0.1024385638	0.007113910992	
4.518564282		0.1018330059	0.007080660089	
4.533701851		0.1012323636	0.00704743253	
4.54883942		0.1006366269	0.007014235308	
4.563976988		0.100045786	0.006981075327	
4.579114557		0.09945983081	0.006947959396	
4.594252126		0.09887875135	0.006914894229	
4.609389695		0.09830253745	0.006881886445	
4.624527264		0.09773117887	0.006848942567	
4.639664832		0.09716466527	0.006816069017	
4.654802401		0.0966029862	0.006783272119	
4.66993997		0.09604613109	0.006750558096	
4.685077539		0.09549408927	0.00671793307	
4.700215108		0.09494684995	0.006685403059	
4.715352676		0.09440440222	0.00665297398	
4.730490245		0.09386673506	0.006620651644	
4.745627814		0.09333383734	0.006588441759	
4.760765383		0.09280569782	0.006556349926	
4.775902951		0.09228230518	0.006524381647	
4.79104052		0.09176364802	0.006492542314	
4.806178089		0.09124971486	0.006460837219	
4.821315658		0.09074049419	0.006429271552	
4.836453227		0.09023597449	0.006397850399	
4.851590795		0.0897361442	0.006366578748	
4.866728364		0.08924099183	0.006335461487	
4.881865933		0.08875050588	0.00630450341	
4.897003502		0.08826467496	0.006273709211	
4.912141071		0.08778348774	0.006243083493	
4.927278639		0.087306933	0.006212630767	
4.942416208		0.08683499961	0.006182355451	
4.957553777		0.08636767659	0.006152261876	
4.972691346		0.08590495303	0.006122354279	
4.987828914		0.08544681815	0.006092636812	
5.002966483		0.08499326123	0.006063113533	
5.018104052		0.08454427161	0.006033788412	
5.033241621		0.08409983864	0.006004665325	
5.04837919		0.08365995163	0.005975748053	
5.063516758		0.08322459981	0.005947040278	
5.078654327		0.08279377226	0.005918545582	
5.093791896		0.08236745788	0.005890267442	
5.108929465		0.08194564527	0.005862209226	
5.124067034		0.08152832272	0.005834374189	
5.139204602		0.08111547816	0.005806765471	
5.154342171		0.08070709909	0.005779386091	
5.16947974		0.08030317256	0.005752238947	
5.184617309		0.07990368518	0.005725326812	
5.199754877		0.07950862306	0.005698652336	
5.214892446		0.07911797191	0.005672218044	
5.230030015		0.07873171699	0.005646026338	
5.245167584		0.07834984323	0.0056200795	
5.260305153		0.07797233527	0.005594379697	
5.275442721		0.07759917752	0.005568928984	
5.29058029		0.07723035429	0.005543729309	
5.305717859		0.07686584985	0.005518782524	
5.320855428		0.07650564851	0.005494090384	
5.335992996		0.07614973471	0.005469654561	
5.351130565		0.0757980931	0.005445476645	
5.366268134		0.07545070859	0.005421558151	
5.381405703		0.07510756634	0.005397900522	
5.396543272		0.07476865183	0.005374505136	
5.41168084		0.07443395081	0.005351373305	
5.426818409		0.07410344927	0.005328506277	
5.441955978		0.07377713339	0.005305905236	
5.457093547		0.07345498949	0.005283571299	
5.472231116		0.07313700393	0.00526150552	
5.487368684		0.07282316305	0.005239708878	
5.502506253		0.07251345306	0.005218182283	
5.517643822		0.07220785999	0.00519692657	
5.532781391		0.0719063696	0.005175942493	
5.547918959		0.07160896736	0.005155230727	
5.563056528		0.07131563837	0.005134791864	
5.578194097		0.07102636737	0.00511462641	
5.593331666		0.07074113868	0.005094734785	
5.608469235		0.07045993626	0.005075117317	
5.623606803		0.07018274366	0.005055774244	
5.638744372		0.06990954404	0.005036705706	
5.653881941		0.06964032017	0.005017911747	
5.66901951		0.06937505445	0.004999392308	
5.684157079		0.06911372884	0.004981147218	
5.699294647		0.06885632492	0.004963176197	
5.714432216		0.06860282377	0.004945478841	
5.729569785		0.068353206	0.004928054625	
5.744707354		0.06810745167	0.004910902893	
5.759844922		0.06786554027	0.004894022854	
5.774982491		0.06762745068	0.004877413587	
5.79012006		0.06739316114	0.004861074036	
5.805257629		0.06716264929	0.004845003021	
5.820395198		0.06693589216	0.004829199241	
5.835532766		0.06671286626	0.004813661292	
5.850670335		0.06649354764	0.004798387681	
5.865807904		0.06627791205	0.004783376844	
5.880945473		0.06606593506	0.004768627174	
5.896083042		0.06585759223	0.004754137038	
5.91122061		0.06565285932	0.004739904808	
5.926358179		0.06545171242	0.004725928878	
5.941495748		0.06525412817	0.004712207691	
5.956633317		0.06506008387	0.004698739752	
5.971770885		0.06486955764	0.004685523641	
5.986908454		0.06468252844	0.004672558018	
6.002046023		0.06449897609	0.004659841624	
6.017183592		0.06431888127	0.004647373268	
6.032321161		0.0641422254	0.004635151819	
6.047458729		0.06396899049	0.004623176181	
6.062596298		0.06379915894	0.004611445267	
6.077733867		0.06363271335	0.004599957975	
6.092871436		0.06346963625	0.004588713155	
6.108009005		0.06330990987	0.004577709582	
6.123146573		0.06315351587	0.004566945926	
6.138284142		0.06300043519	0.004556420737	
6.153421711		0.06285064783	0.004546132421	
6.16855928		0.06270413276	0.004536079231	
6.183696848		0.06256086785	0.004526259265	
6.198834417		0.06242082985	0.004516670467	
6.213971986		0.06228399448	0.004507310632	
6.229109555		0.0621503365	0.004498177426	
6.244247124		0.06201982986	0.004489268398	
6.259384692		0.06189244788	0.004480581001	
6.274522261		0.06176816345	0.004472112612	
6.28965983		0.06164694918	0.004463860555	
6.304797399		0.06152877767	0.004455822114	
6.319934967		0.06141362162	0.004447994555	
6.335072536		0.06130145399	0.004440375133	
6.350210105		0.06119224813	0.004432961103	
6.365347674		0.06108597782	0.004425749723	
6.380485243		0.06098261735	0.004418738257	
6.395622811		0.0608821415	0.004411923968	
6.41076038		0.0607845255	0.004405304117	
6.425897949		0.06068974499	0.004398875948	
6.441035518		0.06059777593	0.004392636685	
6.456173087		0.06050859449	0.004386583517	
6.471310655		0.06042217698	0.00438071359	
6.486448224		0.0603384997	0.004375023993	
6.501585793		0.06025753885	0.004369511753	
6.516723362		0.06017927047	0.004364173824	
6.53186093		0.06010367029	0.004359007082	
6.546998499		0.06003071371	0.004354008319	
6.562136068		0.05996037571	0.004349174244	
6.577273637		0.05989263087	0.004344501478	
6.592411206		0.05982745329	0.004339986557	
6.607548774		0.0597648166	0.004335625933	
6.622686343		0.059704694	0.004331415978	
6.637823912		0.05964705827	0.00432735299	
6.652961481		0.05959188178	0.004323433195	
6.66809905		0.05953913655	0.004319652753	
6.683236618		0.0594887943	0.004316007765	
6.698374187		0.05944082648	0.004312494279	
6.713511756		0.05939520434	0.004309108292	
6.728649325		0.05935189897	0.004305845759	
6.743786893		0.05931088133	0.004302702596	
6.758924462		0.05927212233	0.004299674683	
6.774062031		0.05923559282	0.004296757869	
6.7891996		0.05920126367	0.004293947975	
6.804337169		0.05916910575	0.004291240795	
6.819474737		0.05913908999	0.004288632098	
6.834612306		0.05911118739	0.004286117633	
6.849749875		0.05908536901	0.004283693124	
6.864887444		0.059061606	0.004281354275	
6.880025013		0.05903986958	0.004279096768	
6.895162581		0.05902013108	0.004276916265	
6.91030015		0.05900236188	0.004274808407	
6.925437719		0.05898653345	0.004272768812	
6.940575288		0.05897261733	0.004270793078	
6.955712856		0.05896058512	0.004268876782	
6.970850425		0.05895040847	0.004267015477	
6.985987994		0.05894205907	0.004265204695	
7.001125563		0.05893550865	0.004263439947	
7.016263132		0.05893072897	0.004261716721	
7.0314007		0.05892769181	0.004260030485	
7.046538269		0.05892636897	0.004258376685	
7.061675838		0.05892673226	0.004256750749	
7.076813407		0.05892875349	0.004255148082	
7.091950975		0.0589324045	0.004253564075	
7.107088544		0.05893765711	0.004251994098	
7.122226113		0.05894448317	0.004250433508	
7.137363682		0.05895285452	0.004248877646	
7.152501251		0.05896274302	0.004247321839	
7.167638819		0.05897412054	0.004245761404	
7.182776388		0.05898695896	0.004244191648	
7.197913957		0.05900123019	0.00424260787	
7.213051526		0.05901690616	0.004241005359	
7.228189095		0.05903395882	0.004239379405	
7.243326663		0.05905236017	0.004237725291	
7.258464232		0.05907208221	0.0042360383	
7.273601801		0.05909309703	0.004234313716	
7.28873937		0.05911537672	0.004232546825	
7.303876938		0.05913889344	0.00423073292	
7.319014507		0.05916361941	0.004228867298	
7.334152076		0.05918952687	0.004226945264	
7.349289645		0.05921658816	0.004224962135	
7.364427214		0.05924477564	0.004222913239	
7.379564782		0.05927406175	0.004220793919	
7.394702351		0.05930441901	0.004218599532	
7.40983992		0.05933581996	0.004216325453	
7.424977489		0.05936823724	0.004213967078	
7.440115058		0.05940164353	0.004211519822	
7.455252626		0.0594360116	0.004208979125	
7.470390195		0.05947131425	0.00420634045	
7.485527764		0.05950752437	0.004203599289	
7.500665333		0.05954461488	0.004200751161	
7.515802901		0.0595825588	0.004197791614	
7.53094047		0.05962132917	0.004194716231	
7.546078039		0.0596608991	0.004191520627	
7.561215608		0.05970124175	0.004188200452	
7.576353177		0.05974233032	0.004184751396	
7.591490745		0.05978413808	0.004181169186	
7.606628314		0.05982663832	0.004177449591	
7.621765883		0.05986980437	0.004173588421	
7.636903452		0.05991360961	0.004169581534	
7.652041021		0.05995802745	0.00416542483	
7.667178589		0.06000303132	0.004161114261	
7.682316158		0.06004859468	0.004156645826	
7.697453727		0.060094691	0.004152015576	
7.712591296		0.06014129378	0.004147219615	
7.727728864		0.06018837652	0.004142254103	
7.742866433		0.06023591274	0.004137115255	
7.758004002		0.06028387594	0.004131799344	
7.773141571		0.06033223963	0.004126302704	
7.78827914		0.06038097731	0.004120621729	
7.803416708		0.06043006246	0.004114752875	
7.818554277		0.06047946854	0.004108692665	
7.833691846		0.06052916898	0.004102437684	
7.848829415		0.0605791372	0.004095984589	
7.863966983		0.06062934654	0.0040893301	
7.879104552		0.06067977032	0.004082471012	
7.894242121		0.06073038182	0.004075404189	
7.90937969		0.06078115424	0.004068126566	
7.924517259		0.06083206071	0.004060635156	
7.939654827		0.0608830743	0.004052927043	
7.954792396		0.06093416801	0.004044999391	
7.969929965		0.06098531472	0.004036849438	
7.985067534		0.06103648724	0.004028474503	
8.000205103		0.06108765828	0.004019871984	
8.015342671		0.06113880041	0.004011039359	
8.03048024		0.06118988612	0.004001974188	
8.045617809		0.06124088774	0.003992674113	
8.060755378		0.06129177748	0.003983136862	
8.075892946		0.06134252741	0.003973360243	
8.091030515		0.06139310944	0.003963342152	
8.106168084		0.06144349533	0.003953080571	
8.121305653		0.06149365665	0.003942573567	
8.136443222		0.06154356483	0.003931819295	
8.15158079		0.06159319107	0.003920815998	
8.166718359		0.06164250643	0.003909562008	
8.181855928		0.06169148172	0.003898055746	
8.196993497		0.06174008757	0.003886295722	
8.212131066		0.06178829438	0.003874280536	
8.227268634		0.06183607235	0.003862008882	
8.242406203		0.06188339141	0.00384947954	
8.257543772		0.06193022128	0.003836691387	
8.272681341		0.06197653144	0.003823643389	
8.287818909		0.06202229109	0.003810334606	
8.302956478		0.06206746919	0.00379676419	
8.318094047		0.06211203445	0.003782931387	
8.333231616		0.06215595528	0.003768835538	
8.348369185		0.06219919985	0.003754476078	
8.363506753		0.06224173604	0.003739852534	
8.378644322		0.06228353145	0.003724964533	
8.393781891		0.0623245534	0.003709811793	
8.40891946		0.06236476892	0.003694394131	
8.424057029		0.06240414476	0.00367871146	
8.439194597		0.06244264739	0.003662763788	
8.454332166		0.06248024301	0.003646551222	
8.469469735		0.0625168975	0.003630073968	
8.484607304		0.06255257649	0.003613332328	
8.499744872		0.06258724534	0.003596326705	
8.514882441		0.06262086913	0.003579057601	
8.53002001		0.06265341268	0.003561525617	
8.545157579		0.06268484055	0.003543731457	
8.560295148		0.06271511709	0.003525675924	
8.575432716		0.06274420637	0.003507359928	
8.590570285		0.06277207227	0.003488784476	
8.605707854		0.06279867847	0.003469950684	
8.620845423		0.06282398844	0.003450859771	
8.635982991		0.06284796551	0.003431513062	
8.65112056		0.06287057282	0.003411911988	
8.666258129		0.06289177341	0.003392058089	
8.681395698		0.06291153022	0.003371953014	
8.696533267		0.06292980609	0.003351598522	
8.711670835		0.06294656382	0.003330996482	
8.726808404		0.06296176619	0.003310148878	
8.741945973		0.062975376	0.003289057805	
8.757083542		0.06298735608	0.003267725474	
8.772221111		0.06299766934	0.003246154214	
8.787358679		0.06300627883	0.00322434647	
8.802496248		0.06301314776	0.003202304806	
8.817633817		0.06301823953	0.003180031908	
8.832771386		0.06302151781	0.003157530581	
8.847908954		0.06302294654	0.003134803757	
8.863046523		0.06302249003	0.00311185449	
8.878184092		0.06302011298	0.003088685961	
8.893321661		0.06301578055	0.003065301478	
8.90845923		0.06300945839	0.003041704479	
8.923596798		0.06300111273	0.003017898529	
8.938734367		0.0629907104	0.002993887327	
8.953871936		0.06297821892	0.002969674703	
8.969009505		0.06296360655	0.002945264621	
8.984147074		0.06294684234	0.002920661176	
8.999284642		0.06292789621	0.002895868603	
9.014422211		0.06290673901	0.002870891268	
9.02955978		0.06288334255	0.002845733674	
9.044697349		0.0628576797	0.002820400463	
9.059834917		0.06282972444	0.00279489641	
9.074972486		0.06279945193	0.002769226429	
9.090110055		0.06276683852	0.002743395567	
9.105247624		0.06273186188	0.002717409009	
9.120385193		0.06269450101	0.002691272074	
9.135522761		0.06265473631	0.002664990216	
9.15066033		0.0626125496	0.002638569018	
9.165797899		0.06256792423	0.002612014199	
9.180935468		0.06252084506	0.002585331602	
9.196073037		0.06247129854	0.002558527199	
9.211210605		0.06241927274	0.002531607088	
9.226348174		0.06236475735	0.002504577485	
9.241485743		0.06230774377	0.002477444727	
9.256623312		0.06224822506	0.002450215265	
9.27176088		0.06218619602	0.00242289566	
9.286898449		0.06212165316	0.002395492582	
9.302036018		0.06205459469	0.002368012802	
9.317173587		0.06198502057	0.002340463188	
9.332311156		0.06191293245	0.002312850701	
9.347448724		0.0618383337	0.00228518239	
9.362586293		0.06176122932	0.002257465385	
9.377723862		0.06168162599	0.00222970689	
9.392861431		0.06159953195	0.002201914178	
9.407998999		0.06151495703	0.002174094586	
9.423136568		0.06142791255	0.002146255506	
9.438274137		0.06133841125	0.002118404378	
9.453411706		0.06124646729	0.002090548684	
9.468549275		0.06115209611	0.00206269594	
9.483686843		0.06105531437	0.002034853688	
9.498824412		0.06095613991	0.002007029492	
9.513961981		0.06085459158	0.001979230925	
9.52909955		0.06075068922	0.001951465563	
9.544237119		0.06064445352	0.001923740981	
9.559374687		0.06053590595	0.001896064741	
9.574512256		0.06042506861	0.001868444385	
9.589649825		0.06031196417	0.001840887429	
9.604787394		0.06019661576	0.001813401356	
9.619924962		0.0600790468	0.001785993605	
9.635062531		0.05995928097	0.001758671567	
9.6502001		0.05983734207	0.001731442577	
9.665337669		0.0597132539	0.001704313907	
9.680475238		0.05958704018	0.001677292759	
9.695612806		0.05945872443	0.00165038626	
9.710750375		0.05932832989	0.001623601453	
9.725887944		0.05919587943	0.001596945293	
9.741025513		0.05906139542	0.001570424641	
9.756163082		0.05892489972	0.001544046257	
9.77130065		0.05878641355	0.001517816798	
9.786438219		0.05864595743	0.001491742807	
9.801575788		0.05850355113	0.001465830717	
9.816713357		0.05835921363	0.001440086835	
9.831850925		0.05821296302	0.00141451735	
9.846988494		0.05806481653	0.001389128317	
9.862126063		0.05791479045	0.001363925664	
9.877263632		0.05776290012	0.00133891518	
9.892401201		0.05760915994	0.001314102515	
9.907538769		0.05745358332	0.001289493176	
9.922676338		0.05729618273	0.001265092526	
9.937813907		0.05713696966	0.001240905776	
9.952951476		0.05697595469	0.001216937989	
9.968089045		0.05681314745	0.001193194069	
9.983226613		0.05664855672	0.001169678766	
9.998364182		0.05648219041	0.001146396669	
10.01350175		0.05631405565	0.001123352205	
10.02863932		0.05614415881	0.001100549638	
10.04377689		0.05597250558	0.001077993065	
10.05891446		0.05579910099	0.001055686414	
10.07405203		0.05562394953	0.001033633442	
10.08918959		0.05544705516	0.001011837736	
10.10432716		0.05526842141	0.0009903027056	
10.11946473		0.05508805147	0.0009690315875	
10.1346023		0.05490594824	0.0009480274394	
10.14973987		0.0547221144	0.0009272931404	
10.16487744		0.05453655254	0.0009068313897	
10.18001501		0.05434926521	0.0008866447047	
10.19515258		0.05416025497	0.0008667354203	
10.21029015		0.05396952454	0.0008471056876	
10.22542771		0.05377707682	0.0008277574733	
10.24056528		0.05358291498	0.0008086925584	
10.25570285		0.05338704255	0.0007899125384	
10.27084042		0.05318946346	0.0007714188217	
10.28597799		0.05299018211	0.0007532126299	
10.30111556		0.05278920336	0.0007352949967	
10.31625313		0.05258653247	0.0007176667666	
10.3313907		0.05238217492	0.0007003285915	
10.34652826		0.05217613588	0.0006832809253	
10.36166583		0.05196841908	0.0006665240107	
10.3768034		0.05175902458	0.0006500578535	
10.39194097		0.05154794391	0.0006338821707	
10.40707854		0.05133515066	0.0006179962894	
10.42221611		0.05112058255	0.0006023989605	
10.43735368		0.05090411121	0.0005870880563	
10.45249125		0.05068550534	0.0005720602371	
10.46762881		0.05046443594	0.0005573111313	
10.48276638		0.0502406606	0.0005428374382	
10.49790395		0.05001446758	0.0005286415103	
10.51304152		0.04978687437	0.0005147327879	
10.52817909		0.04955890288	0.0005011196571	
10.54331666		0.04933080143	0.0004878017964	
10.55845423		0.04910223687	0.0004747729277	
10.5735918		0.04887280642	0.0004620262946	
10.58872936		0.0486422479	0.0004495566719	
10.60386693		0.0484104325	0.000437360143	
10.6190045		0.04817731252	0.0004254334974	
10.63414207		0.0479428827	0.0004137738163	
10.64927964		0.04770715891	0.0004023782552	
10.66441721		0.04747016757	0.0003912439422	
10.67955478		0.04723194076	0.0003803679356	
10.69469235		0.0469925139	0.0003697472068	
10.70982991		0.04675192473	0.000359378636	
10.72496748		0.04651021285	0.0003492590137	
10.74010505		0.0462674195	0.000339385043	
10.75524262		0.04602358747	0.0003297533453	
10.77038019		0.04577876096	0.000320360466	
10.78551776		0.04553298556	0.000311202881	
10.80065533		0.04528630815	0.000302277004	
10.8157929		0.04503877694	0.0002935791919	
10.83093047		0.04479044148	0.0002851057504	
10.84606803		0.04454135269	0.0002768529385	
10.8612056		0.04429156291	0.0002688169725	
10.87634317		0.04404112585	0.0002609940315	
10.89148074		0.04379009649	0.0002533802641	
10.90661831		0.04353853093	0.0002459717957	
10.92175588		0.04328648627	0.0002387647354	
10.93689345		0.04303402061	0.0002317551815	
10.95203102		0.04278119315	0.0002249392252	
10.96716858		0.04252806431	0.0002183129521	
10.98230615		0.04227469586	0.0002118724453	
10.99744372		0.04202115084	0.0002056137883	
11.01258129		0.04176749337	0.0001995330725	
11.02771886		0.04151378831	0.0001936264041	
11.04285643		0.04126010098	0.0001878899114	
11.057994		0.0410064971	0.0001823197498	
11.07313157		0.04075304309	0.000176912102	
11.08826913		0.0404998064	0.000171663178	
11.1034067		0.04024685589	0.0001665692133	
11.11854427		0.03999426182	0.000161626472	
11.13368184		0.0397420954	0.000156831252	
11.14881941		0.03949042813	0.0001521798938	
11.16395698		0.0392393312	0.0001476687884	
11.17909455		0.03898887537	0.0001432943809	
11.19423212		0.03873913149	0.0001390531699	
11.20936968		0.03849017141	0.0001349417018	
11.22450725		0.03824206875	0.0001309565669	
11.23964482		0.03799489907	0.0001270943977	
11.25478239		0.03774873911	0.0001233518748	
11.26991996		0.03750366546	0.0001197257358	
11.28505753		0.03725975331	0.0001162127855	
11.3001951		0.03701707607	0.0001128098998	
11.31533267		0.03677570624	0.0001095140234	
11.33047024		0.03653571718	0.0001063221605	
11.3456078		0.03629718477	0.0001032313652	
11.36074537		0.03606018798	0.0001002387369	
11.37588294		0.03582480775	9.734142422e-05	
11.39102051		0.03559112458	9.453663688e-05	
11.40615808		0.03535921616	9.182165769e-05	
11.42129565		0.03512915634	8.919384934e-05	
11.43643322		0.0349010163	8.665065061e-05	
11.45157079		0.0346748676	8.418956373e-05	
11.46670835		0.03445078526	8.180813946e-05	
11.48184592		0.03422884931	7.950396818e-05	
11.49698349		0.03400914334	7.727468229e-05	
11.51212106		0.03379175075	7.511796878e-05	
11.52725863		0.03357675045	7.303158499e-05	
11.5423962		0.03336421452	7.101336813e-05	
11.55753377		0.03315420948	6.906123254e-05	
11.57267134		0.03294680063	6.717315512e-05	
11.5878089		0.03274205743	6.534715646e-05	
11.60294647		0.03254005666	6.358128771e-05	
11.61808404		0.03234088142	6.187363035e-05	
11.63322161		0.03214461594	6.022230902e-05	
11.64835918		0.03195133884	5.86255101e-05	
11.66349675		0.03176111869	5.708149515e-05	
11.67863432		0.03157401438	5.558860121e-05	
11.69377189		0.03139008075	5.414522688e-05	
11.70890945		0.03120937647	5.274981122e-05	
11.72404702		0.03103197002	5.140081651e-05	
11.73918459		0.03085794005	5.009672395e-05	
11.75432216		0.03068736957	4.883604432e-05	
11.76945973		0.03052033669	4.761733722e-05	
11.7845973		0.03035690691	4.6439228e-05	
11.79973487		0.03019713137	4.530041229e-05	
11.81487244		0.03004105242	4.41996454e-05	
11.83001001		0.0298887138	4.313572156e-05	
11.84514757		0.02974017013	4.210745399e-05	
11.86028514		0.02959549034	4.111366576e-05	
11.87542271		0.02945475278	4.015319591e-05	
11.89056028		0.02931803428	3.922491697e-05	
11.90569785		0.02918539877	3.832775366e-05	
11.92083542		0.0290568917	3.746069248e-05	
11.93597299		0.02893254356	3.662277672e-05	
11.95111056		0.02881238099	3.581308905e-05	
11.96624812		0.02869643976	3.503073078e-05	
11.98138569		0.02858477277	3.42748079e-05	
11.99652326		0.02847744851	3.354443059e-05	
12.01166083		0.02837454039	3.283872584e-05	
12.0267984		0.02827611229	3.215685572e-05	
12.04193597		0.02818220809	3.149803129e-05	
12.05707354		0.02809285069	3.086151463e-05	
12.07221111		0.02800805144	3.024660775e-05	
12.08734867		0.02792782519	2.965263405e-05	
12.10248624		0.02785220328	2.907892148e-05	
12.11762381		0.02778123754	2.852479569e-05	
12.13276138		0.02771499299	2.798958606e-05	
12.14789895		0.02765353264	2.747264095e-05	
12.16303652		0.02759690249	2.697334377e-05	
12.17817409		0.02754512436	2.649112131e-05	
12.19331166		0.02749820051	2.602543992e-05	
12.20844922		0.02745612774	2.557579172e-05	
12.22358679		0.02741891385	2.514167774e-05	
12.23872436		0.02738658803	2.472259632e-05	
12.25386193		0.02735919987	2.431804212e-05	
12.2689995		0.0273368072	2.392751587e-05	
12.28413707		0.02731945897	2.355053921e-05	
12.29927464		0.02730718198	2.318666657e-05	
12.31441221		0.02729997825	2.283548812e-05	
12.32954977		0.02729783416	2.249662212e-05	
12.34468734		0.02730073647	2.216970102e-05	
12.35982491		0.02730868701	2.185435765e-05	
12.37496248		0.02732170787	2.155021768e-05	
12.39010005		0.02733983308	2.125690042e-05	
12.40523762		0.02736308714	2.097402423e-05	
12.42037519		0.02739145447	2.070120836e-05	
12.43551276		0.02742484162	2.043806051e-05	
12.45065033		0.02746303323	2.01841448e-05	
12.46578789		0.02750566316	1.993894848e-05	
12.48092546		0.0275523054	1.970193061e-05	
12.49606303		0.02760284933	1.947277176e-05	
12.5112006		0.02765792425	1.925165031e-05	
12.52633817		0.02771856933	1.903899288e-05	
12.54147574		0.02778537901	1.883489751e-05	
12.55661331		0.0278583152	1.863904739e-05	
12.57175088		0.02793708421	1.845099511e-05	
12.58688844		0.02802141125	1.827034578e-05	
12.60202601		0.02811111027	1.80967847e-05	
12.61716358		0.02820607526	1.793005056e-05	
12.63230115		0.02830626016	1.776990853e-05	
12.64743872		0.02841165966	1.76161362e-05	
12.66257629		0.02852228957	1.746852052e-05	
12.67771386		0.02863816755	1.732686081e-05	
12.69285143		0.02875929835	1.71909725e-05	
12.70798899		0.02888566793	1.70606876e-05	
12.72312656		0.02901724734	1.693585123e-05	
12.73826413		0.02915400313	1.681631559e-05	
12.7534017		0.0292959089	1.670193403e-05	
12.76853927		0.02944295291	1.659255749e-05	
12.78367684		0.02959513855	1.648803451e-05	
12.79881441		0.02975247752	1.63882143e-05	
12.81395198		0.02991497885	1.629295141e-05	
12.82908954		0.03008263918	1.620210938e-05	
12.84422711		0.03025543889	1.611556178e-05	
12.85936468		0.03043334519	1.60331904e-05	
12.87450225		0.0306163203	1.59548816e-05	
12.88963982		0.03080433038	1.588052264e-05	
12.90477739		0.03099735192	1.580999934e-05	
12.91991496		0.03119537271	1.574319585e-05	
12.93505253		0.03139838711	1.567999649e-05	
12.9501901		0.03160638744	1.562028863e-05	
12.96532766		0.03181935549	1.556396535e-05	
12.98046523		0.03203725809	1.551092655e-05	
12.9956028		0.03226004829	1.546107814e-05	
13.01074037		0.03248767091	1.541432987e-05	
13.02587794		0.03272006982	1.537059291e-05	
13.04101551		0.03295719408	1.532977786e-05	
13.05615308		0.03319900122	1.529179386e-05	
13.07129065		0.03344545608	1.525654903e-05	
13.08642821		0.03369652553	1.522395188e-05	
13.10156578		0.03395217124	1.519391321e-05	
13.11670335		0.03421234337	1.516634758e-05	
13.13184092		0.03447697783	1.514117379e-05	
13.14697849		0.03474599719	1.511831427e-05	
13.16211606		0.03501931427	1.509769405e-05	
13.17725363		0.03529683666	1.507923941e-05	
13.1923912		0.03557847139	1.506287674e-05	
13.20752876		0.03586412821	1.504853176e-05	
13.22266633		0.03615372051	1.503612937e-05	
13.2378039		0.03644716367	1.502559396e-05	
13.25294147		0.03674437183	1.501685016e-05	
13.26807904		0.03704525466	1.500982349e-05	
13.28321661		0.03734971544	1.500444073e-05	
13.29835418		0.03765765037	1.500062998e-05	
13.31349175		0.03796894895	1.499832058e-05	
13.32862931		0.03828349508	1.499744279e-05	
13.34376688		0.03860116871	1.499792752e-05	
13.35890445		0.03892184734	1.499970605e-05	
13.37404202		0.03924540725	1.50027098e-05	
13.38917959		0.03957172388	1.500687033e-05	
13.40431716		0.03990067168	1.501211936e-05	
13.41945473		0.04023212357	1.501838892e-05	
13.4345923		0.04056595045	1.502561151e-05	
13.44972986		0.04090202069	1.503372019e-05	
13.46486743		0.04124019984	1.50426487e-05	
13.480005		0.04158035057	1.505233153e-05	
13.49514257		0.04192233264	1.5062704e-05	
13.51028014		0.04226600303	1.507370226e-05	
13.52541771		0.04261121614	1.508526336e-05	
13.54055528		0.04295782401	1.509732527e-05	
13.55569285		0.04330567661	1.510982692e-05	
13.57083042		0.04365462207	1.512270822e-05	
13.58596798		0.04400450702	1.51359101e-05	
13.60110555		0.04435517686	1.514937454e-05	
13.61624312		0.04470647604	1.516304462e-05	
13.63138069		0.0450582484	1.517686456e-05	
13.64651826		0.04541033739	1.519077973e-05	
13.66165583		0.04576258646	1.520473673e-05	
13.6767934		0.04611483924	1.521868341e-05	
13.69193097		0.04646693993	1.523256888e-05	
13.70706853		0.04681873348	1.524634361e-05	
13.7222061		0.04717006592	1.525995943e-05	
13.73734367		0.04752078463	1.527336957e-05	
13.75248124		0.04787073855	1.528652868e-05	
13.76761881		0.04821977848	1.529939292e-05	
13.78275638		0.04856775727	1.531191989e-05	
13.79789395		0.04891453009	1.532406876e-05	
13.81303152		0.04925995463	1.533580023e-05	
13.82816908		0.04960389131	1.534707657e-05	
13.84330665		0.04994620347	1.535786162e-05	
13.85844422		0.05028675756	1.536812085e-05	
13.87358179		0.0506254233	1.537782132e-05	
13.88871936		0.05096207385	1.538693171e-05	
13.90385693		0.05129658594	1.539542231e-05	
13.9189945		0.05162884001	1.540326506e-05	
13.93413207		0.05195872032	1.54104335e-05	
13.94926963		0.05228611505	1.541690276e-05	
13.9644072		0.05261091638	1.542264961e-05	
13.97954477		0.05293302059	1.542765238e-05	
13.99468234		0.0532523281	1.543189097e-05	
14.00981991		0.05356874353	1.543534685e-05	
14.02495748		0.0538821757	1.5438003e-05	
14.04009505		0.05419253772	1.543984389e-05	
14.05523262		0.05449974694	1.54408555e-05	
14.07037019		0.05480372495	1.544102521e-05	
14.08550775		0.05510439762	1.544034185e-05	
14.10064532		0.05540169502	1.54387956e-05	
14.11578289		0.05569555142	1.543637798e-05	
14.13092046		0.05598590523	1.543308182e-05	
14.14605803		0.05627269895	1.54289012e-05	
14.1611956		0.05655587912	1.542383142e-05	
14.17633317		0.05683539626	1.541786895e-05	
14.19147074		0.05711120477	1.541101141e-05	
14.2066083		0.05738326286	1.540325749e-05	
14.22174587		0.05765153246	1.539460693e-05	
14.23688344		0.05791597917	1.538506047e-05	
14.25202101		0.05817657209	1.53746198e-05	
14.26715858		0.05843328378	1.536328751e-05	
14.28229615		0.05868609013	1.535106707e-05	
14.29743372		0.05893497028	1.533796276e-05	
14.31257129		0.05917990648	1.532397962e-05	
14.32770885		0.05942088399	1.530912343e-05	
14.34284642		0.05965789099	1.529340066e-05	
14.35798399		0.05989091846	1.527681841e-05	
14.37312156		0.06011996005	1.525938438e-05	
14.38825913		0.060345012	1.524110684e-05	
14.4033967		0.060566073	1.522199458e-05	
14.41853427		0.06078314411	1.520205685e-05	
14.43367184		0.06099622863	1.518130336e-05	
14.4488094		0.06120533201	1.515974423e-05	
14.46394697		0.06141046172	1.513738993e-05	
14.47908454		0.06161162717	1.511425129e-05	
14.49422211		0.06180883963	1.509033943e-05	
14.50935968		0.06200211207	1.506566574e-05	
14.52449725		0.06219145912	1.504024186e-05	
14.53963482		0.06237689697	1.501407963e-05	
14.55477239		0.06255844325	1.49871911e-05	
14.56990995		0.06273611697	1.495958846e-05	
14.58504752		0.06290993843	1.493128403e-05	
14.60018509		0.06307992915	1.490229026e-05	
14.61532266		0.06324611177	1.487261968e-05	
14.63046023		0.06340850998	1.484228488e-05	
14.6455978		0.06356714848	1.481129852e-05	
14.66073537		0.06372205288	1.477967326e-05	
14.67587294		0.06387324962	1.474742181e-05	
14.69101051		0.06402076597	1.471455685e-05	
14.70614807		0.06416462991	1.468109104e-05	
14.72128564		0.06430487009	1.464703703e-05	
14.73642321		0.0644415158	1.461240741e-05	
14.75156078		0.06457459691	1.457721472e-05	
14.76669835		0.0647041438	1.454147143e-05	
14.78183592		0.06483018734	1.450518993e-05	
14.79697349		0.06495275883	1.446838253e-05	
14.81211106		0.06507188998	1.443106146e-05	
14.82724862		0.06518761288	1.439323881e-05	
14.84238619		0.06529995991	1.435492661e-05	
14.85752376		0.06540896377	1.431613674e-05	
14.87266133		0.06551465744	1.427688098e-05	
14.8877989		0.06561707412	1.423717099e-05	
14.90293647		0.06571624721	1.419701829e-05	
14.91807404		0.06581221033	1.415643428e-05	
14.93321161		0.06590499725	1.411543023e-05	
14.94834917		0.06599464188	1.407401727e-05	
14.96348674		0.06608117826	1.40322064e-05	
14.97862431		0.06616464055	1.399000848e-05	
14.99376188		0.06624506299	1.394743423e-05	
15.00889945		0.0663224799	1.390449424e-05	
15.02403702		0.06639692567	1.386119895e-05	
15.03917459		0.06646843476	1.381755868e-05	
15.05431216		0.06653704163	1.377358359e-05	
15.06944972		0.06660278081	1.372928373e-05	
15.08458729		0.06666568683	1.368466898e-05	
15.09972486		0.06672579427	1.363974913e-05	
15.11486243		0.06678313767	1.35945338e-05	
15.13		0.0668377516	1.354903249e-05	
