-15.13		0.9582501505	0.0001908907908	
-15.11486243		0.9585663826	0.0001924328447	
-15.09972486		0.9589024139	0.0001939823034	
-15.08458729		0.9592543226	0.0001955417244	
-15.06944972		0.9596168233	0.0001971126581	
-15.05431216		0.9599842331	0.0001986959649	
-15.03917459		0.9603512287	0.0002002920745	
-15.02403702		0.9607132789	0.0002019011665	
-15.00889945		0.9610668087	0.000203523286	
-14.99376188		0.9614091861	0.000205158408	
-14.97862431		0.9617386181	0.0002068064749	
-14.96348674		0.9620540117	0.0002084674132	
-14.94834917		0.9623548345	0.0002101411444	
-14.93321161		0.962640988	0.0002118275888	
-14.91807404		0.9629126992	0.0002135266683	
-14.90293647		0.9631704328	0.0002152383072	
-14.8877989		0.963414819	0.0002169624338	
-14.87266133		0.9636465977	0.0002186989799	
-14.85752376		0.9638665742	0.0002204478819	
-14.84238619		0.9640755862	0.0002222090805	
-14.82724862		0.9642744773	0.0002239825217	
-14.81211106		0.9644640795	0.0002257681562	
-14.79697349		0.9646451987	0.0002275659404	
-14.78183592		0.9648186058	0.0002293758359	
-14.76669835		0.9649850302	0.0002311978103	
-14.75156078		0.9651451568	0.0002330318369	
-14.73642321		0.9652996233	0.0002348778951	
-14.72128564		0.9654490207	0.0002367359705	
-14.70614807		0.9655938937	0.0002386060551	
-14.69101051		0.965734742	0.000240488147	
-14.67587294		0.9658720226	0.0002423822513	
-14.66073537		0.9660061523	0.0002442883792	
-14.6455978		0.9661375097	0.000246206549	
-14.63046023		0.9662664383	0.0002481367854	
-14.61532266		0.9663932492	0.00025007912	
-14.60018509		0.9665182235	0.0002520335912	
-14.58504752		0.9666416147	0.0002540002441	
-14.56990995		0.9667636514	0.0002559791307	
-14.55477239		0.9668845397	0.0002579703097	
-14.53963482		0.9670044649	0.0002599738465	
-14.52449725		0.9671235936	0.0002619898135	
-14.50935968		0.9672420758	0.0002640182894	
-14.49422211		0.9673600462	0.0002660593598	
-14.47908454		0.9674776262	0.0002681131169	
-14.46394697		0.9675949245	0.0002701796592	
-14.4488094		0.9677120395	0.0002722590918	
-14.43367184		0.9678290592	0.0002743515261	
-14.41853427		0.9679460632	0.0002764570798	
-14.4033967		0.9680631231	0.0002785758769	
-14.38825913		0.9681803036	0.0002807080473	
-14.37312156		0.9682976629	0.0002828537271	
-14.35798399		0.968415254	0.0002850130584	
-14.34284642		0.9685331244	0.0002871861889	
-14.32770885		0.9686513176	0.0002893732723	
-14.31257129		0.9687698727	0.0002915744679	
-14.29743372		0.9688888254	0.0002937899406	
-14.28229615		0.9690082082	0.0002960198608	
-14.26715858		0.9691280506	0.0002982644045	
-14.25202101		0.9692483797	0.0003005237528	
-14.23688344		0.96936922	0.0003027980923	
-14.22174587		0.9694905942	0.0003050876148	
-14.2066083		0.9696125229	0.0003073925173	
-14.19147074		0.969735025	0.0003097130019	
-14.17633317		0.9698581179	0.0003120492757	
-14.1611956		0.9699818177	0.0003144015511	
-14.14605803		0.9701061389	0.0003167700452	
-14.13092046		0.9702310951	0.0003191549804	
-14.11578289		0.9703566987	0.0003215565838	
-14.10064532		0.970482961	0.0003239750876	
-14.08550775		0.9706098925	0.0003264107289	
-14.07037019		0.9707375025	0.0003288637496	
-14.05523262		0.9708657994	0.0003313343967	
-14.04009505		0.9709947902	0.0003338229218	
-14.02495748		0.9711244808	0.0003363295815	
-14.00981991		0.971254877	0.0003388546376	
-13.99468234		0.9713859865	0.0003413983578	
-13.97954477		0.9715178186	0.0003439610159	
-13.9644072		0.9716503814	0.0003465428907	
-13.94926963		0.9717836803	0.0003491442656	
-13.93413207		0.9719177182	0.0003517654287	
-13.9189945		0.9720524979	0.0003544066736	
-13.90385693		0.9721880219	0.0003570682997	
-13.88871936		0.9723242926	0.0003597506122	
-13.87358179		0.9724613122	0.0003624539223	
-13.85844422		0.9725990828	0.0003651785472	
-13.84330665		0.9727376059	0.0003679248103	
-13.82816908		0.9728768829	0.0003706930413	
-13.81303152		0.9730169148	0.0003734835764	
-13.79789395		0.9731577021	0.0003762967585	
-13.78275638		0.9732992454	0.0003791329371	
-13.76761881		0.9734415445	0.0003819924692	
-13.75248124		0.9735845993	0.0003848757187	
-13.73734367		0.9737284089	0.000387783057	
-13.7222061		0.9738729727	0.0003907148635	
-13.70706853		0.9740182893	0.0003936715253	
-13.69193097		0.9741643574	0.0003966534378	
-13.6767934		0.9743111752	0.0003996610049	
-13.66165583		0.9744587406	0.0004026946393	
-13.64651826		0.9746070514	0.0004057547629	
-13.63138069		0.974756105	0.0004088418069	
-13.61624312		0.9749058987	0.0004119562121	
-13.60110555		0.9750564293	0.0004150984296	
-13.58596798		0.9752076937	0.0004182689208	
-13.57083042		0.9753596883	0.000421468158	
-13.55569285		0.9755124092	0.0004246966247	
-13.54055528		0.9756658526	0.0004279548159	
-13.52541771		0.9758200142	0.0004312432388	
-13.51028014		0.9759748895	0.000434562413	
-13.49514257		0.976130474	0.000437912871	
-13.480005		0.9762867627	0.0004412951588	
-13.46486743		0.9764437506	0.0004447098365	
-13.44972986		0.9766014324	0.0004481574786	
-13.4345923		0.9767598026	0.0004516386746	
-13.41945473		0.9769188556	0.0004551540298	
-13.40431716		0.9770785856	0.0004587041658	
-13.38917959		0.9772389864	0.0004622897211	
-13.37404202		0.9774000519	0.0004659113519	
-13.35890445		0.9775617757	0.0004695697329	
-13.34376688		0.9777241513	0.0004732655581	
-13.32862931		0.9778871717	0.0004769995414	
-13.31349175		0.9780508303	0.000480772418	
-13.29835418		0.9782151197	0.0004845849451	
-13.28321661		0.9783800329	0.000488437903	
-13.26807904		0.9785455623	0.0004923320965	
-13.25294147		0.9787117004	0.0004962683561	
-13.2378039		0.9788784393	0.0005002475396	
-13.22266633		0.9790457711	0.0005042705337	
-13.20752876		0.9792136876	0.0005083382559	
-13.1923912		0.9793821806	0.0005124516568	
-13.17725363		0.9795512415	0.0005166117223	
-13.16211606		0.9797208616	0.0005208194764	
-13.14697849		0.9798910321	0.0005250759846	
-13.13184092		0.9800617438	0.000529382357	
-13.11670335		0.9802329876	0.0005337397519	
-13.10156578		0.980404754	0.0005381493793	
-13.08642821		0.9805770334	0.0005426125035	
-13.07129065		0.9807498158	0.0005471304438	
-13.05615308		0.9809230912	0.0005517045711	
-13.04101551		0.9810968488	0.0005563362979	
-13.02587794		0.9812710773	0.0005610270564	
-13.01074037		0.9814457644	0.0005657782648	
-12.9956028		0.9816208961	0.0005705912825	
-12.98046523		0.9817964566	0.0005754673732	
-12.96532766		0.9819724281	0.0005804077112	
-12.9501901		0.9821487917	0.0005854134742	
-12.93505253		0.9823255288	0.0005904860222	
-12.91991496		0.9825026229	0.00059562708	
-12.90477739		0.98268006	0.0006008387753	
-12.88963982		0.982857827	0.000606123455	
-12.87450225		0.9830359089	0.0006114833479	
-12.85936468		0.9832142858	0.000616920234	
-12.84422711		0.9833929311	0.000622435273	
-12.82908954		0.9835718126	0.0006280290906	
-12.81395198		0.9837508947	0.0006337021604	
-12.79881441		0.9839301435	0.0006394554057	
-12.78367684		0.9841095313	0.0006452907694	
-12.76853927		0.9842890382	0.0006512114013	
-12.7534017		0.9844686497	0.0006572212561	
-12.73826413		0.9846483499	0.0006633242612	
-12.72312656		0.9848281156	0.0006695234809	
-12.70798899		0.9850079127	0.0006758206886	
-12.69285143		0.985187697	0.0006822165396	
-12.67771386		0.9853674195	0.0006887112997	
-12.66257629		0.9855470328	0.0006953058637	
-12.64743872		0.9857264972	0.0007020026302	
-12.63230115		0.9859057831	0.000708805781	
-12.61716358		0.9860848678	0.0007157207542	
-12.60202601		0.9862637278	0.0007227531272	
-12.58688844		0.986442332	0.0007299074544	
-12.57175088		0.9866206368	0.0007371865972	
-12.55661331		0.9867985868	0.0007445918259	
-12.54147574		0.9869761195	0.0007521236621	
-12.52633817		0.987153173	0.0007597831441	
-12.5112006		0.9873296926	0.0007675729912	
-12.49606303		0.9875056339	0.0007754981091	
-12.48092546		0.9876809599	0.0007835651222	
-12.46578789		0.9878556343	0.0007917811141	
-12.45065033		0.9880296135	0.0008001521849	
-12.43551276		0.9882028416	0.0008086825181	
-12.42037519		0.9883752506	0.0008173743861	
-12.40523762		0.9885467653	0.0008262291149	
-12.39010005		0.988717311	0.0008352486241	
-12.37496248		0.9888868203	0.0008444368708	
-12.35982491		0.9890552364	0.0008538004799	
-12.34468734		0.9892225098	0.0008633481533	
-12.32954977		0.9893885911	0.0008730890631	
-12.31441221		0.9895534229	0.000883031014	
-12.29927464		0.9897169349	0.0008931793037	
-12.28413707		0.9898790446	0.0009035368557	
-12.2689995		0.9900396635	0.0009141055889	
-12.25386193		0.9901987046	0.0009248884283	
-12.23872436		0.9903560898	0.0009358910423	
-12.22358679		0.9905117516	0.00094712243	
-12.20844922		0.9906656295	0.0009585939517	
-12.19331166		0.990817662	0.0009703171954	
-12.17817409		0.9909677788	0.0009823017616	
-12.16303652		0.9911158971	0.0009945541327	
-12.14789895		0.9912619238	0.001007078222	
-12.13276138		0.9914057621	0.001019877352	
-12.11762381		0.9915473198	0.001032956749	
-12.10248624		0.9916865149	0.001046325374	
-12.08734867		0.9918232757	0.001059996115	
-12.07221111		0.9919575362	0.001073984116	
-12.05707354		0.9920892274	0.001088303992	
-12.04193597		0.9922182712	0.001102967408	
-12.0267984		0.992344579	0.001117982327	
-12.01166083		0.992468055	0.001133354312	
-11.99652326		0.9925886042	0.001149089257	
-11.98138569		0.992706139	0.001165196228	
-11.96624812		0.992820583	0.001181688988	
-11.95111056		0.9929318684	0.001198585329	
-11.93597299		0.9930399309	0.001215904415	
-11.92083542		0.9931447015	0.001233663521	
-11.90569785		0.9932461031	0.001251875952	
-11.89056028		0.9933440515	0.00127055129	
-11.87542271		0.9934384608	0.001289697851	
-11.86028514		0.99352925	0.001309326094	
-11.84514757		0.993616348	0.001329451252	
-11.83001001		0.9936996939	0.001350093774	
-11.81487244		0.9937792331	0.001371277213	
-11.79973487		0.9938549109	0.00139302465	
-11.7845973		0.9939266682	0.001415355647	
-11.76945973		0.9939944403	0.00143828546	
-11.75432216		0.9940581603	0.00146182694	
-11.73918459		0.9941177651	0.001485994093	
-11.72404702		0.9941731996	0.001510805405	
-11.70890945		0.9942244186	0.001536285129	
-11.69377189		0.9942713842	0.001562461755	
-11.67863432		0.9943140615	0.001589364485	
-11.66349675		0.9943524143	0.001617019703	
-11.64835918		0.9943864029	0.001645449509	
-11.63322161		0.9944159871	0.001674673119	
-11.61808404		0.9944411291	0.001704710307	
-11.60294647		0.9944617986	0.001735584959	
-11.5878089		0.9944779733	0.001767326734	
-11.57267134		0.9944896386	0.001799969909	
-11.55753377		0.9944967837	0.001833550069	
-11.5423962		0.9944993987	0.001868100641	
-11.52725863		0.9944974726	0.001903651299	
-11.51212106		0.994490995	0.001940229164	
-11.49698349		0.9944799585	0.001977861978	
-11.48184592		0.9944643616	0.002016581394	
-11.46670835		0.9944442101	0.002056424449	
-11.45157079		0.9944195163	0.002097432439	
-11.43643322		0.9943902964	0.002139647953	
-11.42129565		0.9943565689	0.002183111932	
-11.40615808		0.9943183531	0.002227862511	
-11.39102051		0.99427567	0.002273936262	
-11.37588294		0.9942285443	0.00232137095	
-11.36074537		0.9941770059	0.002370208075	
-11.3456078		0.9941210908	0.002420493707	
-11.33047024		0.9940608403	0.002472277234	
-11.31533267		0.9939962999	0.002525608932	
-11.3001951		0.9939275176	0.002580537923	
-11.28505753		0.9938545437	0.002637111734	
-11.26991996		0.9937774311	0.002695377571	
-11.25478239		0.9936962362	0.002755384374	
-11.23964482		0.9936110203	0.002817184327	
-11.22450725		0.993521849	0.002880832955	
-11.20936968		0.9934287923	0.002946387911	
-11.19423212		0.9933319231	0.003013907333	
-11.17909455		0.9932313171	0.003083448821	
-11.16395698		0.9931270517	0.003155069571	
-11.14881941		0.993019207	0.003228827427	
-11.13368184		0.9929078658	0.003304782064	
-11.11854427		0.9927931138	0.003382995558	
-11.1034067		0.9926750395	0.003463532069	
-11.08826913		0.9925537338	0.003546456964	
-11.07313157		0.9924292893	0.003631835975	
-11.057994		0.9923017998	0.003719734881	
-11.04285643		0.9921713601	0.003810219791	
-11.02771886		0.9920380664	0.003903357695	
-11.01258129		0.9919020179	0.003999216889	
-10.99744372		0.9917633187	0.004097866977	
-10.98230615		0.9916220772	0.004199378491	
-10.96716858		0.9914784012	0.004303822373	
-10.95203102		0.9913323958	0.004411269611	
-10.93689345		0.9911841656	0.004521791154	
-10.92175588		0.9910338159	0.004635458027	
-10.90661831		0.9908814543	0.004752341446	
-10.89148074		0.9907271894	0.004872512809	
-10.87634317		0.9905711311	0.004996043519	
-10.8612056		0.9904133895	0.005123004712	
-10.84606803		0.9902540755	0.005253467007	
-10.83093047		0.9900932998	0.005387500329	
-10.8157929		0.9899311732	0.005525173813	
-10.80065533		0.9897678062	0.005666555738	
-10.78551776		0.9896033089	0.005811713434	
-10.77038019		0.9894377907	0.005960713134	
-10.75524262		0.9892713607	0.006113619791	
-10.74010505		0.9891041267	0.006270496872	
-10.72496748		0.988936196	0.006431406168	
-10.70982991		0.9887676744	0.006596407617	
-10.69469235		0.9885986668	0.006765559138	
-10.67955478		0.9884292767	0.006938916464	
-10.66441721		0.9882596064	0.00711653296	
-10.64927964		0.9880897566	0.007298459439	
-10.63414207		0.9879198265	0.007484743961	
-10.6190045		0.9877499139	0.007675431641	
-10.60386693		0.9875801147	0.00787056446	
-10.58872936		0.9874105234	0.008070181076	
-10.5735918		0.9872412324	0.008274316649	
-10.55845423		0.9870723326	0.008483002662	
-10.54331666		0.9869039129	0.008696266757	
-10.52817909		0.9867360602	0.00891413257	
-10.51304152		0.9865688596	0.00913661958	
-10.49790395		0.9864023941	0.009363742956	
-10.48276638		0.9862367448	0.009595513428	
-10.46762881		0.9860719906	0.009831937157	
-10.45249125		0.9859082083	0.01007301562	
-10.43735368		0.9857454728	0.01031874553	
-10.42221611		0.9855838567	0.01056911871	
-10.40707854		0.9854234305	0.01082412207	
-10.39194097		0.9852642624	0.01108373749	
-10.3768034		0.9851064188	0.01134794184	
-10.36166583		0.9849499635	0.0116167069	
-10.34652826		0.9847949586	0.01188999939	
-10.3313907		0.9846414636	0.01216778093	
-10.31625313		0.9844895361	0.0124500081	
-10.30111556		0.9843392315	0.01273663245	
-10.28597799		0.9841906032	0.01302760057	
-10.27084042		0.9840437023	0.01332285418	
-10.25570285		0.983898578	0.01362233016	
-10.24056528		0.9837552772	0.01392596071	
-10.22542771		0.983613845	0.01423367346	
-10.21029015		0.9834743244	0.01454539158	
-10.19515258		0.9833367564	0.01486103397	
-10.18001501		0.98320118	0.01518051538	
-10.16487744		0.9830676323	0.01550374664	
-10.14973987		0.9829361486	0.01583063483	
-10.1346023		0.982806762	0.01616108348	
-10.11946473		0.982678722	0.01649499199	
-10.10432716		0.9825536654	0.01683226233	
-10.08918959		0.9824307978	0.01717278485	
-10.07405203		0.9823101447	0.0175164512	
-10.05891446		0.9821917296	0.01786315064	
-10.04377689		0.9820755746	0.01821277031	
-10.02863932		0.9819617001	0.01856519552	
-10.01350175		0.9818501254	0.01892030997	
-9.998364182		0.9817408679	0.01927799606	
-9.983226613		0.9816339442	0.01963813516	
-9.968089045		0.9815293689	0.02000060781	
-9.952951476		0.9814271558	0.02036529409	
-9.937813907		0.981327317	0.02073207378	
-9.922676338		0.9812298633	0.02110082669	
-9.907538769		0.9811348042	0.02147143286	
-9.892401201		0.981042148	0.02184377284	
-9.877263632		0.9809519015	0.02221772792	
-9.862126063		0.9808640703	0.02259318035	
-9.846988494		0.9807786589	0.02297001354	
-9.831850925		0.9806956703	0.02334811234	
-9.816713357		0.9806151066	0.02372736315	
-9.801575788		0.9805369685	0.02410765419	
-9.786438219		0.9804612557	0.02448887562	
-9.77130065		0.9803879668	0.02487091972	
-9.756163082		0.9803170991	0.02525368106	
-9.741025513		0.9802486491	0.02563705662	
-9.725887944		0.9801826121	0.02602094592	
-9.710750375		0.9801189826	0.02640525113	
-9.695612806		0.9800577539	0.0267898772	
-9.680475238		0.9799989184	0.02717473189	
-9.665337669		0.9799424678	0.0275597259	
-9.6502001		0.9798883925	0.02794477291	
-9.635062531		0.9798366825	0.02832978961	
-9.619924962		0.9797873266	0.02871469579	
-9.604787394		0.979740313	0.0290994143	
-9.589649825		0.979695629	0.0294838711	
-9.574512256		0.9796532612	0.02986799529	
-9.559374687		0.9796131955	0.03025171902	
-9.544237119		0.9795754171	0.03063497758	
-9.52909955		0.9795399104	0.03101770927	
-9.513961981		0.9795066594	0.03139985543	
-9.498824412		0.9794756471	0.03178136039	
-9.483686843		0.9794468564	0.03216217139	
-9.468549275		0.9794202691	0.03254223854	
-9.453411706		0.979395867	0.03292151476	
-9.438274137		0.9793736308	0.03329995567	
-9.423136568		0.9793535413	0.03367751959	
-9.407998999		0.9793355784	0.03405416738	
-9.392861431		0.9793197217	0.03442986238	
-9.377723862		0.9793059504	0.03480457035	
-9.362586293		0.9792942433	0.03517825933	
-9.347448724		0.9792845788	0.03555089959	
-9.332311156		0.9792769349	0.0359224635	
-9.317173587		0.9792712894	0.03629292544	
-9.302036018		0.9792676197	0.0366622617	
-9.286898449		0.9792659028	0.03703045038	
-9.27176088		0.9792661158	0.03739747131	
-9.256623312		0.9792682351	0.03776330591	
-9.241485743		0.9792722371	0.03812793709	
-9.226348174		0.9792780979	0.03849134922	
-9.211210605		0.9792857935	0.03885352793	
-9.196073037		0.9792952997	0.03921446009	
-9.180935468		0.979306592	0.03957413368	
-9.165797899		0.9793196457	0.03993253769	
-9.15066033		0.9793344363	0.04028966208	
-9.135522761		0.9793509388	0.04064549761	
-9.120385193		0.9793691282	0.04100003582	
-9.105247624		0.9793889794	0.04135326892	
-9.090110055		0.979410467	0.04170518969	
-9.074972486		0.9794335655	0.04205579144	
-9.059834917		0.9794582491	0.0424050679	
-9.044697349		0.9794844915	0.04275301314	
-9.02955978		0.9795122657	0.04309962151	
-9.014422211		0.9795415448	0.04344488759	
-8.999284642		0.979572304	0.04378880622	
-8.984147074		0.9796045207	0.04413137245	
-8.969009505		0.9796381729	0.04447258143	
-8.953871936		0.9796732361	0.04481242818	
-8.938734367		0.9797096839	0.04515090761	
-8.923596798		0.9797474895	0.0454880145	
-8.90845923		0.9797866264	0.04582374351	
-8.893321661		0.9798270685	0.04615808913	
-8.878184092		0.9798687901	0.04649104568	
-8.863046523		0.9799117653	0.0468226072	
-8.847908954		0.9799559688	0.04715276749	
-8.832771386		0.9800013751	0.04748152001	
-8.817633817		0.9800479587	0.04780885792	
-8.802496248		0.9800956944	0.04813477402	
-8.787358679		0.9801445568	0.04845926073	
-8.772221111		0.980194521	0.04878231011	
-8.757083542		0.9802455617	0.04910391379	
-8.741945973		0.980297654	0.049424063	
-8.726808404		0.9803507731	0.04974274853	
-8.711670835		0.9804048941	0.05005996078	
-8.696533267		0.9804599925	0.05037568967	
-8.681395698		0.9805160436	0.05068992472	
-8.666258129		0.980573023	0.05100265498	
-8.65112056		0.9806309064	0.05131386911	
-8.635982991		0.9806896698	0.05162355528	
-8.620845423		0.980749289	0.05193170128	
-8.605707854		0.9808097403	0.05223829446	
-8.590570285		0.980871	0.05254332175	
-8.575432716		0.9809330444	0.05284676969	
-8.560295148		0.9809958504	0.05314862443	
-8.545157579		0.9810593946	0.05344887173	
-8.53002001		0.981123654	0.05374749699	
-8.514882441		0.981188606	0.05404448526	
-8.499744872		0.9812542279	0.05433982125	
-8.484607304		0.9813204973	0.05463348937	
-8.469469735		0.981387392	0.05492547371	
-8.454332166		0.9814548901	0.0552157581	
-8.439194597		0.9815229699	0.05550432609	
-8.424057029		0.9815916099	0.055791161	
-8.40891946		0.9816607888	0.05607624594	
-8.393781891		0.9817304857	0.0563595638	
-8.378644322		0.98180068	0.05664109733	
-8.363506753		0.981871351	0.05692082909	
-8.348369185		0.9819424788	0.05719874154	
-8.333231616		0.9820140433	0.05747481701	
-8.318094047		0.9820860251	0.05774903778	
-8.302956478		0.9821584048	0.05802138604	
-8.287818909		0.9822311635	0.05829184397	
-8.272681341		0.9823042825	0.05856039373	
-8.257543772		0.9823777434	0.05882701748	
-8.242406203		0.9824515282	0.05909169745	
-8.227268634		0.9825256192	0.05935441591	
-8.212131066		0.982599999	0.05961515522	
-8.196993497		0.9826746505	0.05987389785	
-8.181855928		0.982749557	0.0601306264	
-8.166718359		0.9828247022	0.06038532363	
-8.15158079		0.9829000698	0.06063797249	
-8.136443222		0.9829756441	0.06088855609	
-8.121305653		0.9830514096	0.06113705782	
-8.106168084		0.9831273513	0.06138346127	
-8.091030515		0.9832034541	0.0616277503	
-8.075892946		0.9832797036	0.06186990908	
-8.060755378		0.9833560853	0.06210992206	
-8.045617809		0.9834325854	0.06234777401	
-8.03048024		0.9835091899	0.06258345007	
-8.015342671		0.9835858854	0.06281693572	
-8.000205103		0.9836626585	0.06304821682	
-7.985067534		0.983739496	0.06327727962	
-7.969929965		0.9838163851	0.0635041108	
-7.954792396		0.9838933129	0.06372869743	
-7.939654827		0.9839702668	0.06395102705	
-7.924517259		0.9840472343	0.06417108765	
-7.90937969		0.9841242031	0.06438886768	
-7.894242121		0.9842011609	0.06460435607	
-7.879104552		0.9842780954	0.06481754223	
-7.863966983		0.9843549946	0.0650284161	
-7.848829415		0.9844318462	0.06523696811	
-7.833691846		0.9845086383	0.06544318921	
-7.818554277		0.9845853588	0.06564707089	
-7.803416708		0.9846619954	0.06584860517	
-7.78827914		0.9847385361	0.06604778462	
-7.773141571		0.9848149687	0.06624460236	
-7.758004002		0.9848912808	0.06643905207	
-7.742866433		0.9849674602	0.06663112797	
-7.727728864		0.9850434943	0.06682082488	
-7.712591296		0.9851193704	0.06700813815	
-7.697453727		0.9851950759	0.06719306371	
-7.682316158		0.9852705978	0.06737559805	
-7.667178589		0.9853459229	0.06755573824	
-7.652041021		0.9854210379	0.0677334819	
-7.636903452		0.9854959294	0.06790882723	
-7.621765883		0.9855705833	0.06808177298	
-7.606628314		0.9856449858	0.06825231848	
-7.591490745		0.9857191225	0.06842046357	
-7.576353177		0.9857929786	0.06858620868	
-7.561215608		0.9858665393	0.06874955474	
-7.546078039		0.9859397891	0.06891050323	
-7.53094047		0.9860127125	0.06906905613	
-7.515802901		0.9860852934	0.06922521597	
-7.500665333		0.9861575152	0.06937898574	
-7.485527764		0.9862293611	0.06953036894	
-7.470390195		0.9863008137	0.06967936955	
-7.455252626		0.9863718552	0.06982599201	
-7.440115058		0.9864424674	0.0699702412	
-7.424977489		0.9865126315	0.07011212246	
-7.40983992		0.9865823281	0.07025164154	
-7.394702351		0.9866515374	0.07038880459	
-7.379564782		0.9867202391	0.07052361817	
-7.364427214		0.9867884123	0.07065608919	
-7.349289645		0.9868560355	0.07078622495	
-7.334152076		0.9869230866	0.07091403306	
-7.319014507		0.9869895431	0.07103952149	
-7.303876938		0.9870553816	0.07116269848	
-7.28873937		0.9871205786	0.07128357261	
-7.273601801		0.9871851095	0.0714021527	
-7.258464232		0.9872489495	0.07151844786	
-7.243326663		0.9873120732	0.07163246743	
-7.228189095		0.9873744545	0.07174422098	
-7.213051526		0.9874360668	0.07185371832	
-7.197913957		0.9874968831	0.07196096944	
-7.182776388		0.9875568758	0.07206598455	
-7.167638819		0.9876160168	0.07216877402	
-7.152501251		0.9876742777	0.0722693484	
-7.137363682		0.9877316294	0.0723677184	
-7.122226113		0.9877880427	0.07246389489	
-7.107088544		0.987843488	0.07255788889	
-7.091950975		0.987897935	0.07264971155	
-7.076813407		0.9879513536	0.07273937418	
-7.061675838		0.9880037131	0.07282688821	
-7.046538269		0.9880549827	0.07291226521	
-7.0314007		0.9881051315	0.07299551689	
-7.016263132		0.9881541282	0.07307665508	
-7.001125563		0.9882019416	0.07315569176	
-6.985987994		0.9882485405	0.07323263905	
-6.970850425		0.9882938933	0.0733075092	
-6.955712856		0.9883379688	0.07338031463	
-6.940575288		0.9883807357	0.07345106791	
-6.925437719		0.9884221626	0.07351978175	
-6.91030015		0.9884622185	0.07358646904	
-6.895162581		0.9885008723	0.07365114285	
-6.880025013		0.9885380933	0.0737138164	
-6.864887444		0.9885738507	0.07377450307	
-6.849749875		0.9886081143	0.07383321643	
-6.834612306		0.9886408538	0.07388997022	
-6.819474737		0.9886720393	0.07394477832	
-6.804337169		0.9887016414	0.07399765479	
-6.7891996		0.9887296306	0.07404861383	
-6.774062031		0.9887559782	0.07409766974	
-6.758924462		0.9887806554	0.07414483696	
-6.743786893		0.988803634	0.07419012996	
-6.728649325		0.9888248861	0.07423356332	
-6.713511756		0.9888443842	0.07427515159	
-6.698374187		0.9888621011	0.07431490936	
-6.683236618		0.98887801	0.07435285115	
-6.66809905		0.9888920844	0.07438899143	
-6.652961481		0.9889042982	0.07442334455	
-6.637823912		0.9889146257	0.07445592472	
-6.622686343		0.9889230415	0.07448674597	
-6.607548774		0.9889295204	0.07451582216	
-6.592411206		0.9889340376	0.07454316697	
-6.577273637		0.9889365686	0.07456879388	
-6.562136068		0.9889370891	0.07459271621	
-6.546998499		0.9889355751	0.07461494715	
-6.53186093		0.9889320026	0.07463549979	
-6.516723362		0.9889263482	0.07465438717	
-6.501585793		0.9889185881	0.07467162237	
-6.486448224		0.988908699	0.07468721859	
-6.471310655		0.9888966575	0.07470118923	
-6.456173087		0.9888824405	0.07471354802	
-6.441035518		0.9888660246	0.07472430911	
-6.425897949		0.9888473867	0.0747334871	
-6.41076038		0.9888265036	0.07474109712	
-6.395622811		0.9888033521	0.07474715486	
-6.380485243		0.988777909	0.07475167653	
-6.365347674		0.9887501512	0.07475467878	
-6.350210105		0.9887200555	0.07475617864	
-6.335072536		0.988687599	0.07475619328	
-6.319934967		0.9886527585	0.07475473978	
-6.304797399		0.9886155113	0.07475183481	
-6.28965983		0.9885758346	0.07474749429	
-6.274522261		0.9885337058	0.07474173303	
-6.259384692		0.9884891026	0.07473456433	
-6.244247124		0.9884420029	0.07472599966	
-6.229109555		0.9883923847	0.07471604838	
-6.213971986		0.9883402262	0.07470471752	
-6.198834417		0.988285506	0.07469201169	
-6.183696848		0.9882282026	0.07467793319	
-6.16855928		0.9881682945	0.07466248217	
-6.153421711		0.9881057601	0.07464565709	
-6.138284142		0.988040578	0.0746274552	
-6.123146573		0.9879727259	0.07460787324	
-6.108009005		0.9879021815	0.07458690813	
-6.092871436		0.9878289215	0.07456455772	
-6.077733867		0.9877529215	0.07454082144	
-6.062596298		0.9876741557	0.07451570082	
-6.047458729		0.9875925962	0.07448919984	
-6.032321161		0.9875082132	0.07446132511	
-6.017183592		0.9874209776	0.07443208594	
-6.002046023		0.9873308675	0.07440149448	
-5.986908454		0.9872378711	0.07436956537	
-5.971770885		0.9871419758	0.07433631418	
-5.956633317		0.9870431577	0.07430175578	
-5.941495748		0.9869413849	0.07426590377	
-5.926358179		0.9868366248	0.07422877025	
-5.91122061		0.9867288467	0.07419036543	
-5.896083042		0.9866180224	0.07415069722	
-5.880945473		0.9865041247	0.074109771	
-5.865807904		0.9863871274	0.07406758955	
-5.850670335		0.9862670044	0.07402415331	
-5.835532766		0.9861437299	0.07397946073	
-5.820395198		0.9860172781	0.07393350874	
-5.805257629		0.9858876229	0.07388629334	
-5.79012006		0.9857547382	0.07383781007	
-5.774982491		0.9856185974	0.07378805454	
-5.759844922		0.9854791736	0.07373702276	
-5.744707354		0.9853364395	0.07368471149	
-5.729569785		0.9851903674	0.07363111833	
-5.714432216		0.985040929	0.07357624186	
-5.699294647		0.984888096	0.07352008151	
-5.684157079		0.9847318392	0.07346263751	
-5.66901951		0.9845721296	0.07340391067	
-5.653881941		0.9844089374	0.07334390218	
-5.638744372		0.984242233	0.07328261336	
-5.623606803		0.9840719862	0.07322004549	
-5.608469235		0.9838981668	0.07315619956	
-5.593331666		0.9837207445	0.07309107613	
-5.578194097		0.9835396888	0.07302467518	
-5.563056528		0.983354969	0.07295699601	
-5.547918959		0.9831665545	0.0728880372	
-5.532781391		0.9829744144	0.07281779658	
-5.517643822		0.9827785179	0.07274627124	
-5.502506253		0.9825788339	0.07267345756	
-5.487368684		0.9823753314	0.07259935128	
-5.472231116		0.9821679791	0.07252394755	
-5.457093547		0.9819567457	0.07244724101	
-5.441955978		0.9817415996	0.07236922588	
-5.426818409		0.9815225092	0.07228989604	
-5.41168084		0.9812994427	0.07220924511	
-5.396543272		0.981072368	0.0721272665	
-5.381405703		0.980841253	0.07204395348	
-5.366268134		0.9806060653	0.07195929924	
-5.351130565		0.9803667723	0.07187329694	
-5.335992996		0.9801233411	0.07178593973	
-5.320855428		0.9798757389	0.07169722078	
-5.305717859		0.9796239323	0.07160713329	
-5.29058029		0.9793678878	0.07151567053	
-5.275442721		0.979107572	0.07142282583	
-5.260305153		0.9788429508	0.07132859257	
-5.245167584		0.9785739902	0.07123296418	
-5.230030015		0.978300656	0.07113593419	
-5.214892446		0.9780229135	0.07103749614	
-5.199754877		0.9777407281	0.07093764366	
-5.184617309		0.9774540649	0.07083637039	
-5.16947974		0.9771628888	0.07073367004	
-5.154342171		0.9768671643	0.07062953635	
-5.139204602		0.976566856	0.07052396311	
-5.124067034		0.9762619245	0.07041694376	
-5.108929465		0.9759523412	0.07030847293	
-5.093791896		0.9756380661	0.07019854417	
-5.078654327		0.975319063	0.07008715144	
-5.063516758		0.9749952952	0.06997428878	
-5.04837919		0.9746667259	0.0698599503	
-5.033241621		0.9743333181	0.06974413017	
-5.018104052		0.9739950345	0.06962682267	
-5.002966483		0.9736518375	0.06950802216	
-4.987828914		0.9733036896	0.06938772313	
-4.972691346		0.9729505526	0.06926592017	
-4.957553777		0.9725923885	0.06914260803	
-4.942416208		0.9722291587	0.06901778158	
-4.927278639		0.9718608245	0.06889143588	
-4.912141071		0.971487347	0.06876356612	
-4.897003502		0.9711086869	0.06863416769	
-4.881865933		0.9707248047	0.06850323619	
-4.866728364		0.9703356607	0.0683707674	
-4.851590795		0.9699412147	0.0682367573	
-4.836453227		0.9695414264	0.06810120214	
-4.821315658		0.9691362552	0.06796409835	
-4.806178089		0.9687256601	0.06782544263	
-4.79104052		0.9683095997	0.06768523193	
-4.775902951		0.9678880326	0.06754346345	
-4.760765383		0.9674609168	0.06740013465	
-4.745627814		0.9670282101	0.06725524329	
-4.730490245		0.9665898698	0.06710878738	
-4.715352676		0.9661458532	0.06696076524	
-4.700215108		0.9656961168	0.06681117546	
-4.685077539		0.9652406172	0.06666001694	
-4.66993997		0.9647793102	0.06650728891	
-4.654802401		0.9643121515	0.06635299086	
-4.639664832		0.9638390964	0.06619712263	
-4.624527264		0.9633600998	0.06603968437	
-4.609389695		0.962875116	0.06588067656	
-4.594252126		0.9623840993	0.06572009998	
-4.579114557		0.9618870031	0.06555795578	
-4.563976988		0.9613837808	0.0653942454	
-4.54883942		0.9608743851	0.06522897064	
-4.533701851		0.9603587685	0.06506213364	
-4.518564282		0.9598368828	0.06489373685	
-4.503426713		0.9593086796	0.06472378309	
-4.488289145		0.9587741097	0.0645522755	
-4.473151576		0.9582331238	0.06437921757	
-4.458014007		0.9576856719	0.06420461311	
-4.442876438		0.9571317036	0.06402846629	
-4.427738869		0.956571168	0.0638507816	
-4.412601301		0.9560040135	0.06367156386	
-4.397463732		0.9554301884	0.06349081823	
-4.382326163		0.9548496399	0.0633085502	
-4.367188594		0.9542623153	0.06312476556	
-4.352051026		0.9536681609	0.06293947043	
-4.336913457		0.9530671226	0.06275267124	
-4.321775888		0.9524591458	0.06256437472	
-4.306638319		0.9518441752	0.06237458791	
-4.29150075		0.9512221551	0.06218331813	
-4.276363182		0.950593029	0.06199057296	
-4.261225613		0.9499567399	0.06179636029	
-4.246088044		0.9493132302	0.06160068824	
-4.230950475		0.9486624418	0.0614035652	
-4.215812906		0.9480043157	0.06120499978	
-4.200675338		0.9473387926	0.06100500083	
-4.185537769		0.9466658122	0.0608035774	
-4.1704002		0.9459853138	0.06060073875	
-4.155262631		0.9452972359	0.06039649432	
-4.140125063		0.9446015165	0.06019085371	
-4.124987494		0.9438980925	0.05998382667	
-4.109849925		0.9431869005	0.05977542309	
-4.094712356		0.9424678757	0.05956565294	
-4.079574787		0.9417409528	0.05935452629	
-4.064437219		0.9410060647	0.05914205324	
-4.04929965		0.9402631423	0.05892824385	
-4.034162081		0.9395121142	0.05871310813	
-4.019024512		0.9387529075	0.05849665604	
-4.003886943		0.9379854525	0.05827889782	
-3.988749375		0.9372096879	0.0580598442	
-3.973611806		0.936425556	0.05783950615	
-3.958474237		0.9356329924	0.05761789417	
-3.943336668		0.934831924	0.05739501817	
-3.9281991		0.9340222741	0.05717088773	
-3.913061531		0.9332039657	0.05694551233	
-3.897923962		0.9323769223	0.05671890133	
-3.882786393		0.9315410672	0.0564910639	
-3.867648824		0.9306963236	0.05626200901	
-3.852511256		0.9298426137	0.05603174535	
-3.837373687		0.9289798592	0.05580028128	
-3.822236118		0.9281079805	0.05556762486	
-3.807098549		0.9272268973	0.05533378372	
-3.79196098		0.926336528	0.05509876508	
-3.776823412		0.9254367903	0.05486257573	
-3.761685843		0.9245276004	0.05462522195	
-3.746548274		0.9236088735	0.05438670949	
-3.731410705		0.9226805237	0.05414704354	
-3.716273137		0.9217424637	0.05390622872	
-3.701135568		0.9207946052	0.05366426896	
-3.685997999		0.9198368582	0.05342116757	
-3.67086043		0.9188691319	0.0531769271	
-3.655722861		0.9178913337	0.05293154939	
-3.640585293		0.91690337	0.05268503546	
-3.625447724		0.9159051453	0.05243738551	
-3.610310155		0.9148965631	0.05218859888	
-3.595172586		0.9138775252	0.05193867399	
-3.580035018		0.9128479318	0.05168760832	
-3.564897449		0.9118076816	0.05143539835	
-3.54975988		0.9107566719	0.05118203955	
-3.534622311		0.9096947979	0.05092752632	
-3.519484742		0.9086219538	0.05067185194	
-3.504347174		0.9075380315	0.05041500856	
-3.489209605		0.9064429216	0.05015698715	
-3.474072036		0.9053365129	0.04989777745	
-3.458934467		0.9042186924	0.04963736795	
-3.443796898		0.9030893455	0.04937574584	
-3.42865933		0.9019483558	0.04911289699	
-3.413521761		0.9007956051	0.04884880592	
-3.398384192		0.8996309735	0.04858345573	
-3.383246623		0.8984543395	0.04831682811	
-3.368109055		0.8972655799	0.04804890331	
-3.352971486		0.8960645697	0.04777966009	
-3.337833917		0.8948511825	0.04750907571	
-3.322696348		0.8936252901	0.04723712589	
-3.307558779		0.892386763	0.04696378484	
-3.292421211		0.8911354701	0.04668902519	
-3.277283642		0.889871279	0.04641281799	
-3.262146073		0.888594056	0.04613513275	
-3.247008504		0.887303666	0.04585593736	
-3.231870935		0.8859999732	0.04557519815	
-3.216733367		0.8846828403	0.04529287987	
-3.201595798		0.8833521295	0.04500894571	
-3.186458229		0.8820077021	0.0447233573	
-3.17132066		0.8806494187	0.04443607477	
-3.156183092		0.8792771394	0.04414705674	
-3.141045523		0.877890724	0.04385626041	
-3.125907954		0.8764900322	0.04356364153	
-3.110770385		0.8750749234	0.04326915454	
-3.095632816		0.8736452572	0.04297275258	
-3.080495248		0.8722008937	0.04267438756	
-3.065357679		0.8707416932	0.04237401031	
-3.05022011		0.8692675167	0.0420715706	
-3.035082541		0.8677782261	0.04176701729	
-3.019944972		0.8662736842	0.04146029844	
-3.004807404		0.8647537552	0.04115136145	
-2.989669835		0.8632183043	0.04084015321	
-2.974532266		0.8616671987	0.04052662023	
-2.959394697		0.8601003072	0.04021070889	
-2.944257129		0.8585175004	0.03989236556	
-2.92911956		0.8569186515	0.03957153684	
-2.913981991		0.8553036358	0.03924816979	
-2.898844422		0.8536723312	0.03892221217	
-2.883706853		0.8520246186	0.03859361269	
-2.868569285		0.8503603818	0.03826232133	
-2.853431716		0.8486795078	0.03792828956	
-2.838294147		0.8469818873	0.03759147072	
-2.823156578		0.8452674144	0.03725182033	
-2.80801901		0.8435359875	0.03690929644	
-2.792881441		0.8417875087	0.03656385997	
-2.777743872		0.840021885	0.03621547516	
-2.762606303		0.8382390277	0.03586410989	
-2.747468734		0.8364388533	0.03550973612	
-2.732331166		0.8346212831	0.03515233036	
-2.717193597		0.8327862442	0.03479187402	
-2.702056028		0.8309336693	0.03442835394	
-2.686918459		0.8290634971	0.03406176279	
-2.67178089		0.8271756725	0.03369209957	
-2.656643322		0.8252701472	0.03331937005	
-2.641505753		0.8233468798	0.03294358724	
-2.626368184		0.821405836	0.03256477184	
-2.611230615		0.8194469894	0.03218295276	
-2.596093047		0.8174703214	0.03179816747	
-2.580955478		0.8154758219	0.03141046251	
-2.565817909		0.8134634894	0.0310198939	
-2.55068034		0.811433332	0.0306265275	
-2.535542771		0.8093853671	0.0302304394	
-2.520405203		0.8073196223	0.02983171627	
-2.505267634		0.805236136	0.02943045565	
-2.490130065		0.8031349576	0.02902676623	
-2.474992496		0.8010161484	0.02862076805	
-2.459854927		0.7988797818	0.02821259268	
-2.444717359		0.7967259444	0.02780238334	
-2.42957979		0.794554736	0.02739029492	
-2.414442221		0.7923662709	0.02697649402	
-2.399304652		0.7901606784	0.02656115885	
-2.384167084		0.7879381033	0.02614447908	
-2.369029515		0.7856987071	0.0257266556	
-2.353891946		0.7834426685	0.02530790028	
-2.338754377		0.7811701844	0.02488843551	
-2.323616808		0.7788814705	0.02446849381	
-2.30847924		0.7765767628	0.02404831726	
-2.293341671		0.7742563178	0.02362815684	
-2.278204102		0.7719204138	0.02320827182	
-2.263066533		0.7695693518	0.0227889289	
-2.247928964		0.7672034564	0.02237040138	
-2.232791396		0.7648230769	0.02195296825	
-2.217653827		0.7624285878	0.0215369132	
-2.202516258		0.7600203903	0.02112252355	
-2.187378689		0.7575989128	0.02071008919	
-2.172241121		0.7551646116	0.02029990137	
-2.157103552		0.7527179721	0.01989225158	
-2.141965983		0.7502595092	0.01948743033	
-2.126828414		0.7477897681	0.01908572589	
-2.111690845		0.7453093247	0.01868742312	
-2.096553277		0.7428187862	0.01829280218	
-2.081415708		0.7403187913	0.01790213739	
-2.066278139		0.7378100104	0.01751569599	
-2.05114057		0.7352931459	0.01713373705	
-2.036003002		0.7327689316	0.01675651033	
-2.020865433		0.7302381328	0.01638425528	
-2.005727864		0.7277015458	0.01601720005	
-1.990590295		0.725159997	0.01565556063	
-1.975452726		0.7226143423	0.01529954004	
-1.960315158		0.7200654661	0.01494932761	
-1.945177589		0.7175142796	0.01460509836	
-1.93004002		0.7149617199	0.01426701253	
-1.914902451		0.7124087477	0.01393521515	
-1.899764882		0.7098563457	0.01360983574	
-1.884627314		0.7073055164	0.01329098813	
-1.869489745		0.7047572798	0.01297877035	
-1.854352176		0.7022126705	0.0126732647	
-1.839214607		0.6996727354	0.01237453781	
-1.824077039		0.6971385305	0.01208264091	
-1.80893947		0.6946111179	0.01179761008	
-1.793801901		0.6920915623	0.01151946667	
-1.778664332		0.6895809279	0.01124821774	
-1.763526763		0.6870802748	0.0109838566	
-1.748389195		0.6845906552	0.0107263634	
-1.733251626		0.6821131103	0.01047570575	
-1.718114057		0.679648666	0.01023183939	
-1.702976488		0.6771983297	0.009994708963	
-1.687838919		0.6747630863	0.009764248665	
-1.672701351		0.6723438949	0.009540383064	
-1.657563782		0.6699416848	0.009323027834	
-1.642426213		0.6675573527	0.009112090529	
-1.627288644		0.6651917588	0.008907471339	
-1.612151076		0.662845724	0.008709063845	
-1.597013507		0.6605200267	0.008516755748	
-1.581875938		0.6582154003	0.008330429594	
-1.566738369		0.6559325307	0.008149963453	
-1.5516008		0.6536720535	0.007975231593	
-1.536463232		0.6514345526	0.007806105102	
-1.521325663		0.6492205579	0.007642452499	
-1.506188094		0.6470305443	0.007484140295	
-1.491050525		0.6448649301	0.007331033525	
-1.475912956		0.6427240763	0.007182996252	
-1.460775388		0.6406082862	0.007039892023	
-1.445637819		0.6385178046	0.006901584296	
-1.43050025		0.6364528185	0.006767936835	
-1.415362681		0.6344134566	0.006638814065	
-1.400225113		0.6323997905	0.0065140814	
-1.385087544		0.6304118352	0.006393605531	
-1.369949975		0.6284495503	0.006277254696	
-1.354812406		0.6265128413	0.006164898911	
-1.339674837		0.6246015612	0.006056410177	
-1.324537269		0.6227155124	0.005951662661	
-1.3093997		0.6208544485	0.005850532857	
-1.294262131		0.6190180764	0.005752899713	
-1.279124562		0.617206059	0.005658644754	
-1.263986993		0.615418017	0.005567652167	
-1.248849425		0.613653532	0.005479808886	
-1.233711856		0.6119121486	0.005395004644	
-1.218574287		0.6101933772	0.00531313202	
-1.203436718		0.6084966955	0.005234086465	
-1.18829915		0.6068215501	0.005157766303	
-1.173161581		0.6051673553	0.005084072718	
-1.158024012		0.603533489	0.005012909687	
-1.142886443		0.60191928	0.004944183857	
-1.127748874		0.6003239794	0.004877804276	
-1.112611306		0.5987466994	0.004813681886	
-1.097473737		0.5971862882	0.004751728517	
-1.082336168		0.595641088	0.004691855017	
-1.067198599		0.5941085051	0.004633968019	
-1.052061031		0.5925844073	0.004577965534	
-1.036923462		0.5910628426	0.00452373524	
-1.021785893		0.5895378776	0.004471168893	
-1.006648324		0.5880098488	0.004420209126	
-0.9915107554		0.5864914046	0.004370892262	
-0.9763731866		0.5850001059	0.004323289752	
-0.9612356178		0.5835431761	0.004277395139	
-0.946098049		0.5821160059	0.004233116506	
-0.9309604802		0.5807106821	0.004190341412	
-0.9158229115		0.5793210973	0.004148974214	
-0.9006853427		0.5779435229	0.004108939455	
-0.8855477739		0.5765757995	0.004070175374	
-0.8704102051		0.5752166105	0.004032628303	
-0.8552726363		0.5738650584	0.003996249432	
-0.8401350675		0.5725204512	0.003960993156	
-0.8249974987		0.5711822009	0.003926816269	
-0.80985993		0.5698497767	0.003893677561	
-0.7947223612		0.568522684	0.003861537603	
-0.7795847924		0.567200455	0.003830358625	
-0.7644472236		0.5658826444	0.003800104423	
-0.7493096548		0.5645688273	0.003770740296	
-0.734172086		0.5632585987	0.003742232985	
-0.7190345173		0.5619515732	0.003714550617	
-0.7038969485		0.5606473842	0.003687662657	
-0.6887593797		0.5593456841	0.003661539856	
-0.6736218109		0.5580461441	0.003636154204	
-0.6584842421		0.5567484537	0.003611478882	
-0.6433466733		0.5554523202	0.003587488221	
-0.6282091046		0.5541574692	0.003564157655	
-0.6130715358		0.5528636432	0.003541463682	
-0.597933967		0.5515706019	0.00351938382	
-0.5827963982		0.5502781216	0.003497896572	
-0.5676588294		0.5489859947	0.003476981384	
-0.5525212606		0.5476940293	0.003456618613	
-0.5373836918		0.5464020488	0.00343678949	
-0.5222461231		0.5451098914	0.003417476087	
-0.5071085543		0.5438174097	0.003398661284	
-0.4919709855		0.54252447	0.003380328738	
-0.4768334167		0.541230952	0.003362462856	
-0.4616958479		0.5399367486	0.003345048762	
-0.4465582791		0.5386417648	0.003328072274	
-0.4314207104		0.5373459176	0.003311519875	
-0.4162831416		0.5360491357	0.003295378691	
-0.4011455728		0.5347513585	0.003279636461	
-0.386008004		0.5334525362	0.00326428152	
-0.3708704352		0.532152629	0.003249302776	
-0.3557328664		0.5308516065	0.003234689685	
-0.3405952976		0.5295494478	0.003220432236	
-0.3254577289		0.5282461404	0.003206520928	
-0.3103201601		0.5269416802	0.003192946751	
-0.2951825913		0.525636071	0.003179701174	
-0.2800450225		0.5243293239	0.003166776122	
-0.2649074537		0.5230214568	0.003154163963	
-0.2497698849		0.5217124945	0.003141857493	
-0.2346323162		0.5204024678	0.003129849919	
-0.2194947474		0.5190914132	0.00311813485	
-0.2043571786		0.5177793726	0.003106706276	
-0.1892196098		0.5164663929	0.003095558566	
-0.174082041		0.5151525256	0.003084686446	
-0.1589444722		0.5138378265	0.003074084995	
-0.1438069035		0.5125223551	0.003063749631	
-0.1286693347		0.5112061746	0.003053676101	
-0.1135317659		0.5098893512	0.003043860472	
-0.0983941971		0.508571954	0.003034299124	
-0.08325662831		0.5072540545	0.003024988737	
-0.06811905953		0.5059357266	0.003015926289	
-0.05298149075		0.5046170455	0.003007109042	
-0.03784392196		0.5032980883	0.00299853454	
-0.02270635318		0.5019789331	0.0029902006	
-0.007568784392		0.5006596587	0.002982105307	
0.007568784392		0.4993403445	0.002974247009	
0.02270635318		0.4980210701	0.002966624308	
0.03784392196		0.4967019149	0.00295923606	
0.05298149075		0.4953829578	0.002952081366	
0.06811905953		0.4940642767	0.002945159572	
0.08325662831		0.4927459487	0.002938470261	
0.0983941971		0.4914280492	0.002932013254	
0.1135317659		0.490110652	0.002925788603	
0.1286693347		0.4887938284	0.002919796591	
0.1438069035		0.4874776476	0.002914037726	
0.1589444722		0.4861621759	0.002908512745	
0.174082041		0.4848474763	0.002903222604	
0.1892196098		0.4835336085	0.002898168484	
0.2043571786		0.482220628	0.002893351786	
0.2194947474		0.4809085864	0.002888774128	
0.2346323162		0.4795975306	0.002884437349	
0.2497698849		0.4782875025	0.002880343506	
0.2649074537		0.4769785387	0.002876494874	
0.2800450225		0.4756706699	0.002872893945	
0.2951825913		0.4743639209	0.00286954343	
0.3103201601		0.4730583097	0.002866446259	
0.3254577289		0.4717538475	0.00286360558	
0.3405952976		0.4704505381	0.002861024764	
0.3557328664		0.4691483776	0.002858707401	
0.3708704352		0.4678473535	0.002856657305	
0.386008004		0.4665474451	0.002854878514	
0.4011455728		0.4652486221	0.002853375292	
0.4162831416		0.4639508449	0.002852152131	
0.4314207104		0.4626540638	0.002851213753	
0.4465582791		0.4613582183	0.002850565112	
0.4616958479		0.4600632373	0.002850211396	
0.4768334167		0.4587690379	0.002850158031	
0.4919709855		0.4574755251	0.002850410682	
0.5071085543		0.4561825918	0.002850975256	
0.5222461231		0.4548901176	0.002851857904	
0.5373836918		0.4535979688	0.002853065026	
0.5525212606		0.4523059977	0.002854603272	
0.5676588294		0.4510140422	0.002856479548	
0.5827963982		0.4497219252	0.002858701014	
0.597933967		0.4484294545	0.00286127509	
0.6130715358		0.4471364218	0.002864209462	
0.6282091046		0.4458426028	0.002867512079	
0.6433466733		0.4445477565	0.00287119116	
0.6584842421		0.443251625	0.002875255198	
0.6736218109		0.441953933	0.00287971296	
0.6887593797		0.4406543876	0.002884573491	
0.7038969485		0.4393526778	0.002889846119	
0.7190345173		0.4380484746	0.002895540454	
0.734172086		0.4367414305	0.002901666395	
0.7493096548		0.4354311794	0.002908234127	
0.7644472236		0.4341173363	0.002915254126	
0.7795847924		0.4327994972	0.00292273716	
0.7947223612		0.4314772385	0.002930694285	
0.80985993		0.4301501164	0.002939136842	
0.8249974987		0.4288176646	0.002948076443	
0.8401350675		0.4274793902	0.002957524936	
0.8552726363		0.4261347643	0.002967494342	
0.8704102051		0.4247832004	0.002977996689	
0.8855477739		0.4234240079	0.002989043671	
0.9006853427		0.4220562902	0.003000645896	
0.9158229115		0.4206787312	0.003012811295	
0.9309604802		0.4192891715	0.003025541936	
0.946098049		0.4178838818	0.003038828482	
0.9612356178		0.4164567535	0.003052643761	
0.9763731866		0.4149998714	0.003066946196	
0.9915107554		0.4135086241	0.003081717191	
1.006648324		0.4119902322	0.003097026115	
1.021785893		0.4104622539	0.003113022799	
1.036923462		0.4089373348	0.003129824549	
1.052061031		0.4074158089	0.003147457637	
1.067198599		0.4058917405	0.003165900163	
1.082336168		0.404359176	0.003185128884	
1.097473737		0.402813982	0.003205133666	
1.112611306		0.4012535646	0.003225915798	
1.127748874		0.3996762662	0.003247483609	
1.142886443		0.3980809363	0.003269849246	
1.158024012		0.3964666887	0.003293026807	
1.173161581		0.3948327764	0.003317031339	
1.18829915		0.3931785309	0.003341878309	
1.203436718		0.3915033325	0.003367583317	
1.218574287		0.3898065984	0.003394161933	
1.233711856		0.3880877776	0.003421629583	
1.248849425		0.38634635	0.00345000147	
1.263986993		0.3845818277	0.003479292501	
1.279124562		0.3827937566	0.003509517214	
1.294262131		0.3809817192	0.003540689711	
1.3093997		0.3791453365	0.003572823583	
1.324537269		0.3772842711	0.003605931834	
1.339674837		0.3753982294	0.003640026796	
1.354812406		0.3734869641	0.003675120043	
1.369949975		0.3715502763	0.003711222301	
1.385087544		0.3695880174	0.003748343349	
1.400225113		0.3676000917	0.003786491915	
1.415362681		0.365586457	0.003825675572	
1.43050025		0.363547127	0.003865900619	
1.445637819		0.361482172	0.003907171971	
1.460775388		0.3593917196	0.003949493027	
1.475912956		0.3572759556	0.003992865548	
1.491050525		0.3551351244	0.004037289523	
1.506188094		0.3529695286	0.004082763032	
1.521325663		0.3507795291	0.004129282105	
1.536463232		0.348565544	0.004176840586	
1.5516008		0.3463280485	0.00422542998	
1.566738369		0.3440675728	0.004275039316	
1.581875938		0.341784701	0.004325654997	
1.597013507		0.3394800696	0.004377260659	
1.612151076		0.3371543647	0.004429837029	
1.627288644		0.3348083203	0.00448336179	
1.642426213		0.3324427154	0.004537809452	
1.657563782		0.3300583716	0.004593151226	
1.672701351		0.3276561495	0.004649354915	
1.687838919		0.3252369461	0.004706384811	
1.702976488		0.3228016913	0.004764201612	
1.718114057		0.3203513444	0.004822762347	
1.733251626		0.3178868906	0.004882020327	
1.748389195		0.3154093374	0.004941925111	
1.763526763		0.3129197108	0.005002422496	
1.778664332		0.3104190519	0.005063454532	
1.793801901		0.3079084132	0.005124959564	
1.80893947		0.3053888545	0.005186872295	
1.824077039		0.30286144	0.005249123889	
1.839214607		0.3003272343	0.005311642093	
1.854352176		0.2977872994	0.005374351392	
1.869489745		0.2952426911	0.005437173199	
1.884627314		0.2926944561	0.005500026072	
1.899764882		0.2901436289	0.005562825955	
1.914902451		0.2875912294	0.005625486461	
1.93004002		0.2850382599	0.005687919166	
1.945177589		0.282485703	0.005750033944	
1.960315158		0.2799345195	0.005811739308	
1.975452726		0.2773856461	0.005872942785	
1.990590295		0.2748399942	0.005933551301	
2.005727864		0.272298448	0.005993471579	
2.020865433		0.2697618633	0.006052610551	
2.036003002		0.2672310666	0.006110875768	
2.05114057		0.2647068541	0.006168175822	
2.066278139		0.2621899911	0.006224420759	
2.081415708		0.2596812115	0.006279522488	
2.096553277		0.2571812176	0.006333395179	
2.111690845		0.2546906799	0.00638595565	
2.126828414		0.2522102371	0.006437123731	
2.141965983		0.2497404964	0.006486822616	
2.157103552		0.2472820336	0.00653497918	
2.172241121		0.2448353941	0.006581524281	
2.187378689		0.2424010928	0.006626393024	
2.202516258		0.239979615	0.006669525	
2.217653827		0.2375714173	0.006710864492	
2.232791396		0.2351769279	0.006750360644	
2.247928964		0.2327965479	0.0067879676	
2.263066533		0.2304306521	0.006823644604	
2.278204102		0.2280795896	0.006857356076	
2.293341671		0.2257436852	0.00688907164	
2.30847924		0.2234232397	0.006918766132	
2.323616808		0.2211185315	0.006946419567	
2.338754377		0.2188298173	0.006972017085	
2.353891946		0.2165573328	0.006995548857	
2.369029515		0.2143012938	0.007017009977	
2.384167084		0.2120618973	0.007036400323	
2.399304652		0.209839322	0.007053724393	
2.414442221		0.2076337292	0.007068991129	
2.42957979		0.2054452638	0.007082213718	
2.444717359		0.2032740552	0.00709340938	
2.459854927		0.2011202175	0.007102599145	
2.474992496		0.1989838508	0.007109807616	
2.490130065		0.1968650414	0.007115062729	
2.505267634		0.194763863	0.007118395506	
2.520405203		0.1926803766	0.007119839799	
2.535542771		0.1906146317	0.007119432046	
2.55068034		0.1885666667	0.00711721101	
2.565817909		0.1865365092	0.007113217539	
2.580955478		0.1845241768	0.007107494315	
2.596093047		0.1825296773	0.007100085616	
2.611230615		0.1805530093	0.007091037082	
2.626368184		0.1785941628	0.007080395492	
2.641505753		0.1766531191	0.007068208544	
2.656643322		0.1747298518	0.00705452465	
2.67178089		0.1728243267	0.007039392741	
2.686918459		0.1709365023	0.007022862075	
2.702056028		0.1690663302	0.007004982066	
2.717193597		0.1672137555	0.00698580212	
2.732331166		0.1653787169	0.00696537148	
2.747468734		0.163561147	0.006943739087	
2.762606303		0.1617609727	0.006920953449	
2.777743872		0.1599781157	0.006897062525	
2.792881441		0.1582124922	0.006872113613	
2.80801901		0.1564640137	0.006846153258	
2.823156578		0.154732587	0.006819227163	
2.838294147		0.1530181143	0.006791380113	
2.853431716		0.1513204939	0.006762655912	
2.868569285		0.14963962	0.00673309732	
2.883706853		0.1479753833	0.00670274601	
2.898844422		0.1463276707	0.006671642524	
2.913981991		0.1446963661	0.006639826242	
2.92911956		0.1430813503	0.006607335358	
2.944257129		0.1414825012	0.006574206861	
2.959394697		0.1398996943	0.006540476521	
2.974532266		0.1383328025	0.006506178888	
2.989669835		0.1367816966	0.006471347285	
3.004807404		0.1352462453	0.006436013816	
3.019944972		0.1337263159	0.006400209377	
3.035082541		0.1322217736	0.006363963662	
3.05022011		0.1307324825	0.006327305185	
3.065357679		0.1292583055	0.006290261299	
3.080495248		0.1277991045	0.006252858216	
3.095632816		0.1263547405	0.006215121033	
3.110770385		0.1249250739	0.00617707376	
3.125907954		0.1235099647	0.00613873935	
3.141045523		0.1221092725	0.006100139726	
3.156183092		0.1207228569	0.006061295816	
3.17132066		0.1193505774	0.006022227582	
3.186458229		0.1179922939	0.005982954059	
3.201595798		0.1166478665	0.005943493384	
3.216733367		0.1153171559	0.005903862832	
3.231870935		0.1140000233	0.005864078852	
3.247008504		0.1126963309	0.005824157096	
3.262146073		0.1114059415	0.005784112461	
3.277283642		0.110128719	0.005743959115	
3.292421211		0.1088645286	0.005703710534	
3.307558779		0.1076132365	0.005663379536	
3.322696348		0.1063747102	0.005622978307	
3.337833917		0.1051488187	0.00558251844	
3.352971486		0.1039354324	0.005542010955	
3.368109055		0.1027344231	0.00550146634	
3.383246623		0.1015456643	0.005460894569	
3.398384192		0.1003690311	0.005420305134	
3.413521761		0.09920440019	0.005379707072	
3.42865933		0.09805164998	0.005339108986	
3.443796898		0.09691066058	0.005298519075	
3.458934467		0.09578131386	0.005257945149	
3.474072036		0.09466349338	0.005217394658	
3.489209605		0.09355708447	0.005176874711	
3.504347174		0.09246197418	0.005136392093	
3.519484742		0.09137805129	0.005095953286	
3.534622311		0.09030520631	0.005055564487	
3.54975988		0.08924333145	0.005015231624	
3.564897449		0.08819232057	0.004974960374	
3.580035018		0.08715206922	0.004934756173	
3.595172586		0.08612247457	0.004894624236	
3.610310155		0.08510343537	0.004854569566	
3.625447724		0.08409485194	0.004814596972	
3.640585293		0.08309662615	0.004774711072	
3.655722861		0.08210866133	0.004734916313	
3.67086043		0.0811308623	0.004695216977	
3.685997999		0.08016313528	0.004655617192	
3.701135568		0.07920538788	0.004616120939	
3.716273137		0.07825752908	0.004576732065	
3.731410705		0.07731946913	0.004537454288	
3.746548274		0.07639111958	0.004498291205	
3.761685843		0.07547239323	0.0044592463	
3.776823412		0.07456320407	0.004420322951	
3.79196098		0.07366346726	0.004381524437	
3.807098549		0.07277309911	0.00434285394	
3.822236118		0.07189201706	0.004304314556	
3.837373687		0.07102013959	0.004265909298	
3.852511256		0.07015738625	0.004227641098	
3.867648824		0.06930367757	0.004189512815	
3.882786393		0.06845893503	0.004151527233	
3.897923962		0.06762308094	0.004113687064	
3.913061531		0.06679603831	0.004075994942	
3.9281991		0.06597773053	0.004038453411	
3.943336668		0.065168081	0.004001064901	
3.958474237		0.06436701278	0.003963831717	
3.973611806		0.06357444917	0.003926756072	
3.988749375		0.06279031711	0.003889840305	
4.003886943		0.06201455215	0.003853087193	
4.019024512		0.06124709669	0.003816499853	
4.034162081		0.06048788939	0.003780081088	
4.04929965		0.05973686064	0.003743833101	
4.064437219		0.05899393757	0.003707757808	
4.079574787		0.05825904873	0.003671857127	
4.094712356		0.05753212514	0.003636133051	
4.109849925		0.05681309982	0.003600587619	
4.124987494		0.05610190719	0.003565222884	
4.140125063		0.05539848277	0.003530040892	
4.155262631		0.05470276292	0.003495043672	
4.1704002		0.05401468477	0.003460233231	
4.185537769		0.05333418618	0.00342561155	
4.200675338		0.05266120569	0.003391180587	
4.215812906		0.05199568249	0.003356942276	
4.230950475		0.05133755647	0.003322898524	
4.246088044		0.05068676812	0.003289051215	
4.261225613		0.05004325859	0.00325540221	
4.276363182		0.04940696966	0.003221953344	
4.29150075		0.0487778437	0.003188706428	
4.306638319		0.04815582373	0.003155663251	
4.321775888		0.04754085332	0.003122825575	
4.336913457		0.04693287666	0.003090195139	
4.352051026		0.04633183853	0.003057773659	
4.367188594		0.04573768423	0.003025562824	
4.382326163		0.04515035969	0.002993564298	
4.397463732		0.04456981133	0.002961779721	
4.412601301		0.04399598616	0.002930210706	
4.427738869		0.0434288317	0.002898858841	
4.442876438		0.04286829599	0.002867725684	
4.458014007		0.04231432762	0.002836812771	
4.473151576		0.04176687564	0.002806121604	
4.488289145		0.04122588964	0.002775653663	
4.503426713		0.04069131968	0.002745410394	
4.518564282		0.04016311629	0.002715393217	
4.533701851		0.03964123049	0.002685603521	
4.54883942		0.03912561375	0.002656042663	
4.563976988		0.03861621801	0.002626711971	
4.579114557		0.03811299564	0.00259761274	
4.594252126		0.03761589945	0.002568746234	
4.609389695		0.03712488268	0.002540113683	
4.624527264		0.03663989899	0.002511716284	
4.639664832		0.03616090245	0.002483555202	
4.654802401		0.03568784754	0.002455631563	
4.66993997		0.03522068911	0.002427946463	
4.685077539		0.03475938242	0.002400500959	
4.700215108		0.03430388312	0.002373296075	
4.715352676		0.0338541472	0.002346332796	
4.730490245		0.03341013103	0.002319612071	
4.745627814		0.03297179134	0.002293134812	
4.760765383		0.03253908519	0.002266901894	
4.775902951		0.03211197	0.002240914154	
4.79104052		0.03169040352	0.002215172388	
4.806178089		0.03127434382	0.002189677356	
4.821315658		0.03086374929	0.002164429779	
4.836453227		0.03045857865	0.002139430338	
4.851590795		0.0300587909	0.002114679676	
4.866728364		0.02966434537	0.002090178395	
4.881865933		0.02927520167	0.002065927057	
4.897003502		0.0288913197	0.002041926187	
4.912141071		0.02851265964	0.002018176269	
4.927278639		0.02813918197	0.001994677746	
4.942416208		0.02777084742	0.001971431023	
4.957553777		0.027407617	0.001948436466	
4.972691346		0.02704945199	0.001925694399	
4.987828914		0.02669631392	0.00190320511	
5.002966483		0.02634816457	0.001880968845	
5.018104052		0.026004966	0.001858985813	
5.033241621		0.02566668048	0.001837256183	
5.04837919		0.02533327056	0.001815780086	
5.063516758		0.02500469901	0.001794557615	
5.078654327		0.02468092883	0.001773588824	
5.093791896		0.02436192327	0.001752873731	
5.108929465		0.02404764582	0.001732412313	
5.124067034		0.02373806017	0.001712204515	
5.139204602		0.02343312644	0.001692249966	
5.154342171		0.02313281632	0.001672549074	
5.16947974		0.02283709046	0.001653101405	
5.184617309		0.02254591342	0.001633906751	
5.199754877		0.02225924997	0.001614964869	
5.214892446		0.02197706508	0.001596275479	
5.230030015		0.02169932394	0.001577838263	
5.245167584		0.02142599188	0.001559652866	
5.260305153		0.02115703445	0.001541718896	
5.275442721		0.02089241739	0.001524035927	
5.29058029		0.02063210659	0.001506603491	
5.305717859		0.02037606812	0.001489421087	
5.320855428		0.02012426823	0.001472488177	
5.335992996		0.01987667332	0.001455804184	
5.351130565		0.01963324995	0.001439368499	
5.366268134		0.01939396488	0.001423180475	
5.381405703		0.01915878498	0.001407239433	
5.396543272		0.01892767733	0.00139154466	
5.41168084		0.01870060915	0.001376095412	
5.426818409		0.01847754785	0.001360890914	
5.441955978		0.01825846103	0.001345930364	
5.457093547		0.01804331646	0.001331212934	
5.472231116		0.01783208214	0.001316737772	
5.487368684		0.01762472625	0.001302504007	
5.502506253		0.01742121724	0.001288510746	
5.517643822		0.01722152375	0.001274757084	
5.532781391		0.01702561472	0.001261242098	
5.547918959		0.01683345932	0.001247964855	
5.563056528		0.016645027	0.001234924412	
5.578194097		0.01646028749	0.001222119816	
5.593331666		0.01627921078	0.001209550101	
5.608469235		0.01610176715	0.001197214294	
5.623606803		0.01592792711	0.001185111406	
5.638744372		0.01575766142	0.001173240432	
5.653881941		0.01559094105	0.001161600349	
5.66901951		0.01542773716	0.001150190106	
5.684157079		0.01526802104	0.001139008622	
5.699294647		0.01511176407	0.001128054779	
5.714432216		0.01495893773	0.001117327419	
5.729569785		0.01480951349	0.001106825333	
5.744707354		0.01466346282	0.001096547262	
5.759844922		0.01452075714	0.001086491893	
5.774982491		0.01438136782	0.001076657859	
5.79012006		0.01424526619	0.00106704374	
5.805257629		0.01411242353	0.001057648072	
5.820395198		0.01398281114	0.001048469351	
5.835532766		0.01385640035	0.001039506047	
5.850670335		0.01373316264	0.001030756615	
5.865807904		0.01361306968	0.001022219513	
5.880945473		0.01349609339	0.001013893209	
5.896083042		0.01338220599	0.001005776194	
5.91122061		0.01327137992	0.0009978669842	
5.926358179		0.01316358762	0.0009901641053	
5.941495748		0.01305880102	0.000982666057	
5.956633317		0.01295699077	0.0009753712544	
5.971770885		0.01285812611	0.0009682780095	
5.986908454		0.01276217767	0.0009613847386	
6.002046023		0.01266912472	0.0009546904971	
6.017183592		0.01257895807	0.0009481951918	
6.032321161		0.01249166916	0.0009418987438	
6.047458729		0.01240723932	0.0009358002741	
6.062596298		0.01232564224	0.0009298982769	
6.077733867		0.01224685015	0.0009241910813	
6.092871436		0.01217083642	0.000918677045	
6.108009005		0.01209757564	0.0009133545621	
6.123146573		0.01202704311	0.0009082220262	
6.138284142		0.01195921443	0.0009032778067	
6.153421711		0.01189406528	0.0008985202392	
6.16855928		0.01183157136	0.0008939476297	
6.183696848		0.01177170837	0.0008895582627	
6.198834417		0.01171445213	0.0008853504136	
6.213971986		0.01165977858	0.0008813223588	
6.229109555		0.01160766385	0.0008774723855	
6.244247124		0.01155808437	0.0008737987975	
6.259384692		0.0115110168	0.000870299919	
6.274522261		0.01146643816	0.0008669740942	
6.28965983		0.01142432571	0.000863819685	
6.304797399		0.01138465702	0.0008608350662	
6.319934967		0.01134740989	0.0008580186192	
6.335072536		0.01131256229	0.000855368725	
6.350210105		0.01128009236	0.0008528837565	
6.365347674		0.01124997829	0.000850562071	
6.380485243		0.01122219832	0.0008484020037	
6.395622811		0.01119673064	0.0008464018619	
6.41076038		0.0111735534	0.0008445599196	
6.425897949		0.01115264462	0.0008428744141	
6.441035518		0.01113398216	0.0008413435436	
6.456173087		0.01111754371	0.000839965465	
6.471310655		0.01110330678	0.0008387382936	
6.486448224		0.01109124862	0.0008376601025	
6.501585793		0.01108134629	0.000836728923	
6.516723362		0.01107357658	0.0008359427456	
6.53186093		0.01106791604	0.0008352995207	
6.546998499		0.01106434096	0.0008347971594	
6.562136068		0.01106282741	0.0008344335353	
6.577273637		0.01106335117	0.0008342064851	
6.592411206		0.01106588776	0.0008341138095	
6.607548774		0.01107041246	0.0008341532735	
6.622686343		0.01107690026	0.0008343226074	
6.637823912		0.01108532589	0.0008346195061	
6.652961481		0.0110956638	0.0008350416299	
6.66809905		0.01110788817	0.000835586604	
6.683236618		0.01112197288	0.0008362520183	
6.698374187		0.01113789153	0.0008370354275	
6.713511756		0.01115561743	0.0008379343503	
6.728649325		0.01117512356	0.0008389462693	
6.743786893		0.01119638261	0.0008400686306	
6.758924462		0.01121936695	0.0008412988432	
6.774062031		0.01124404866	0.0008426342791	
6.7891996		0.01127039946	0.0008440722736	
6.804337169		0.01129839082	0.000845610125	
6.819474737		0.01132799384	0.0008472450959	
6.834612306		0.01135917937	0.0008489744135	
6.849749875		0.01139191793	0.0008507952702	
6.864887444		0.01142617977	0.0008527048253	
6.880025013		0.01146193489	0.0008547002059	
6.895162581		0.01149915302	0.0008567785089	
6.91030015		0.01153780366	0.0008589368023	
6.925437719		0.01157785611	0.0008611721284	
6.940575288		0.01161927949	0.0008634815054	
6.955712856		0.01166204278	0.0008658619308	
6.970850425		0.01170611483	0.0008683103837	
6.985987994		0.01175146439	0.0008708238278	
7.001125563		0.01179806016	0.0008733992146	
7.016263132		0.01184587083	0.0008760334867	
7.0314007		0.01189486511	0.0008787235804	
7.046538269		0.01194501176	0.0008814664304	
7.061675838		0.01199627965	0.0008842589724	
7.076813407		0.01204863779	0.0008870981472	
7.091950975		0.01210205535	0.000889980904	
7.107088544		0.01215650172	0.0008929042038	
7.122226113		0.01221194657	0.0008958650227	
7.137363682		0.01226835983	0.0008988603551	
7.152501251		0.01232571177	0.0009018872168	
7.167638819		0.01238397303	0.0009049426485	
7.182776388		0.01244311465	0.0009080237182	
7.197913957		0.01250310807	0.0009111275246	
7.213051526		0.01256392521	0.000914251199	
7.228189095		0.01262553846	0.0009173919084	
7.243326663		0.01268792071	0.0009205468569	
7.258464232		0.01275104537	0.0009237132879	
7.273601801		0.0128148864	0.0009268884855	
7.28873937		0.0128794183	0.0009300697763	
7.303876938		0.01294461614	0.0009332545303	
7.319014507		0.01301045556	0.0009364401627	
7.334152076		0.01307691278	0.000939624134	
7.349289645		0.01314396459	0.0009428039511	
7.364427214		0.01321158838	0.0009459771674	
7.379564782		0.01327976209	0.0009491413832	
7.394702351		0.01334846425	0.0009522942454	
7.40983992		0.01341767394	0.0009554334476	
7.424977489		0.01348737081	0.0009585567296	
7.440115058		0.01355753503	0.0009616618774	
7.455252626		0.01362814732	0.0009647467222	
7.470390195		0.0136991889	0.0009678091405	
7.485527764		0.0137706415	0.0009708470525	
7.500665333		0.01384248732	0.0009738584222	
7.515802901		0.01391470903	0.0009768412556	
7.53094047		0.01398728972	0.0009797936003	
7.546078039		0.01406021295	0.0009827135444	
7.561215608		0.01413346264	0.0009855992153	
7.576353177		0.01420702311	0.0009884487792	
7.591490745		0.01428087905	0.0009912604397	
7.606628314		0.0143550155	0.0009940324369	
7.621765883		0.0144294178	0.0009967630464	
7.636903452		0.0145040716	0.0009994505785	
7.652041021		0.01457896285	0.001002093377	
7.667178589		0.01465407774	0.001004689818	
7.682316158		0.01472940272	0.001007238309	
7.697453727		0.01480492446	0.001009737288	
7.712591296		0.01488062983	0.001012185224	
7.727728864		0.0149565059	0.001014580613	
7.742866433		0.01503253989	0.001016921981	
7.758004002		0.01510871918	0.001019207878	
7.773141571		0.01518503128	0.001021436884	
7.78827914		0.01526146381	0.001023607601	
7.803416708		0.01533800449	0.001025718656	
7.818554277		0.01541464111	0.001027768703	
7.833691846		0.01549136151	0.001029756413	
7.848829415		0.01556815359	0.001031680483	
7.863966983		0.01564500525	0.00103353963	
7.879104552		0.01572190439	0.00103533259	
7.894242121		0.01579883891	0.001037058119	
7.90937969		0.01587579666	0.00103871499	
7.924517259		0.01595276543	0.001040301996	
7.939654827		0.01602973294	0.001041817943	
7.954792396		0.01610668683	0.001043261656	
7.969929965		0.01618361459	0.001044631971	
7.985067534		0.0162605036	0.001045927742	
8.000205103		0.0163373411	0.001047147832	
8.015342671		0.01641411414	0.00104829112	
8.03048024		0.01649080959	0.001049356493	
8.045617809		0.01656741412	0.001050342852	
8.060755378		0.01664391416	0.001051249106	
8.075892946		0.01672029593	0.001052074175	
8.091030515		0.01679654538	0.001052816987	
8.106168084		0.01687264822	0.001053476479	
8.121305653		0.01694858985	0.001054051598	
8.136443222		0.01702435542	0.001054541297	
8.15158079		0.01709992976	0.001054944538	
8.166718359		0.01717529741	0.00105526029	
8.181855928		0.01725044257	0.001055487532	
8.196993497		0.01732534916	0.001055625249	
8.212131066		0.01740000077	0.001055672434	
8.227268634		0.01747438064	0.00105562809	
8.242406203		0.01754847172	0.001055491226	
8.257543772		0.01762225662	0.001055260862	
8.272681341		0.01769571761	0.001054936027	
8.287818909		0.01776883668	0.001054515759	
8.302956478		0.01784159544	0.001053999109	
8.318094047		0.01791397525	0.001053385136	
8.333231616		0.01798595711	0.001052672911	
8.348369185		0.01805752173	0.001051861519	
8.363506753		0.01812864954	0.001050950057	
8.378644322		0.01819932065	0.001049937635	
8.393781891		0.0182695149	0.001048823377	
8.40891946		0.01833921186	0.001047606424	
8.424057029		0.01840839079	0.001046285929	
8.439194597		0.01847703075	0.001044861065	
8.454332166		0.01854511048	0.00104333102	
8.469469735		0.01861260852	0.001041695	
8.484607304		0.01867950316	0.001039952228	
8.499744872		0.01874577245	0.001038101948	
8.514882441		0.01881139421	0.001036143422	
8.53002001		0.01887634607	0.001034075932	
8.545157579		0.01894060543	0.001031898782	
8.560295148		0.0190041495	0.001029611296	
8.575432716		0.01906695529	0.001027212821	
8.590570285		0.01912899962	0.001024702726	
8.605707854		0.01919025915	0.001022080403	
8.620845423		0.01925071035	0.001019345267	
8.635982991		0.01931032953	0.001016496758	
8.65112056		0.01936909284	0.001013534342	
8.666258129		0.01942697628	0.001010457508	
8.681395698		0.0194839557	0.001007265774	
8.696533267		0.01954000681	0.001003958683	
8.711670835		0.0195951052	0.001000535805	
8.726808404		0.01964922631	0.0009969967398	
8.741945973		0.01970234549	0.0009933411152	
8.757083542		0.01975443796	0.0009895685887	
8.772221111		0.01980547882	0.0009856788489	
8.787358679		0.01985544311	0.0009816716153	
8.802496248		0.01990430574	0.0009775466399	
8.817633817		0.01995204155	0.0009733037077	
8.832771386		0.0199986253	0.0009689426383	
8.847908954		0.02004403167	0.0009644632859	
8.863046523		0.02008823528	0.000959865541	
8.878184092		0.02013121065	0.0009551493309	
8.893321661		0.02017293224	0.00095031462	
8.90845923		0.0202133744	0.0009453614096	
8.923596798		0.02025251131	0.0009402897366	
8.938734367		0.02029031686	0.0009350996696	
8.953871936		0.0203267646	0.0009297913059	
8.969009505		0.02036182772	0.0009243647751	
8.984147074		0.02039547982	0.0009188202735	
8.999284642		0.02042769642	0.0009131581336	
9.014422211		0.02045845542	0.0009073788421	
9.02955978		0.02048773446	0.0009014829201	
9.044697349		0.0205155085	0.0008954708207	
9.059834917		0.02054175072	0.0008893429735	
9.074972486		0.02056643424	0.0008830998629	
9.090110055		0.0205895327	0.0008767420557	
9.105247624		0.02061102024	0.0008702702006	
9.120385193		0.02063087136	0.0008636850218	
9.135522761		0.02064906073	0.000856987316	
9.15066033		0.02066556323	0.000850177951	
9.165797899		0.02068035383	0.0008432578671	
9.180935468		0.02069340765	0.0008362280784	
9.196073037		0.02070469998	0.0008290896748	
9.211210605		0.02071420621	0.0008218438244	
9.226348174		0.02072190192	0.0008144917759	
9.241485743		0.02072776284	0.0008070348605	
9.256623312		0.02073176493	0.000799474495	
9.27176088		0.0207338843	0.0007918121834	
9.286898449		0.02073409731	0.0007840495199	
9.302036018		0.02073238057	0.0007761881908	
9.317173587		0.02072871091	0.000768229977	
9.332311156		0.02072306547	0.0007601767561	
9.347448724		0.02071542164	0.0007520305044	
9.362586293		0.02070575716	0.0007437932989	
9.377723862		0.02069405008	0.0007354673194	
9.392861431		0.02068027881	0.0007270548501	
9.407998999		0.02066442214	0.000718558281	
9.423136568		0.02064645926	0.0007099801097	
9.438274137		0.02062636976	0.0007013229422	
9.453411706		0.0206041337	0.0006925894942	
9.468549275		0.02057973159	0.0006837825916	
9.483686843		0.02055314444	0.0006749051714	
9.498824412		0.02052435378	0.0006659602814	
9.513961981		0.02049334168	0.0006569510805	
9.52909955		0.02046009078	0.0006478808385	
9.544237119		0.0204245843	0.0006387529347	
9.559374687		0.0203868061	0.0006295708579	
9.574512256		0.02034674069	0.0006203382037	
9.589649825		0.02030437322	0.0006110586742	
9.604787394		0.02025968958	0.0006017360745	
9.619924962		0.02021267636	0.000592374311	
9.635062531		0.02016332092	0.000582977388	
9.6502001		0.02011161139	0.0005735494046	
9.665337669		0.02005753671	0.0005640945507	
9.680475238		0.02000108666	0.0005546171028	
9.695612806		0.01994225188	0.0005451214193	
9.710750375		0.0198810239	0.0005356119357	
9.725887944		0.01981739518	0.0005260931585	
9.741025513		0.0197513591	0.0005165696602	
9.756163082		0.01968291005	0.0005070460717	
9.77130065		0.01961204338	0.000497527077	
9.786438219		0.0195387555	0.0004880174047	
9.801575788		0.01946304387	0.0004785218216	
9.816713357		0.01938490702	0.0004690451242	
9.831850925		0.01930434462	0.000459592131	
9.846988494		0.01922135745	0.0004501676733	
9.862126063		0.01913594749	0.0004407765876	
9.877263632		0.01904811787	0.0004314237052	
9.892401201		0.01895787297	0.0004221138442	
9.907538769		0.0188652184	0.0004128517993	
9.922676338		0.01877016104	0.0004036423325	
9.937813907		0.01867270905	0.0003944901634	
9.952951476		0.01857287191	0.0003853999592	
9.968089045		0.01847066038	0.000376376325	
9.983226613		0.0183660866	0.0003674237941	
9.998364182		0.01825916402	0.0003585468177	
10.01350175		0.01814990746	0.0003497497557	
10.02863932		0.01803833307	0.0003410368668	
10.04377689		0.0179244584	0.0003324122997	
10.05891446		0.01780830239	0.0003238800842	
10.07405203		0.01768988543	0.0003154441242	
10.08918959		0.01756922953	0.0003071081901	
10.10432716		0.0174463584	0.0002988759143	
10.11946473		0.01732129872	0.0002907508023	
10.1346023		0.01719323372	0.0002827221284	
10.14973987		0.01706384741	0.0002748209794	
10.16487744		0.01693236408	0.0002670365884	
10.18001501		0.01679881703	0.0002593717925	
10.19515258		0.01666324145	0.000251829252	
10.21029015		0.01652567444	0.0002444114454	
10.22542771		0.01638615502	0.000237120666	
10.24056528		0.01624472421	0.0002299590184	
10.25570285		0.01610142496	0.0002229284163	
10.27084042		0.01595630227	0.0002160305807	
10.28597799		0.01580940314	0.0002092670389	
10.30111556		0.01566077662	0.0002026391235	
10.31625313		0.01551047386	0.0001961479734	
10.3313907		0.01535854808	0.0001897945341	
10.34652826		0.01520505463	0.0001835795592	
10.36166583		0.01505005096	0.0001775036125	
10.3768034		0.01489359668	0.0001715670707	
10.39194097		0.01473575357	0.0001657701262	
10.40707854		0.01457658554	0.0001601127913	
10.42221611		0.01441615868	0.0001545949019	
10.43735368		0.01425454125	0.0001492161227	
10.45249125		0.01409180369	0.0001439759518	
10.46762881		0.0139280186	0.0001388737265	
10.48276638		0.01376326071	0.000133908629	
10.49790395		0.01359760693	0.0001290796928	
10.51304152		0.01343113627	0.0001243858085	
10.52817909		0.01326392987	0.0001198257312	
10.54331666		0.01309607092	0.000115398087	
10.55845423		0.01292764467	0.0001111013803	
10.5735918		0.01275873835	0.0001069340011	
10.58872936		0.01258944115	0.0001028942321	
10.60386693		0.01241984417	9.898025571e-05	
10.6190045		0.01225004036	9.519016172e-05	
10.63414207		0.01208012442	9.152195382e-05	
10.64927964		0.01191019277	8.797355758e-05	
10.66441721		0.01174034342	8.454282764e-05	
10.67955478		0.01157067593	8.12275555e-05	
10.69469235		0.01140129125	7.802547626e-05	
10.70982991		0.01123229169	7.493427557e-05	
10.72496748		0.01106378077	7.195159537e-05	
10.74010505		0.0108958632	6.90750404e-05	
10.75524262		0.01072864466	6.630218435e-05	
10.77038019		0.01056223175	6.363057725e-05	
10.78551776		0.01039673184	6.10577523e-05	
10.80065533		0.01023225295	5.858123265e-05	
10.8157929		0.01006890364	5.619853641e-05	
10.83093047		0.009906792984	5.390718094e-05	
10.84606803		0.009746030464	5.170468616e-05	
10.8612056		0.009586725904	4.958857902e-05	
10.87634317		0.009428989277	4.755639875e-05	
10.89148074		0.009272930567	4.560570351e-05	
10.90661831		0.009118659508	4.373407603e-05	
10.92175588		0.008966285455	4.193912747e-05	
10.93689345		0.008815917123	4.021849777e-05	
10.95203102		0.008667662382	3.856985445e-05	
10.96716858		0.008521627921	3.699089169e-05	
10.98230615		0.008377919598	3.547933544e-05	
10.99744372		0.008236644149	3.403295717e-05	
11.01258129		0.008097911033	3.264958819e-05	
11.02771886		0.007961829965	3.132711336e-05	
11.04285643		0.007828506411	3.006345344e-05	
11.057994		0.007698040986	2.885655985e-05	
11.07313157		0.007570531732	2.770441925e-05	
11.08826913		0.007446075322	2.660505676e-05	
11.1034067		0.007324767014	2.555654038e-05	
11.11854427		0.007206699832	2.455698758e-05	
11.13368184		0.007091963907	2.360457218e-05	
11.14881941		0.006980646082	2.269752613e-05	
11.16395698		0.006872830212	2.183413531e-05	
11.17909455		0.006768597656	2.101273056e-05	
11.19423212		0.006668027843	2.023168048e-05	
11.20936968		0.006571198165	1.948939003e-05	
11.22450725		0.006478183361	1.878430719e-05	
11.23964482		0.006389054407	1.811493292e-05	
11.25478239		0.006303877826	1.747982879e-05	
11.26991996		0.006222715638	1.687761607e-05	
11.28505753		0.006145626358	1.630696668e-05	
11.3001951		0.006072666205	1.576659024e-05	
11.31533267		0.006003890002	1.525522564e-05	
11.33047024		0.005939350783	1.477164127e-05	
11.3456078		0.005879098445	1.431464472e-05	
11.36074537		0.005823177842	1.388309456e-05	
11.37588294		0.005771627777	1.347590717e-05	
11.39102051		0.00572448132	1.309205268e-05	
11.40615808		0.005681767673	1.273054221e-05	
11.42129565		0.005643514241	1.239041259e-05	
11.43643322		0.005609747861	1.207071796e-05	
11.45157079		0.005580493958	1.177053225e-05	
11.46670835		0.005555774234	1.148896136e-05	
11.48184592		0.005535603845	1.122515659e-05	
11.49698349		0.005519990125	1.097832122e-05	
11.51212106		0.005508933475	1.074770485e-05	
11.52725863		0.005502430401	1.053258874e-05	
11.5423962		0.005500476699	1.033226945e-05	
11.55753377		0.005503069188	1.014605046e-05	
11.57267134		0.005510204447	9.97324577e-06	
11.5878089		0.005521875461	9.813193727e-06	
11.60294647		0.005538067733	9.665271813e-06	
11.61808404		0.005558757604	9.528903943e-06	
11.63322161		0.005583913609	9.403554772e-06	
11.64835918		0.005613500677	9.288714324e-06	
11.66349675		0.005647484565	9.183880495e-06	
11.67863432		0.0056858343	9.088549566e-06	
11.69377189		0.005728520708	9.002219266e-06	
11.70890945		0.005775512068	8.924403029e-06	
11.72404702		0.005826768982	8.854646309e-06	
11.73918459		0.00588224191	8.79253577e-06	
11.75432216		0.005941872549	8.737695158e-06	
11.76945973		0.006005598892	8.68977037e-06	
11.7845973		0.006073360905	8.648410937e-06	
11.79973487		0.006145104093	8.61325839e-06	
11.81487244		0.006220778399	8.583947228e-06	
11.83001001		0.006300333313	8.560118501e-06	
11.84514757		0.006383711517	8.541437498e-06	
11.86028514		0.006470845184	8.527605807e-06	
11.87542271		0.006561656687	8.518360249e-06	
11.89056028		0.006656063853	8.513459777e-06	
11.90569785		0.006753986659	8.512666629e-06	
11.92083542		0.006855352283	8.51573208e-06	
11.93597299		0.006960095262	8.522393829e-06	
11.95111056		0.007068152931	8.53238708e-06	
11.96624812		0.007179458213	8.545462538e-06	
11.98138569		0.007293934339	8.5614015e-06	
11.99652326		0.007411494035	8.580019079e-06	
12.01166083		0.00753204399	8.601154664e-06	
12.0267984		0.007655491859	8.624654344e-06	
12.04193597		0.007781752768	8.650354699e-06	
12.05707354		0.007910751529	8.678075638e-06	
12.07221111		0.008042419661	8.707626684e-06	
12.08734867		0.008176688275	8.738822838e-06	
12.10248624		0.008313481336	8.771501453e-06	
12.11762381		0.008452712636	8.805530085e-06	
12.13276138		0.008594288387	8.840802048e-06	
12.14789895		0.008738113397	8.877222229e-06	
12.16303652		0.008884098267	8.914690956e-06	
12.17817409		0.009032163776	8.953093037e-06	
12.19331166		0.009182240628	8.992297894e-06	
12.20844922		0.009334263971	9.03217048e-06	
12.22358679		0.009488166146	9.072587532e-06	
12.23872436		0.009643871343	9.113449401e-06	
12.25386193		0.009801295448	9.154681659e-06	
12.2689995		0.009960350205	9.196226205e-06	
12.28413707		0.01012094982	9.238027628e-06	
12.29927464		0.01028301661	9.280020696e-06	
12.31441221		0.01044648357	9.322124894e-06	
12.32954977		0.0106112921	9.36424837e-06	
12.34468734		0.01077738598	9.406300144e-06	
12.35982491		0.01094470472	9.448203467e-06	
12.37496248		0.01111318034	9.489903235e-06	
12.39010005		0.01128273855	9.531363612e-06	
12.40523762		0.01145330366	9.572558862e-06	
12.42037519		0.01162480393	9.613461942e-06	
12.43551276		0.01179717603	9.654035873e-06	
12.45065033		0.01197036623	9.694230695e-06	
12.46578789		0.01214432785	9.733988121e-06	
12.48092546		0.01231901558	9.773251494e-06	
12.49606303		0.01249438031	9.811975997e-06	
12.5112006		0.01267036686	9.850132915e-06	
12.52633817		0.01284691589	9.887706867e-06	
12.54147574		0.0130239678	9.924688302e-06	
12.55661331		0.01320146707	9.961065624e-06	
12.57175088		0.01337936527	9.996819109e-06	
12.58688844		0.01355762205	1.003191914e-05	
12.60202601		0.01373620271	1.006632955e-05	
12.61716358		0.01391507374	1.010001545e-05	
12.63230115		0.0140941983	1.013295083e-05	
12.64743872		0.01427353465	1.016512206e-05	
12.66257629		0.01445303748	1.019652571e-05	
12.67771386		0.01463266106	1.022716353e-05	
12.69285143		0.01481236225	1.025703677e-05	
12.70798899		0.01499210335	1.028614166e-05	
12.72312656		0.0151718533	1.031446673e-05	
12.73826413		0.015351587	1.034199362e-05	
12.7534017		0.01553128207	1.036870161e-05	
12.76853927		0.01571091502	1.039457379e-05	
12.78367684		0.01589045883	1.041960102e-05	
12.79881441		0.01606988302	1.044378251e-05	
12.81395198		0.01624915489	1.046712361e-05	
12.82908954		0.01642824144	1.048963324e-05	
12.84422711		0.01660711107	1.05113208e-05	
12.85936468		0.01678573565	1.053219334e-05	
12.87450225		0.01696409145	1.055225343e-05	
12.88963982		0.01714215893	1.057149941e-05	
12.90477739		0.01731992075	1.058992753e-05	
12.91991496		0.01749736022	1.060753467e-05	
12.93505253		0.01767446009	1.062431978e-05	
12.9501901		0.01785120259	1.06402844e-05	
12.96532766		0.01802756934	1.065543224e-05	
12.98046523		0.01820354189	1.066976891e-05	
12.9956028		0.01837910209	1.068330095e-05	
13.01074037		0.01855423304	1.06960349e-05	
13.02587794		0.01872891933	1.070797636e-05	
13.04101551		0.01890314726	1.071912986e-05	
13.05615308		0.01907690443	1.072949899e-05	
13.07129065		0.01925017953	1.073908681e-05	
13.08642821		0.01942296184	1.074789622e-05	
13.10156578		0.01959524119	1.075593026e-05	
13.11670335		0.01976700764	1.076319218e-05	
13.13184092		0.01993825158	1.076968562e-05	
13.14697849		0.02010896352	1.077541452e-05	
13.16211606		0.02027913426	1.078038318e-05	
13.17725363		0.02044875468	1.078459618e-05	
13.1923912		0.02061781595	1.078805838e-05	
13.20752876		0.02078630932	1.079077486e-05	
13.22266633		0.02095422634	1.079275091e-05	
13.2378039		0.02112155861	1.079399196e-05	
13.25294147		0.02128829804	1.079450363e-05	
13.26807904		0.0214544366	1.079429161e-05	
13.28321661		0.02161996655	1.079336175e-05	
13.29835418		0.02178488023	1.079171991e-05	
13.31349175		0.02194917022	1.078937212e-05	
13.32862931		0.02211282922	1.078632438e-05	
13.34376688		0.02227585017	1.078258284e-05	
13.35890445		0.02243822609	1.07781536e-05	
13.37404202		0.02259995027	1.07730429e-05	
13.38917959		0.0227610161	1.076725694e-05	
13.40431716		0.02292141721	1.076080202e-05	
13.41945473		0.02308114735	1.07536844e-05	
13.4345923		0.02324020052	1.074591044e-05	
13.44972986		0.02339857083	1.073748647e-05	
13.46486743		0.02355625266	1.072841891e-05	
13.480005		0.0237132405	1.071871413e-05	
13.49514257		0.02386952915	1.070837858e-05	
13.51028014		0.02402511348	1.06974187e-05	
13.52541771		0.0241799887	1.068584098e-05	
13.54055528		0.0243341501	1.06736519e-05	
13.55569285		0.02448759333	1.066085798e-05	
13.57083042		0.02464031411	1.064746574e-05	
13.58596798		0.02479230853	1.063348176e-05	
13.60110555		0.02494357278	1.061891257e-05	
13.61624312		0.02509410339	1.060376479e-05	
13.63138069		0.02524389705	1.058804499e-05	
13.64651826		0.02539295077	1.05717598e-05	
13.66165583		0.02554126172	1.055491585e-05	
13.6767934		0.02568882742	1.053751978e-05	
13.69193097		0.02583564555	1.051957824e-05	
13.70706853		0.02598171416	1.050109792e-05	
13.7222061		0.02612703146	1.048208547e-05	
13.73734367		0.02627159604	1.04625476e-05	
13.75248124		0.02641540669	1.044249101e-05	
13.76761881		0.02655846256	1.042192242e-05	
13.78275638		0.02670076303	1.040084855e-05	
13.79789395		0.02684230786	1.037927616e-05	
13.81303152		0.02698309703	1.035721199e-05	
13.82816908		0.02712313095	1.033466282e-05	
13.84330665		0.02726241025	1.031163542e-05	
13.85844422		0.027400936	1.02881366e-05	
13.87358179		0.02753870951	1.026417317e-05	
13.88871936		0.02767573253	1.023975196e-05	
13.90385693		0.02781200704	1.021487979e-05	
13.9189945		0.0279475354	1.018956349e-05	
13.93413207		0.02808232006	1.016380982e-05	
13.94926963		0.02821636372	1.01376255e-05	
13.9644072		0.02834966901	1.011101713e-05	
13.97954477		0.0284822393	1.008399144e-05	
13.99468234		0.02861407982	1.005655573e-05	
14.00981991		0.02874519901	1.002871826e-05	
14.02495748		0.0288756064	1.000048754e-05	
14.04009505		0.0290053098	9.971871299e-06	
14.05523262		0.0291343152	9.942876533e-06	
14.07037019		0.02926262889	9.9135102e-06	
14.08550775		0.02939025818	9.883779505e-06	
14.10064532		0.02951721179	9.85369199e-06	
14.11578289		0.02964349944	9.823255418e-06	
14.13092046		0.02976913204	9.792477807e-06	
14.14605803		0.02989412145	9.76136735e-06	
14.1611956		0.03001848073	9.7299325e-06	
14.17633317		0.03014222402	9.69818191e-06	
14.19147074		0.03026536683	9.666124542e-06	
14.2066083		0.030387926	9.633769616e-06	
14.22174587		0.03050991997	9.601126726e-06	
14.23688344		0.03063136881	9.568205807e-06	
14.25202101		0.03075229454	9.535017251e-06	
14.26715858		0.03087272118	9.501571887e-06	
14.28229615		0.03099267516	9.467881115e-06	
14.29743372		0.03111218533	9.43395689e-06	
14.31257129		0.03123128356	9.399811872e-06	
14.32770885		0.03135000476	9.365459428e-06	
14.34284642		0.0314683875	9.330913796e-06	
14.35798399		0.03158647423	9.296190108e-06	
14.37312156		0.03170431191	9.261304574e-06	
14.38825913		0.03182195237	9.226274524e-06	
14.4033967		0.0319394531	9.191118619e-06	
14.41853427		0.03205687765	9.155856924e-06	
14.43367184		0.03217429666	9.120511141e-06	
14.4488094		0.03229178838	9.085104717e-06	
14.46394697		0.03240943985	9.049663112e-06	
14.47908454		0.03252734772	9.014213942e-06	
14.49422211		0.03264561953	8.978787287e-06	
14.50935968		0.03276437478	8.943415873e-06	
14.52449725		0.03288374655	8.908135424e-06	
14.53963482		0.03300388271	8.87298489e-06	
14.55477239		0.03312494788	8.838006844e-06	
14.56990995		0.03324712495	8.803247754e-06	
14.58504752		0.03337061727	8.768758424e-06	
14.60018509		0.03349565055	8.73459431e-06	
14.61532266		0.03362247531	8.700815995e-06	
14.63046023		0.033751369	8.667489539e-06	
14.6455978		0.03388263881	8.634686973e-06	
14.66073537		0.03401662395	8.602486649e-06	
14.67587294		0.03415369855	8.570973723e-06	
14.69101051		0.03429427401	8.540240471e-06	
14.70614807		0.0344388018	8.510386686e-06	
14.72128564		0.03458777553	8.481519884e-06	
14.73642321		0.0347417332	8.453755526e-06	
14.75156078		0.03490125838	8.427216976e-06	
14.76669835		0.03506698125	8.402035395e-06	
14.78183592		0.035239578	8.378349247e-06	
14.79697349		0.03541976936	8.356303613e-06	
14.81211106		0.03560831674	8.336048946e-06	
14.82724862		0.03580601641	8.317739409e-06	
14.84238619		0.03601368999	8.301530414e-06	
14.85752376		0.03623217138	8.287575412e-06	
14.87266133		0.03646228794	8.276021505e-06	
14.8877989		0.03670483573	8.267003837e-06	
14.90293647		0.03696054602	8.26063825e-06	
14.91807404		0.03723004224	8.257012054e-06	
14.93321161		0.03751378416	8.256172298e-06	
14.94834917		0.03781199766	8.258111308e-06	
14.96348674		0.03812458699	8.262748896e-06	
14.97862431		0.03845102849	8.269911186e-06	
14.99376188		0.03879024544	8.279306103e-06	
15.00889945		0.03914047016	8.290496921e-06	
15.02403702		0.03949910715	8.302876869e-06	
15.03917459		0.03986263046	8.315651468e-06	
15.05431216		0.04022657022	8.327839662e-06	
15.06944972		0.04058567571	8.338310408e-06	
15.08458729		0.04093434095	8.345870493e-06	
15.09972486		0.04126735633	8.349413482e-06	
15.11486243		0.04158085159	8.348098805e-06	
15.13		0.04189152174	8.345706475e-06	
