-15.13		0.8660603771	0.0001449368663	
-15.11486243		0.8666941213	0.0001458139219	
-15.09972486		0.8673492729	0.0001466982582	
-15.08458729		0.8680241217	0.0001475918372	
-15.06944972		0.8687155148	0.0001484959517	
-15.05431216		0.869419681	0.0001494114384	
-15.03917459		0.8701328853	0.0001503388498	
-15.02403702		0.8708518224	0.0001512785758	
-15.00889945		0.8715737911	0.0001522309199	
-14.99376188		0.8722967204	0.0001531961428	
-14.97862431		0.8730191158	0.0001541744863	
-14.96348674		0.8737399733	0.0001551661852	
-14.94834917		0.8744586854	0.0001561714735	
-14.93321161		0.8751749554	0.000157190587	
-14.91807404		0.8758887216	0.0001582237653	
-14.90293647		0.8766000952	0.0001592712516	
-14.8877989		0.877309309	0.0001603332937	
-14.87266133		0.8780166775	0.0001614101438	
-14.85752376		0.8787225648	0.0001625020585	
-14.84238619		0.8794273596	0.000163609299	
-14.82724862		0.880131457	0.000164732131	
-14.81211106		0.8808352439	0.000165870825	
-14.79697349		0.8815390888	0.0001670256559	
-14.78183592		0.8822433346	0.000168196903	
-14.76669835		0.8829482932	0.0001693848506	
-14.75156078		0.883654243	0.0001705897872	
-14.73642321		0.8843614268	0.0001718120062	
-14.72128564		0.8850700513	0.0001730518055	
-14.70614807		0.8857802874	0.0001743094876	
-14.69101051		0.8864922709	0.0001755853598	
-14.67587294		0.8872061041	0.0001768797339	
-14.66073537		0.8879218571	0.0001781929266	
-14.6455978		0.8886395697	0.000179525259	
-14.63046023		0.8893592535	0.0001808770573	
-14.61532266		0.8900808936	0.0001822486522	
-14.60018509		0.8908044508	0.0001836403793	
-14.58504752		0.8915298634	0.0001850525789	
-14.56990995		0.8922570493	0.0001864855963	
-14.55477239		0.8929859075	0.0001879397815	
-14.53963482		0.8937163204	0.0001894154895	
-14.52449725		0.8944481549	0.0001909130802	
-14.50935968		0.8951812645	0.0001924329185	
-14.49422211		0.8959154903	0.0001939753741	
-14.47908454		0.8966506628	0.000195540822	
-14.46394697		0.897386603	0.000197129642	
-14.4488094		0.8981231236	0.0001987422194	
-14.43367184		0.8988600303	0.0002003789443	
-14.41853427		0.899597123	0.0002020402121	
-14.4033967		0.9003341962	0.0002037264236	
-14.38825913		0.9010710407	0.0002054379848	
-14.37312156		0.9018074439	0.0002071753071	
-14.35798399		0.9025431909	0.0002089388074	
-14.34284642		0.9032780652	0.0002107289079	
-14.32770885		0.9040118492	0.0002125460367	
-14.31257129		0.9047443253	0.0002143906273	
-14.29743372		0.9054752761	0.000216263119	
-14.28229615		0.9062044852	0.0002181639569	
-14.26715858		0.9069317377	0.0002200935922	
-14.25202101		0.9076568204	0.0002220524817	
-14.23688344		0.908379523	0.0002240410888	
-14.22174587		0.9090996377	0.0002260598826	
-14.2066083		0.9098169601	0.0002281093388	
-14.19147074		0.9105312893	0.0002301899397	
-14.17633317		0.9112424286	0.0002323021737	
-14.1611956		0.9119501853	0.0002344465363	
-14.14605803		0.9126543717	0.0002366235296	
-14.13092046		0.9133548045	0.0002388336629	
-14.11578289		0.9140513058	0.0002410774523	
-14.10064532		0.9147437028	0.0002433554214	
-14.08550775		0.9154318283	0.0002456681013	
-14.07037019		0.9161155208	0.0002480160306	
-14.05523262		0.9167946244	0.0002503997556	
-14.04009505		0.9174689894	0.0002528198309	
-14.02495748		0.9181384721	0.000255276819	
-14.00981991		0.9188029347	0.000257771291	
-13.99468234		0.919462246	0.0002603038264	
-13.97954477		0.9201162806	0.0002628750136	
-13.9644072		0.9207649197	0.0002654854502	
-13.94926963		0.9214080508	0.0002681357428	
-13.93413207		0.9220455675	0.0002708265079	
-13.9189945		0.9226773699	0.0002735583715	
-13.90385693		0.9233033642	0.0002763319697	
-13.88871936		0.9239234629	0.0002791479491	
-13.87358179		0.9245375846	0.0002820069667	
-13.85844422		0.9251456539	0.0002849096906	
-13.84330665		0.9257476014	0.0002878567998	
-13.82816908		0.9263433638	0.0002908489852	
-13.81303152		0.9269328833	0.0002938869492	
-13.79789395		0.9275161079	0.0002969714065	
-13.78275638		0.9280929912	0.0003001030845	
-13.76761881		0.9286634919	0.0003032827231	
-13.75248124		0.9292275743	0.0003065110756	
-13.73734367		0.9297852077	0.0003097889088	
-13.7222061		0.9303363663	0.0003131170038	
-13.70706853		0.930881029	0.0003164961556	
-13.69193097		0.9314191796	0.0003199271743	
-13.6767934		0.9319508063	0.000323410885	
-13.66165583		0.9324759013	0.0003269481288	
-13.64651826		0.9329944613	0.0003305397624	
-13.63138069		0.9335064868	0.0003341866594	
-13.61624312		0.934011982	0.0003378897104	
-13.60110555		0.9345109548	0.0003416498235	
-13.58596798		0.9350034166	0.0003454679248	
-13.57083042		0.9354893819	0.000349344959	
-13.55569285		0.9359688684	0.0003532818902	
-13.54055528		0.9364418968	0.0003572797018	
-13.52541771		0.9369084902	0.0003613393979	
-13.51028014		0.9373686749	0.0003654620035	
-13.49514257		0.937822479	0.0003696485652	
-13.480005		0.9382699333	0.000373900152	
-13.46486743		0.9387110705	0.0003782178561	
-13.44972986		0.9391459256	0.0003826027933	
-13.4345923		0.9395745352	0.0003870561046	
-13.41945473		0.9399969375	0.0003915789564	
-13.40431716		0.9404131727	0.0003961725416	
-13.38917959		0.940823282	0.0004008380811	
-13.37404202		0.9412273082	0.0004055768244	
-13.35890445		0.9416252955	0.0004103900512	
-13.34376688		0.9420172889	0.0004152790728	
-13.32862931		0.9424033346	0.0004202452332	
-13.31349175		0.9427834799	0.0004252899116	
-13.29835418		0.9431577728	0.0004304145233	
-13.28321661		0.9435262622	0.0004356205228	
-13.26807904		0.9438889979	0.0004409094051	
-13.25294147		0.9442460302	0.0004462827088	
-13.2378039		0.9445974103	0.0004517420185	
-13.22266633		0.9449431898	0.0004572889667	
-13.20752876		0.9452834211	0.0004629252364	
-13.1923912		0.9456181566	0.000468652561	
-13.17725363		0.9459474492	0.0004744727237	
-13.16211606		0.9462713516	0.000480387552	
-13.14697849		0.9465899155	0.0004863989079	
-13.13184092		0.9469031913	0.0004925086706	
-13.11670335		0.947211227	0.0004987187138	
-13.10156578		0.9475140669	0.0005050308815	
-13.08642821		0.947811752	0.0005114469753	
-13.07129065		0.9481043199	0.0005179687726	
-13.05615308		0.9483918087	0.0005245980897	
-13.04101551		0.9486742592	0.0005313368786	
-13.02587794		0.9489517191	0.0005381873093	
-13.01074037		0.9492242416	0.0005451517733	
-12.9956028		0.949491882	0.0005522327769	
-12.98046523		0.9497546909	0.0005594327634	
-12.96532766		0.9500127088	0.0005667539451	
-12.9501901		0.9502659639	0.0005741982303	
-12.93505253		0.9505144753	0.0005817672927	
-12.91991496		0.9507582591	0.000589462785	
-12.90477739		0.9509973384	0.0005972866312	
-12.88963982		0.9512317498	0.0006052412749	
-12.87450225		0.9514615452	0.0006133297469	
-12.85936468		0.9516867862	0.0006215554898	
-12.84422711		0.9519075339	0.0006299220018	
-12.82908954		0.9521238381	0.000638432469	
-12.81395198		0.9523357327	0.0006470895594	
-12.79881441		0.9525432371	0.0006558954761	
-12.78367684		0.9527463639	0.0006648522511	
-12.76853927		0.9529451291	0.0006739621584	
-12.7534017		0.9531395612	0.0006832280684	
-12.73826413		0.9533297033	0.0006926535829	
-12.72312656		0.9535156098	0.0007022428852	
-12.70798899		0.9536973373	0.0007120003716	
-12.69285143		0.9538749347	0.0007219302294	
-12.67771386		0.9540484371	0.0007320361463	
-12.66257629		0.9542178655	0.0007423212698	
-12.64743872		0.9543832313	0.0007527884277	
-12.63230115		0.9545445451	0.0007634405149	
-12.61716358		0.9547018233	0.0007742808833	
-12.60202601		0.9548550924	0.0007853135695	
-12.58688844		0.9550043851	0.0007965432656	
-12.57175088		0.9551497318	0.0008079750505	
-12.55661331		0.9552911486	0.0008196140034	
-12.54147574		0.9554286275	0.0008314648739	
-12.52633817		0.9555621431	0.0008435319606	
-12.5112006		0.9556916979	0.0008558192715	
-12.49606303		0.9558173889	0.0008683308988	
-12.48092546		0.9559393885	0.000881071373	
-12.46578789		0.9560578173	0.0008940458002	
-12.45065033		0.9561726915	0.0009072598348	
-12.43551276		0.9562839843	0.0009207195156	
-12.42037519		0.9563916765	0.0009344309576	
-12.40523762		0.9564957643	0.000948400028	
-12.39010005		0.9565962504	0.0009626321873	
-12.37496248		0.9566931393	0.0009771325811	
-12.35982491		0.9567864372	0.0009919063406	
-12.34468734		0.9568761546	0.001006958952	
-12.32954977		0.9569623093	0.001022296528	
-12.31441221		0.9570449254	0.001037925853	
-12.29927464		0.9571240314	0.001053854202	
-12.28413707		0.9571996548	0.001070089003	
-12.2689995		0.9572718188	0.001086637517	
-12.25386193		0.9573405397	0.001103506691	
-12.23872436		0.9574058286	0.00112070324	
-12.22358679		0.9574676943	0.00113823393	
-12.20844922		0.9575261474	0.001156105917	
-12.19331166		0.9575812029	0.001174327001	
-12.17817409		0.9576328805	0.00119290567	
-12.16303652		0.9576812029	0.001211850921	
-12.14789895		0.9577261923	0.001231171948	
-12.13276138		0.9577678677	0.001250877846	
-12.11762381		0.9578062437	0.001270977459	
-12.10248624		0.9578413309	0.001291479458	
-12.08734867		0.9578731385	0.00131239259	
-12.07221111		0.9579016772	0.00133372599	
-12.05707354		0.9579269607	0.001355489406	
-12.04193597		0.9579490061	0.001377693239	
-12.0267984		0.9579678322	0.001400348385	
-12.01166083		0.9579834577	0.001423465957	
-11.99652326		0.9579958989	0.001447057039	
-11.98138569		0.9580051689	0.001471132571	
-11.96624812		0.9580112786	0.001495703433	
-11.95111056		0.9580142379	0.001520780685	
-11.93597299		0.9580140577	0.001546375831	
-11.92083542		0.9580107511	0.001572501005	
-11.90569785		0.9580043329	0.001599168977	
-11.89056028		0.9579948192	0.001626393004	
-11.87542271		0.9579822254	0.001654186596	
-11.86028514		0.9579665653	0.001682563321	
-11.84514757		0.9579478508	0.001711536749	
-11.83001001		0.9579260922	0.001741120556	
-11.81487244		0.9579012998	0.001771328732	
-11.79973487		0.9578734844	0.001802175789	
-11.7845973		0.9578426583	0.001833676877	
-11.76945973		0.957808835	0.001865847741	
-11.75432216		0.9577720284	0.001898704574	
-11.73918459		0.9577322518	0.00193226383	
-11.72404702		0.957689518	0.00196654209	
-11.70890945		0.9576438386	0.002001556068	
-11.69377189		0.9575952246	0.002037322723	
-11.67863432		0.9575436873	0.002073859428	
-11.66349675		0.9574892385	0.00211118411	
-11.64835918		0.9574318909	0.002149315291	
-11.63322161		0.957371658	0.002188272021	
-11.61808404		0.9573085532	0.002228073746	
-11.60294647		0.9572425901	0.002268740184	
-11.5878089		0.9571737816	0.002310291274	
-11.57267134		0.9571021404	0.002352747211	
-11.55753377		0.957027679	0.002396128563	
-11.5423962		0.9569504102	0.002440456372	
-11.52725863		0.9568703472	0.002485752228	
-11.51212106		0.9567875038	0.002532038252	
-11.49698349		0.9567018939	0.002579337029	
-11.48184592		0.9566135317	0.002627671513	
-11.46670835		0.9565224311	0.002677064979	
-11.45157079		0.956428606	0.002727541016	
-11.43643322		0.9563320701	0.002779123583	
-11.42129565		0.9562328369	0.002831837078	
-11.40615808		0.9561309205	0.00288570639	
-11.39102051		0.9560263349	0.002940756904	
-11.37588294		0.9559190946	0.00299701447	
-11.36074537		0.955809214	0.003054505347	
-11.3456078		0.9556967077	0.003113256159	
-11.33047024		0.9555815904	0.003173293875	
-11.31533267		0.9554638764	0.003234645824	
-11.3001951		0.9553435805	0.003297339723	
-11.28505753		0.9552207175	0.0033614037	
-11.26991996		0.9550953022	0.003426866298	
-11.25478239		0.9549673497	0.003493756459	
-11.23964482		0.9548368756	0.003562103486	
-11.22450725		0.9547038953	0.003631937014	
-11.20936968		0.9545684243	0.003703286984	
-11.19423212		0.9544304785	0.003776183635	
-11.17909455		0.9542900736	0.003850657507	
-11.16395698		0.9541472256	0.003926739438	
-11.14881941		0.9540019507	0.004004460561	
-11.13368184		0.953854265	0.00408385228	
-11.11854427		0.9537041853	0.004164946251	
-11.1034067		0.9535517281	0.004247774347	
-11.08826913		0.9533969101	0.004332368634	
-11.07313157		0.9532397484	0.004418761353	
-11.057994		0.95308026	0.004506984898	
-11.04285643		0.952918462	0.004597071803	
-11.02771886		0.9527543717	0.004689054719	
-11.01258129		0.9525880065	0.004782966391	
-10.99744372		0.9524193839	0.004878839633	
-10.98230615		0.9522485217	0.004976707291	
-10.96716858		0.9520754375	0.005076602219	
-10.95203102		0.9519001492	0.005178557245	
-10.93689345		0.9517226748	0.005282605145	
-10.92175588		0.9515430322	0.005388778611	
-10.90661831		0.9513612394	0.00549711022	
-10.89148074		0.9511773146	0.005607632404	
-10.87634317		0.950991276	0.005720377413	
-10.8612056		0.9508031418	0.005835377279	
-10.84606803		0.9506129303	0.005952663779	
-10.83093047		0.9504206599	0.006072268395	
-10.8157929		0.950226349	0.006194222281	
-10.80065533		0.950030016	0.006318556219	
-10.78551776		0.9498316794	0.006445300581	
-10.77038019		0.9496313576	0.006574485291	
-10.75524262		0.9494290691	0.006706139778	
-10.74010505		0.9492248326	0.006840292942	
-10.72496748		0.9490186665	0.006976973104	
-10.70982991		0.9488105895	0.007116207969	
-10.69469235		0.94860062	0.007258024578	
-10.67955478		0.9483887766	0.00740244927	
-10.66441721		0.9481750777	0.007549507634	
-10.64927964		0.9479595415	0.007699224468	
-10.63414207		0.9477421861	0.007851623731	
-10.6190045		0.9475230283	0.0080067285	
-10.60386693		0.9473020835	0.008164560915	
-10.58872936		0.9470793634	0.00832514212	
-10.5735918		0.9468548718	0.008488492182	
-10.55845423		0.9466285977	0.008654629974	
-10.54331666		0.9464005055	0.008823573036	
-10.52817909		0.9461705337	0.008995337493	
-10.51304152		0.9459386343	0.009169938376	
-10.49790395		0.9457048681	0.009347390533	
-10.48276638		0.9454694397	0.00952770905	
-10.46762881		0.9452325525	0.009710907867	
-10.45249125		0.9449942739	0.009896998338	
-10.43735368		0.9447545729	0.01008598946	
-10.42221611		0.9445134029	0.01027788867	
-10.40707854		0.9442707356	0.01047270214	
-10.39194097		0.9440265621	0.01067043479	
-10.3768034		0.943780886	0.01087109023	
-10.36166583		0.9435337174	0.01107467061	
-10.34652826		0.9432850699	0.01128117667	
-10.3313907		0.9430349588	0.0114906076	
-10.31625313		0.9427834	0.01170296106	
-10.30111556		0.9425304096	0.01191823318	
-10.28597799		0.942276004	0.01213641848	
-10.27084042		0.9420201992	0.01235750992	
-10.25570285		0.9417630114	0.01258149887	
-10.24056528		0.9415044564	0.01280837506	
-10.22542771		0.94124455	0.01303812666	
-10.21029015		0.9409833079	0.01327074018	
-10.19515258		0.9407207454	0.01350620056	
-10.18001501		0.9404568779	0.01374449111	
-10.16487744		0.9401917204	0.01398559353	
-10.14973987		0.9399252879	0.01422948795	
-10.1346023		0.9396575953	0.01447615288	
-10.11946473		0.939388657	0.01472556528	
-10.10432716		0.9391184877	0.01497770054	
-10.08918959		0.9388471015	0.0152325325	
-10.07405203		0.9385745125	0.01549003348	
-10.05891446		0.9383007348	0.01575017431	
-10.04377689		0.9380257822	0.01601292433	
-10.02863932		0.9377496681	0.01627825141	
-10.01350175		0.9374724062	0.01654612203	
-9.998364182		0.9371940098	0.01681650124	
-9.983226613		0.936914492	0.01708935276	
-9.968089045		0.9366338659	0.01736463894	
-9.952951476		0.9363521443	0.01764232087	
-9.937813907		0.9360693401	0.01792235837	
-9.922676338		0.9357854657	0.01820471004	
-9.907538769		0.9355005338	0.01848933331	
-9.892401201		0.9352145565	0.01877618446	
-9.877263632		0.9349275463	0.0190652187	
-9.862126063		0.9346395151	0.01935639015	
-9.846988494		0.9343504751	0.01964965197	
-9.831850925		0.934060438	0.01994495634	
-9.816713357		0.9337694158	0.02024225454	
-9.801575788		0.9334774201	0.02054149696	
-9.786438219		0.9331844627	0.0208426332	
-9.77130065		0.9328905549	0.02114561208	
-9.756163082		0.9325957085	0.02145038172	
-9.741025513		0.9322999348	0.02175688954	
-9.725887944		0.9320032451	0.02206508237	
-9.710750375		0.9317056509	0.02237490646	
-9.695612806		0.9314071635	0.02268630752	
-9.680475238		0.9311077941	0.02299923081	
-9.665337669		0.930807554	0.02331362117	
-9.6502001		0.9305064544	0.02362942304	
-9.635062531		0.9302045066	0.02394658056	
-9.619924962		0.9299017218	0.02426503757	
-9.604787394		0.9295981113	0.02458473769	
-9.589649825		0.9292936864	0.02490562434	
-9.574512256		0.9289884583	0.02522764082	
-9.559374687		0.9286824385	0.02555073032	
-9.544237119		0.9283756382	0.02587483597	
-9.52909955		0.928068069	0.02619990089	
-9.513961981		0.9277597423	0.02652586826	
-9.498824412		0.9274506697	0.02685268129	
-9.483686843		0.9271408628	0.02718028333	
-9.468549275		0.9268303332	0.02750861787	
-9.453411706		0.9265190928	0.02783762858	
-9.438274137		0.9262071534	0.02816725935	
-9.423136568		0.9258945269	0.02849745436	
-9.407998999		0.9255812254	0.02882815803	
-9.392861431		0.925267261	0.02915931513	
-9.377723862		0.9249526459	0.02949087079	
-9.362586293		0.9246373924	0.0298227705	
-9.347448724		0.9243215129	0.03015496018	
-9.332311156		0.92400502	0.03048738617	
-9.317173587		0.9236879261	0.03081999528	
-9.302036018		0.9233702441	0.0311527348	
-9.286898449		0.9230519867	0.03148555255	
-9.27176088		0.9227331668	0.03181839685	
-9.256623312		0.9224137973	0.03215121658	
-9.241485743		0.9220938912	0.03248396121	
-9.226348174		0.9217734617	0.03281658077	
-9.211210605		0.9214525218	0.0331490259	
-9.196073037		0.9211310848	0.03348124786	
-9.180935468		0.920809164	0.03381319855	
-9.165797899		0.9204867726	0.0341448305	
-9.15066033		0.9201639239	0.03447609689	
-9.135522761		0.9198406313	0.0348069516	
-9.120385193		0.919516908	0.03513734914	
-9.105247624		0.9191927673	0.03546724473	
-9.090110055		0.9188682226	0.03579659428	
-9.074972486		0.9185432869	0.03612535439	
-9.059834917		0.9182179735	0.03645348237	
-9.044697349		0.9178922954	0.03678093621	
-9.02955978		0.9175662656	0.03710767463	
-9.014422211		0.917239897	0.03743365707	
-8.999284642		0.9169132022	0.03775884367	
-8.984147074		0.9165861938	0.03808319527	
-8.969009505		0.9162588843	0.03840667345	
-8.953871936		0.9159312857	0.03872924049	
-8.938734367		0.9156034102	0.03905085937	
-8.923596798		0.9152752694	0.0393714938	
-8.90845923		0.9149468749	0.03969110819	
-8.893321661		0.9146182378	0.04000966765	
-8.878184092		0.9142893692	0.04032713799	
-8.863046523		0.9139602796	0.04064348571	
-8.847908954		0.9136309794	0.04095867801	
-8.832771386		0.9133014784	0.04127268279	
-8.817633817		0.9129717862	0.04158546858	
-8.802496248		0.9126419121	0.04189700465	
-8.787358679		0.9123118646	0.04220726088	
-8.772221111		0.9119816523	0.04251620785	
-8.757083542		0.9116512829	0.04282381677	
-8.741945973		0.9113207639	0.04313005952	
-8.726808404		0.9109901021	0.0434349086	
-8.711670835		0.9106593041	0.04373833714	
-8.696533267		0.9103283757	0.04404031892	
-8.681395698		0.9099973223	0.04434082831	
-8.666258129		0.9096661487	0.04463984031	
-8.65112056		0.9093348593	0.04493733051	
-8.635982991		0.9090034578	0.04523327509	
-8.620845423		0.9086719472	0.04552765082	
-8.605707854		0.90834033	0.04582043505	
-8.590570285		0.9080086083	0.0461116057	
-8.575432716		0.9076767833	0.04640114124	
-8.560295148		0.9073448557	0.04668902071	
-8.545157579		0.9070128256	0.04697522367	
-8.53002001		0.9066806923	0.04725973024	
-8.514882441		0.9063484547	0.04754252107	
-8.499744872		0.9060161109	0.04782357731	
-8.484607304		0.9056836583	0.04810288063	
-8.469469735		0.9053510937	0.04838041324	
-8.454332166		0.9050184133	0.04865615779	
-8.439194597		0.9046856126	0.04893009748	
-8.424057029		0.9043526864	0.04920221595	
-8.40891946		0.9040196288	0.04947249734	
-8.393781891		0.9036864334	0.04974092626	
-8.378644322		0.903353093	0.05000748778	
-8.363506753		0.9030195998	0.05027216743	
-8.348369185		0.9026859454	0.05053495119	
-8.333231616		0.9023521205	0.05079582547	
-8.318094047		0.9020181154	0.05105477715	
-8.302956478		0.9016839197	0.05131179353	
-8.287818909		0.9013495223	0.05156686232	
-8.272681341		0.9010149117	0.05181997167	
-8.257543772		0.9006800754	0.05207111016	
-8.242406203		0.9003450005	0.05232026674	
-8.227268634		0.9000096736	0.05256743081	
-8.212131066		0.8996740804	0.05281259214	
-8.196993497		0.8993382064	0.05305574092	
-8.181855928		0.8990020361	0.05329686772	
-8.166718359		0.8986655537	0.0535359635	
-8.15158079		0.8983287428	0.0537730196	
-8.136443222		0.8979915863	0.05400802774	
-8.121305653		0.8976540668	0.05424098001	
-8.106168084		0.8973161662	0.05447186889	
-8.091030515		0.896977866	0.05470068721	
-8.075892946		0.8966391469	0.05492742816	
-8.060755378		0.8962999895	0.0551520853	
-8.045617809		0.8959603737	0.05537465254	
-8.03048024		0.8956202788	0.05559512414	
-8.015342671		0.895279684	0.05581349471	
-8.000205103		0.8949385677	0.0560297592	
-7.985067534		0.894596908	0.05624391292	
-7.969929965		0.8942546827	0.05645595149	
-7.954792396		0.8939118688	0.05666587088	
-7.939654827		0.8935684433	0.05687366738	
-7.924517259		0.8932243826	0.05707933762	
-7.90937969		0.8928796628	0.05728287854	
-7.894242121		0.8925342595	0.05748428742	
-7.879104552		0.892188148	0.05768356182	
-7.863966983		0.8918413022	0.05788069961	
-7.848829415		0.8914936991	0.05807569907	
-7.833691846		0.8911453117	0.05826855867	
-7.818554277		0.8907961141	0.05845927722	
-7.803416708		0.8904460798	0.05864785384	
-7.78827914		0.8900951822	0.05883428792	
-7.773141571		0.8897433945	0.05901857917	
-7.758004002		0.8893906893	0.05920072756	
-7.742866433		0.8890370392	0.05938073336	
-7.727728864		0.8886824164	0.05955859711	
-7.712591296		0.8883267929	0.05973431963	
-7.697453727		0.8879701404	0.059907902	
-7.682316158		0.8876124304	0.06007934559	
-7.667178589		0.8872536342	0.060248652	
-7.652041021		0.8868937227	0.06041582311	
-7.636903452		0.8865326668	0.06058086105	
-7.621765883		0.886170437	0.0607437682	
-7.606628314		0.8858070038	0.06090454716	
-7.591490745		0.8854423373	0.06106320081	
-7.576353177		0.8850764076	0.06121973223	
-7.561215608		0.8847091843	0.06137414475	
-7.546078039		0.8843406372	0.0615264419	
-7.53094047		0.8839707357	0.06167662747	
-7.515802901		0.883599449	0.06182470542	
-7.500665333		0.8832267464	0.06197067995	
-7.485527764		0.8828525966	0.06211455545	
-7.470390195		0.8824769687	0.06225633651	
-7.455252626		0.8820998311	0.06239602792	
-7.440115058		0.8817211525	0.06253363464	
-7.424977489		0.8813409013	0.06266916182	
-7.40983992		0.8809590456	0.0628026148	
-7.394702351		0.8805755538	0.06293399906	
-7.379564782		0.8801903937	0.06306332027	
-7.364427214		0.8798035335	0.06319058423	
-7.349289645		0.8794149408	0.06331579691	
-7.334152076		0.8790245835	0.06343896442	
-7.319014507		0.8786324291	0.063560093	
-7.303876938		0.8782384454	0.06367918902	
-7.28873937		0.8778425998	0.06379625898	
-7.273601801		0.8774448598	0.06391130948	
-7.258464232		0.8770451927	0.06402434723	
-7.243326663		0.8766435659	0.06413537906	
-7.228189095		0.8762399468	0.06424441187	
-7.213051526		0.8758343025	0.06435145266	
-7.197913957		0.8754266003	0.06445650848	
-7.182776388		0.8750168073	0.06455958647	
-7.167638819		0.8746048908	0.06466069384	
-7.152501251		0.8741908179	0.06475983783	
-7.137363682		0.8737745556	0.06485702573	
-7.122226113		0.873356071	0.06495226488	
-7.107088544		0.8729353313	0.06504556265	
-7.091950975		0.8725123033	0.06513692641	
-7.076813407		0.8720869541	0.06522636357	
-7.061675838		0.8716592506	0.06531388156	
-7.046538269		0.8712291598	0.06539948779	
-7.0314007		0.8707966483	0.06548318969	
-7.016263132		0.8703616831	0.06556499469	
-7.001125563		0.8699242308	0.06564491018	
-6.985987994		0.869484258	0.0657229436	
-6.970850425		0.8690417312	0.06579910232	
-6.955712856		0.868596617	0.06587339373	
-6.940575288		0.8681488815	0.06594582521	
-6.925437719		0.8676984911	0.06601640411	
-6.91030015		0.8672454118	0.06608513778	
-6.895162581		0.8667896098	0.06615203353	
-6.880025013		0.8663310508	0.06621709869	
-6.864887444		0.8658697009	0.06628034056	
-6.849749875		0.8654055258	0.06634176643	
-6.834612306		0.8649384912	0.06640138355	
-6.819474737		0.864468563	0.06645919918	
-6.804337169		0.863995707	0.06651522054	
-6.7891996		0.863519889	0.0665694548	
-6.774062031		0.8630410751	0.0666219091	
-6.758924462		0.8625592315	0.06667259053	
-6.743786893		0.8620743248	0.06672150608	
-6.728649325		0.8615863218	0.06676866265	
-6.713511756		0.8610951896	0.06681406705	
-6.698374187		0.8606008958	0.0668577259	
-6.683236618		0.8601034087	0.06689964567	
-6.66809905		0.8596026968	0.06693983264	
-6.652961481		0.8590987295	0.06697829283	
-6.637823912		0.8585914765	0.06701503202	
-6.622686343		0.8580809082	0.06705005568	
-6.607548774		0.8575669955	0.06708336896	
-6.592411206		0.8570497097	0.0671149767	
-6.577273637		0.8565290226	0.06714488338	
-6.562136068		0.856004906	0.06717309314	
-6.546998499		0.8554773319	0.06719960978	
-6.53186093		0.8549462722	0.06722443682	
-6.516723362		0.8544116983	0.0672475775	
-6.501585793		0.8538735812	0.06726903485	
-6.486448224		0.8533318908	0.06728881179	
-6.471310655		0.8527865964	0.06730691118	
-6.456173087		0.8522376658	0.06732333591	
-6.441035518		0.8516850656	0.06733808904	
-6.425897949		0.8511287609	0.06735117383	
-6.41076038		0.8505687156	0.0673625939	
-6.395622811		0.8500048922	0.06737235324	
-6.380485243		0.8494372523	0.06738045626	
-6.365347674		0.8488657568	0.06738690781	
-6.350210105		0.8482903667	0.06739171313	
-6.335072536		0.8477110432	0.06739487771	
-6.319934967		0.8471277488	0.06739640723	
-6.304797399		0.846540448	0.06739630725	
-6.28965983		0.8459491078	0.06739458303	
-6.274522261		0.8453536986	0.06739123921	
-6.259384692		0.8447541951	0.06738627951	
-6.244247124		0.844150576	0.0673797064	
-6.229109555		0.8435428248	0.06737152086	
-6.213971986		0.8429309297	0.0673617221	
-6.198834417		0.8423148828	0.06735030748	
-6.183696848		0.84169468	0.06733727245	
-6.16855928		0.8410703193	0.06732261066	
-6.153421711		0.8404418001	0.0673063142	
-6.138284142		0.8398091213	0.06728837393	
-6.123146573		0.8391722799	0.06726877999	
-6.108009005		0.8385312698	0.06724752236	
-6.092871436		0.8378860798	0.0672245914	
-6.077733867		0.8372366931	0.06719997848	
-6.062596298		0.8365830866	0.06717367642	
-6.047458729		0.8359252307	0.06714567991	
-6.032321161		0.8352630895	0.06711598567	
-6.017183592		0.8345966223	0.06708459252	
-6.002046023		0.8339257844	0.06705150119	
-5.986908454		0.833250529	0.06701671393	
-5.971770885		0.832570809	0.06698023408	
-5.956633317		0.8318865788	0.06694206547	
-5.941495748		0.831197796	0.06690221183	
-5.926358179		0.8305044228	0.0668606762	
-5.91122061		0.8298064265	0.0668174605	
-5.896083042		0.8291037807	0.06677256519	
-5.880945473		0.8283964644	0.06672598905	
-5.865807904		0.8276844622	0.06667772925	
-5.850670335		0.8269677632	0.0666277814	
-5.835532766		0.8262463599	0.06657613989	
-5.820395198		0.8255202472	0.06652279818	
-5.805257629		0.8247894211	0.06646774922	
-5.79012006		0.8240538778	0.06641098584	
-5.774982491		0.8233136125	0.06635250108	
-5.759844922		0.8225686191	0.06629228852	
-5.744707354		0.8218188893	0.06623034244	
-5.729569785		0.8210644128	0.06616665798	
-5.714432216		0.820305177	0.06610123117	
-5.699294647		0.8195411673	0.06603405883	
-5.684157079		0.818772367	0.06596513849	
-5.66901951		0.8179987582	0.0658944682	
-5.653881941		0.8172203217	0.06582204632	
-5.638744372		0.8164370373	0.06574787133	
-5.623606803		0.8156488844	0.06567194154	
-5.608469235		0.8148558425	0.06559425496	
-5.593331666		0.8140578907	0.0655148091	
-5.578194097		0.8132550088	0.06543360085	
-5.563056528		0.8124471771	0.06535062639	
-5.547918959		0.8116343767	0.06526588116	
-5.532781391		0.8108165896	0.06517935986	
-5.517643822		0.8099937993	0.06509105652	
-5.502506253		0.8091659903	0.06500096458	
-5.487368684		0.8083331491	0.06490907703	
-5.472231116		0.8074952639	0.06481538651	
-5.457093547		0.8066523245	0.06471988549	
-5.441955978		0.8058043232	0.06462256639	
-5.426818409		0.8049512538	0.0645234217	
-5.41168084		0.8040931124	0.0644224441	
-5.396543272		0.8032298966	0.06431962655	
-5.381405703		0.8023616058	0.06421496228	
-5.366268134		0.8014882405	0.06410844488	
-5.351130565		0.8006098024	0.06400006822	
-5.335992996		0.7997262938	0.06388982646	
-5.320855428		0.7988377173	0.06377771395	
-5.305717859		0.7979440756	0.0636637252	
-5.29058029		0.7970453712	0.0635478548	
-5.275442721		0.7961416061	0.06343009733	
-5.260305153		0.7952327817	0.06331044732	
-5.245167584		0.794318899	0.06318889919	
-5.230030015		0.7933999582	0.06306544721	
-5.214892446		0.792475959	0.0629400855	
-5.199754877		0.7915469007	0.06281280798	
-5.184617309		0.7906127824	0.06268360845	
-5.16947974		0.7896736028	0.06255248054	
-5.154342171		0.7887293611	0.06241941776	
-5.139204602		0.7877800566	0.06228441355	
-5.124067034		0.786825689	0.06214746132	
-5.108929465		0.785866259	0.06200855445	
-5.093791896		0.7849017676	0.06186768635	
-5.078654327		0.7839322169	0.0617248505	
-5.063516758		0.78295761	0.06158004047	
-5.04837919		0.7819779509	0.06143324993	
-5.033241621		0.7809932446	0.06128447268	
-5.018104052		0.7800034971	0.06113370266	
-5.002966483		0.7790087154	0.06098093397	
-4.987828914		0.7780089074	0.06082616085	
-4.972691346		0.7770040818	0.06066937768	
-4.957553777		0.7759942483	0.06051057901	
-4.942416208		0.7749794172	0.06034975951	
-4.927278639		0.7739595996	0.06018691402	
-4.912141071		0.7729348071	0.06002203747	
-4.897003502		0.771905052	0.05985512494	
-4.881865933		0.7708703471	0.05968617162	
-4.866728364		0.7698307058	0.05951517283	
-4.851590795		0.7687861418	0.05934212398	
-4.836453227		0.7677366695	0.0591670206	
-4.821315658		0.7666823036	0.05898985833	
-4.806178089		0.7656230593	0.05881063291	
-4.79104052		0.7645589524	0.05862934023	
-4.775902951		0.7634899989	0.05844597624	
-4.760765383		0.7624162155	0.05826053708	
-4.745627814		0.7613376194	0.05807301896	
-4.730490245		0.7602542283	0.05788341827	
-4.715352676		0.7591660605	0.05769173153	
-4.700215108		0.7580731349	0.05749795543	
-4.685077539		0.7569754709	0.0573020868	
-4.66993997		0.7558730887	0.05710412267	
-4.654802401		0.754766009	0.05690406024	
-4.639664832		0.7536542534	0.05670189691	
-4.624527264		0.752537844	0.05649763029	
-4.609389695		0.7514168036	0.0562912582	
-4.594252126		0.7502911561	0.05608277867	
-4.579114557		0.7491609257	0.05587218998	
-4.563976988		0.7480261377	0.05565949067	
-4.54883942		0.7468868179	0.05544467948	
-4.533701851		0.7457429933	0.05522775547	
-4.518564282		0.7445946913	0.05500871794	
-4.503426713		0.7434419404	0.05478756647	
-4.488289145		0.7422847696	0.05456430093	
-4.473151576		0.7411232092	0.05433892151	
-4.458014007		0.73995729	0.0541114287	
-4.442876438		0.7387870437	0.05388182328	
-4.427738869		0.7376125029	0.05365010641	
-4.412601301		0.736433701	0.05341627956	
-4.397463732		0.7352506725	0.05318034455	
-4.382326163		0.7340634524	0.05294230357	
-4.367188594		0.7328720769	0.05270215918	
-4.352051026		0.731676583	0.05245991433	
-4.336913457		0.7304770085	0.05221557238	
-4.321775888		0.7292733923	0.05196913707	
-4.306638319		0.728065774	0.05172061259	
-4.29150075		0.7268541944	0.05147000357	
-4.276363182		0.725638695	0.05121731507	
-4.261225613		0.7244193183	0.05096255265	
-4.246088044		0.7231961079	0.05070572232	
-4.230950475		0.7219691083	0.05044683062	
-4.215812906		0.7207383648	0.05018588458	
-4.200675338		0.7195039238	0.04992289177	
-4.185537769		0.7182658329	0.04965786032	
-4.1704002		0.7170241404	0.04939079891	
-4.155262631		0.7157788958	0.04912171682	
-4.140125063		0.7145301495	0.04885062392	
-4.124987494		0.7132779529	0.0485775307	
-4.109849925		0.7120223587	0.04830244831	
-4.094712356		0.7107634202	0.04802538855	
-4.079574787		0.7095011922	0.0477463639	
-4.064437219		0.7082357302	0.04746538754	
-4.04929965		0.7069670909	0.04718247337	
-4.034162081		0.7056953321	0.04689763605	
-4.019024512		0.7044205125	0.04661089099	
-4.003886943		0.7031426921	0.04632225439	
-3.988749375		0.7018619317	0.04603174326	
-3.973611806		0.7005782933	0.04573937543	
-3.958474237		0.6992918399	0.04544516961	
-3.943336668		0.6980026357	0.04514914536	
-3.9281991		0.6967107459	0.04485132315	
-3.913061531		0.6954162366	0.04455172437	
-3.897923962		0.6941191752	0.04425037135	
-3.882786393		0.6928196299	0.04394728739	
-3.867648824		0.6915176703	0.04364249677	
-3.852511256		0.6902133667	0.0433360248	
-3.837373687		0.6889067906	0.0430278978	
-3.822236118		0.6875980146	0.04271814318	
-3.807098549		0.6862871122	0.04240678938	
-3.79196098		0.6849741579	0.04209386599	
-3.776823412		0.6836592274	0.04177940368	
-3.761685843		0.6823423973	0.04146343427	
-3.746548274		0.6810237452	0.04114599075	
-3.731410705		0.6797033496	0.04082710728	
-3.716273137		0.6783812903	0.04050681923	
-3.701135568		0.6770576477	0.04018516314	
-3.685997999		0.6757325035	0.03986217684	
-3.67086043		0.67440594	0.03953789935	
-3.655722861		0.6730780408	0.03921237098	
-3.640585293		0.6717488903	0.0388856333	
-3.625447724		0.6704185534	0.03855772611	
-3.610310155		0.6690871593	0.03822869874	
-3.595172586		0.6677547727	0.03789859449	
-3.580035018		0.6664214815	0.03756746009	
-3.564897449		0.6650873747	0.03723534358	
-3.54975988		0.663752542	0.03690229432	
-3.534622311		0.662417074	0.03656836298	
-3.519484742		0.6610810622	0.03623360152	
-3.504347174		0.6597445989	0.0358980632	
-3.489209605		0.6584077771	0.0355618026	
-3.474072036		0.6570706909	0.03522487556	
-3.458934467		0.6557334348	0.0348873392	
-3.443796898		0.6543961044	0.03454925188	
-3.42865933		0.6530587959	0.03421067322	
-3.413521761		0.6517216064	0.03387166403	
-3.398384192		0.6503846336	0.03353228635	
-3.383246623		0.6490479758	0.03319260333	
-3.368109055		0.6477117321	0.03285267929	
-3.352971486		0.6463760024	0.03251257965	
-3.337833917		0.6450408871	0.03217237087	
-3.322696348		0.6437064873	0.03183212045	
-3.307558779		0.6423729045	0.03149189686	
-3.292421211		0.6410402411	0.03115176951	
-3.277283642		0.6397085997	0.0308118087	
-3.262146073		0.6383780839	0.03047208553	
-3.247008504		0.6370487973	0.03013267191	
-3.231870935		0.6357208443	0.02979364044	
-3.216733367		0.6343943297	0.02945506438	
-3.201595798		0.6330693587	0.02911701758	
-3.186458229		0.6317460368	0.02877957441	
-3.17132066		0.63042447	0.02844280968	
-3.156183092		0.6291047645	0.02810679857	
-3.141045523		0.627787027	0.02777161657	
-3.125907954		0.6264713642	0.02743733939	
-3.110770385		0.6251578832	0.02710404287	
-3.095632816		0.6238466913	0.02677180289	
-3.080495248		0.6225378957	0.02644069535	
-3.065357679		0.6212316041	0.02611079597	
-3.05022011		0.6199279239	0.02578218032	
-3.035082541		0.6186269628	0.02545492365	
-3.019944972		0.6173288284	0.02512910083	
-3.004807404		0.6160336281	0.02480478625	
-2.989669835		0.6147414695	0.02448205375	
-2.974532266		0.6134524599	0.0241609765	
-2.959394697		0.6121667063	0.02384162692	
-2.944257129		0.6108843158	0.0235240766	
-2.92911956		0.6096053949	0.02320839618	
-2.913981991		0.6083300502	0.02289465529	
-2.898844422		0.6070583875	0.02258292244	
-2.883706853		0.6057905125	0.02227326493	
-2.868569285		0.6045265305	0.0219657488	
-2.853431716		0.6032665462	0.02166043868	
-2.838294147		0.6020106639	0.02135739778	
-2.823156578		0.6007589874	0.02105668774	
-2.80801901		0.5995116197	0.0207583686	
-2.792881441		0.5982686636	0.02046249873	
-2.777743872		0.5970302208	0.02016913469	
-2.762606303		0.5957963927	0.01987833126	
-2.747468734		0.5945672799	0.01959014128	
-2.732331166		0.593342982	0.01930461567	
-2.717193597		0.5921235983	0.01902180329	
-2.702056028		0.590909227	0.01874175097	
-2.686918459		0.5896999656	0.01846450338	
-2.67178089		0.5884959107	0.01819010307	
-2.656643322		0.5872971581	0.01791859034	
-2.641505753		0.5861038029	0.01765000326	
-2.626368184		0.5849159389	0.01738437764	
-2.611230615		0.5837336594	0.01712174696	
-2.596093047		0.5825570566	0.01686214239	
-2.580955478		0.5813862217	0.01660559277	
-2.565817909		0.5802212451	0.01635212456	
-2.55068034		0.5790622162	0.01610176187	
-2.535542771		0.5779092234	0.01585452644	
-2.520405203		0.5767623542	0.01561043765	
-2.505267634		0.575621695	0.01536951252	
-2.490130065		0.5744873312	0.01513176574	
-2.474992496		0.5733593475	0.01489720965	
-2.459854927		0.5722378272	0.0146658543	
-2.444717359		0.5711228528	0.01443770744	
-2.42957979		0.5700145059	0.01421277458	
-2.414442221		0.5689128669	0.013991059	
-2.399304652		0.5678180153	0.01377256182	
-2.384167084		0.5667300295	0.013557282	
-2.369029515		0.565648987	0.01334521639	
-2.353891946		0.5645749642	0.01313635984	
-2.338754377		0.5635080366	0.01293070516	
-2.323616808		0.5624482786	0.01272824323	
-2.30847924		0.5613957636	0.01252896306	
-2.293341671		0.5603505639	0.01233285184	
-2.278204102		0.5593127511	0.01213989496	
-2.263066533		0.5582823955	0.01195007615	
-2.247928964		0.5572595664	0.0117633775	
-2.232791396		0.5562443323	0.01157977953	
-2.217653827		0.5552367605	0.01139926126	
-2.202516258		0.5542369174	0.01122180029	
-2.187378689		0.5532448684	0.01104737286	
-2.172241121		0.5522606778	0.01087595392	
-2.157103552		0.5512844091	0.01070751723	
-2.141965983		0.5503161245	0.01054203539	
-2.126828414		0.5493558854	0.01037947992	
-2.111690845		0.5484037523	0.01021982135	
-2.096553277		0.5474597845	0.01006302928	
-2.081415708		0.5465240403	0.009909072458	
-2.066278139		0.5455965771	0.009757918826	
-2.05114057		0.5446774514	0.00960953561	
-2.036003002		0.5437667185	0.009463889377	
-2.020865433		0.5428644327	0.009320946101	
-2.005727864		0.5419706474	0.009180671229	
-1.990590295		0.5410854149	0.00904302974	
-1.975452726		0.5402087867	0.008907986205	
-1.960315158		0.5393408129	0.008775504848	
-1.945177589		0.5384815429	0.0086455496	
-1.93004002		0.537631025	0.008518084153	
-1.914902451		0.5367893063	0.008393072016	
-1.899764882		0.5359564331	0.008270476559	
-1.884627314		0.5351324504	0.008150261067	
-1.869489745		0.5343174024	0.008032388783	
-1.854352176		0.533511332	0.007916822949	
-1.839214607		0.5327142811	0.007803526856	
-1.824077039		0.5319262905	0.007692463872	
-1.80893947		0.5311474	0.007583597488	
-1.793801901		0.530377648	0.007476891351	
-1.778664332		0.5296170721	0.007372309293	
-1.763526763		0.5288657085	0.007269815367	
-1.748389195		0.5281235922	0.007169373871	
-1.733251626		0.5273907573	0.007070949381	
-1.718114057		0.5266672363	0.006974506768	
-1.702976488		0.5259530608	0.006880011228	
-1.687838919		0.5252482609	0.006787428298	
-1.672701351		0.5245528655	0.00669672388	
-1.657563782		0.5238669022	0.006607864255	
-1.642426213		0.5231903974	0.006520816099	
-1.627288644		0.5225233759	0.006435546502	
-1.612151076		0.5218658613	0.006352022975	
-1.597013507		0.5212178757	0.006270213465	
-1.581875938		0.5205794397	0.006190086366	
-1.566738369		0.5199505728	0.006111610525	
-1.5516008		0.5193312924	0.006034755252	
-1.536463232		0.518721615	0.005959490325	
-1.521325663		0.518121555	0.005885785997	
-1.506188094		0.5175311256	0.005813612999	
-1.491050525		0.5169503383	0.005742942545	
-1.475912956		0.5163792028	0.005673746332	
-1.460775388		0.5158177272	0.005605996545	
-1.445637819		0.5152659179	0.005539665856	
-1.43050025		0.5147237795	0.005474727422	
-1.415362681		0.5141913151	0.005411154891	
-1.400225113		0.5136685255	0.005348922395	
-1.385087544		0.51315541	0.005288004549	
-1.369949975		0.5126519659	0.005228376452	
-1.354812406		0.5121581887	0.005170013681	
-1.339674837		0.5116740719	0.00511289229	
-1.324537269		0.5111996069	0.005056988804	
-1.3093997		0.5107347832	0.005002280219	
-1.294262131		0.5102795883	0.004948743991	
-1.279124562		0.5098340075	0.00489635804	
-1.263986993		0.509398024	0.004845100738	
-1.248849425		0.5089716187	0.004794950905	
-1.233711856		0.50855477	0.004745887804	
-1.218574287		0.5081474536	0.004697891131	
-1.203436718		0.5077496417	0.004650941005	
-1.18829915		0.5073613016	0.004605017948	
-1.173161581		0.5069823928	0.004560102857	
-1.158024012		0.5066128611	0.004516176945	
-1.142886443		0.5062526267	0.004473221636	
-1.127748874		0.5059015588	0.004431218347	
-1.112611306		0.5055594255	0.004390148057	
-1.097473737		0.5052257915	0.004349990468	
-1.082336168		0.5048998226	0.004310722385	
-1.067198599		0.504579937	0.004272314904	
-1.052061031		0.5042633123	0.004234729506	
-1.036923462		0.5039456353	0.004197916365	
-1.021785893		0.5036225339	0.004161826631	
-1.006648324		0.5032945751	0.004126453358	
-0.9915107554		0.5029722193	0.004091870177	
-0.9763731866		0.5026700568	0.004058181696	
-0.9612356178		0.5023945412	0.004025424095	
-0.946098049		0.5021426014	0.003993556695	
-0.9309604802		0.5019084054	0.003962518209	
-0.9158229115		0.5016874928	0.003932259857	
-0.9006853427		0.5014772744	0.003902748805	
-0.8855477739		0.5012764021	0.003873962714	
-0.8704102051		0.501084191	0.003845884943	
-0.8552726363		0.5009002794	0.003818501759	
-0.8401350675		0.5007244566	0.00379180094	
-0.8249974987		0.5005565797	0.003765771103	
-0.80985993		0.5003965358	0.003740401396	
-0.7947223612		0.5002442238	0.003715681349	
-0.7795847924		0.5000995471	0.003691600812	
-0.7644472236		0.4999624092	0.003668149916	
-0.7493096548		0.4998327124	0.003645319058	
-0.734172086		0.4997103572	0.003623098892	
-0.7190345173		0.4995952417	0.003601480318	
-0.7038969485		0.4994872617	0.003580454478	
-0.6887593797		0.4993863105	0.003560012751	
-0.6736218109		0.4992922787	0.003540146751	
-0.6584842421		0.4992050548	0.003520848316	
-0.6433466733		0.4991245247	0.003502109512	
-0.6282091046		0.499050572	0.003483922623	
-0.6130715358		0.4989830776	0.003466280147	
-0.597933967		0.4989219204	0.003449174797	
-0.5827963982		0.4988669768	0.003432599493	
-0.5676588294		0.498818121	0.003416547359	
-0.5525212606		0.498775225	0.003401011719	
-0.5373836918		0.4987381583	0.003385986096	
-0.5222461231		0.4987067886	0.003371464205	
-0.5071085543		0.4986809812	0.003357439954	
-0.4919709855		0.4986605994	0.003343907434	
-0.4768334167		0.4986455045	0.003330860924	
-0.4616958479		0.4986355558	0.003318294883	
-0.4465582791		0.4986306105	0.003306203945	
-0.4314207104		0.498630524	0.003294582922	
-0.4162831416		0.4986351498	0.003283426796	
-0.4011455728		0.4986443396	0.003272730721	
-0.386008004		0.4986579435	0.003262490015	
-0.3708704352		0.4986758095	0.00325270016	
-0.3557328664		0.4986977843	0.003243356802	
-0.3405952976		0.4987237128	0.003234455743	
-0.3254577289		0.4987534386	0.003225992942	
-0.3103201601		0.4987868035	0.003217964516	
-0.2951825913		0.4988236481	0.003210366728	
-0.2800450225		0.4988638115	0.003203195997	
-0.2649074537		0.4989071315	0.003196448885	
-0.2497698849		0.4989534448	0.003190122102	
-0.2346323162		0.4990025867	0.003184212503	
-0.2194947474		0.4990543915	0.003178717082	
-0.2043571786		0.4991086925	0.003173632976	
-0.1892196098		0.4991653219	0.00316895746	
-0.174082041		0.4992241109	0.003164687943	
-0.1589444722		0.49928489	0.003160821973	
-0.1438069035		0.4993474889	0.00315735723	
-0.1286693347		0.4994117364	0.003154291525	
-0.1135317659		0.4994774608	0.003151622802	
-0.0983941971		0.4995444898	0.003149349133	
-0.08325662831		0.4996126504	0.003147468719	
-0.06811905953		0.4996817694	0.003145979886	
-0.05298149075		0.499751673	0.003144881088	
-0.03784392196		0.4998221872	0.003144170903	
-0.02270635318		0.4998931377	0.003143848033	
-0.007568784392		0.4999643501	0.0031439113	
0.007568784392		0.5000356497	0.003144359651	
0.02270635318		0.5001068621	0.003145192153	
0.03784392196		0.5001778126	0.003146407992	
0.05298149075		0.5002483269	0.003148006473	
0.06811905953		0.5003182305	0.003149987021	
0.08325662831		0.5003873495	0.003152349178	
0.0983941971		0.5004555102	0.003155092604	
0.1135317659		0.5005225392	0.003158217075	
0.1286693347		0.5005882636	0.003161722483	
0.1438069035		0.5006525112	0.003165608837	
0.1589444722		0.5007151101	0.00316987626	
0.174082041		0.5007758893	0.003174524991	
0.1892196098		0.5008346784	0.003179555385	
0.2043571786		0.5008913078	0.00318496791	
0.2194947474		0.5009456088	0.003190763148	
0.2346323162		0.5009974136	0.003196941796	
0.2497698849		0.5010465556	0.003203504666	
0.2649074537		0.5010928688	0.003210452684	
0.2800450225		0.5011361888	0.003217786889	
0.2951825913		0.5011763522	0.003225508435	
0.3103201601		0.5012131967	0.00323361859	
0.3254577289		0.5012465616	0.003242118738	
0.3405952976		0.5012762873	0.003251010377	
0.3557328664		0.5013022157	0.003260295118	
0.3708704352		0.5013241905	0.00326997469	
0.386008004		0.5013420564	0.003280050936	
0.4011455728		0.5013556601	0.003290525817	
0.4162831416		0.5013648498	0.003301401407	
0.4314207104		0.5013694756	0.003312679901	
0.4465582791		0.501369389	0.003324363607	
0.4616958479		0.5013644436	0.003336454956	
0.4768334167		0.5013544948	0.003348956494	
0.4919709855		0.5013393999	0.003361870886	
0.5071085543		0.5013190181	0.003375200919	
0.5222461231		0.5012932108	0.003388949499	
0.5373836918		0.5012618411	0.003403119655	
0.5525212606		0.5012247745	0.003417714536	
0.5676588294		0.5011818785	0.003432737416	
0.5827963982		0.5011330229	0.003448191691	
0.597933967		0.5010780795	0.003464080884	
0.6130715358		0.5010169224	0.003480408641	
0.6282091046		0.5009494282	0.003497178736	
0.6433466733		0.5008754756	0.003514395071	
0.6584842421		0.5007949457	0.003532061676	
0.6736218109		0.500707722	0.003550182711	
0.6887593797		0.5006136904	0.003568762466	
0.7038969485		0.5005127393	0.003587805365	
0.7190345173		0.5004047594	0.003607315962	
0.734172086		0.500289644	0.003627298947	
0.7493096548		0.5001672888	0.003647759145	
0.7644472236		0.500037592	0.003668701514	
0.7795847924		0.499900454	0.003690131153	
0.7947223612		0.4997557771	0.003712053289	
0.80985993		0.4996034651	0.003734473284	
0.8249974987		0.4994434209	0.003757396615	
0.8401350675		0.4992755439	0.003780828852	
0.8552726363		0.4990997208	0.003804775593	
0.8704102051		0.498915809	0.003829242328	
0.8855477739		0.4987235977	0.003854234133	
0.9006853427		0.4985227252	0.003879755009	
0.9158229115		0.4983125065	0.003905806487	
0.9309604802		0.4980915937	0.003932384847	
0.946098049		0.4978573976	0.003959476326	
0.9612356178		0.4976054577	0.003987051677	
0.9763731866		0.497329942	0.004015069607	
0.9915107554		0.4970277795	0.004043509901	
1.006648324		0.4967054237	0.004072429678	
1.021785893		0.4963774649	0.004101954966	
1.036923462		0.4960543635	0.004132181305	
1.052061031		0.4957366866	0.004163124157	
1.067198599		0.495420062	0.004194757585	
1.082336168		0.4951001766	0.004227055194	
1.097473737		0.4947742078	0.004260002414	
1.112611306		0.494440574	0.004293594819	
1.127748874		0.4940984409	0.004327834226	
1.142886443		0.4937473732	0.004362725884	
1.158024012		0.4933871389	0.004398276867	
1.173161581		0.4930176074	0.004434495236	
1.18829915		0.4926386987	0.004471389615	
1.203436718		0.4922503587	0.004508968979	
1.218574287		0.491852547	0.004547242552	
1.233711856		0.4914452308	0.004586219754	
1.248849425		0.4910283822	0.004625910176	
1.263986993		0.490601977	0.004666323568	
1.279124562		0.4901659936	0.004707469827	
1.294262131		0.4897204128	0.004749358996	
1.3093997		0.4892652179	0.004792001258	
1.324537269		0.4888003941	0.004835406933	
1.339674837		0.4883259291	0.004879586473	
1.354812406		0.4878418121	0.004924550462	
1.369949975		0.4873480349	0.004970309606	
1.385087544		0.4868445907	0.005016874734	
1.400225113		0.4863314751	0.005064256791	
1.415362681		0.4858086853	0.005112466832	
1.43050025		0.4852762207	0.005161516016	
1.445637819		0.4847340822	0.005211415602	
1.460775388		0.4841822727	0.005262176937	
1.475912956		0.4836207969	0.005313811454	
1.491050525		0.4830496612	0.00536633066	
1.506188094		0.4824688737	0.00541974613	
1.521325663		0.4818784442	0.005474069495	
1.536463232		0.4812783841	0.005529312431	
1.5516008		0.4806687066	0.005585486652	
1.566738369		0.4800494262	0.005642603893	
1.581875938		0.4794205592	0.005700675903	
1.597013507		0.4787821233	0.005759714425	
1.612151076		0.4781341377	0.005819731187	
1.627288644		0.4774766232	0.005880737886	
1.642426213		0.4768096018	0.005942746167	
1.657563782		0.4761330971	0.006005767611	
1.672701351		0.475447134	0.006069813715	
1.687838919		0.4747517388	0.006134895873	
1.702976488		0.4740469391	0.006201025354	
1.718114057		0.4733327638	0.006268213282	
1.733251626		0.4726092431	0.006336470615	
1.748389195		0.4718764083	0.006405808118	
1.763526763		0.4711342923	0.00647623634	
1.778664332		0.4703829289	0.00654776559	
1.793801901		0.4696223531	0.006620405905	
1.80893947		0.4688526013	0.00669416703	
1.824077039		0.4680737109	0.006769058379	
1.839214607		0.4672857204	0.006845089013	
1.854352176		0.4664886695	0.006922267603	
1.869489745		0.4656825991	0.007000602401	
1.884627314		0.464867551	0.007080101206	
1.899764882		0.4640435683	0.007160771328	
1.914902451		0.4632106949	0.007242619555	
1.93004002		0.4623689761	0.007325652112	
1.945177589		0.4615184579	0.007409874633	
1.960315158		0.4606591877	0.007495292112	
1.975452726		0.4597912137	0.007581908876	
1.990590295		0.4589145851	0.007669728536	
2.005727864		0.4580293524	0.007758753955	
2.020865433		0.4571355668	0.007848987203	
2.036003002		0.4562332807	0.007940429522	
2.05114057		0.4553225475	0.008033081283	
2.066278139		0.4544034215	0.008126941944	
2.081415708		0.4534759582	0.008222010016	
2.096553277		0.4525402138	0.008318283017	
2.111690845		0.4515962458	0.00841575744	
2.126828414		0.4506441126	0.008514428706	
2.141965983		0.4496838734	0.008614291134	
2.157103552		0.4487155888	0.008715337902	
2.172241121		0.4477393201	0.008817561009	
2.187378689		0.4467551296	0.008920951242	
2.202516258		0.4457630807	0.009025498146	
2.217653827		0.4447632378	0.009131189991	
2.232791396		0.4437556662	0.009238013742	
2.247928964		0.4427404323	0.00934595503	
2.263066533		0.4417176035	0.009454998135	
2.278204102		0.4406872482	0.009565125953	
2.293341671		0.4396494357	0.009676319983	
2.30847924		0.4386042364	0.009788560308	
2.323616808		0.4375517218	0.009901825578	
2.338754377		0.4364919641	0.010016093	
2.353891946		0.4354250368	0.01013133834	
2.369029515		0.4343510143	0.01024753588	
2.384167084		0.4332699721	0.01036465848	
2.399304652		0.4321819866	0.01048267752	
2.414442221		0.4310871352	0.01060156293	
2.42957979		0.4299854963	0.0107212832	
2.444717359		0.4288771496	0.0108418054	
2.459854927		0.4277621753	0.01096309516	
2.474992496		0.426640655	0.01108511674	
2.490130065		0.4255126712	0.01120783301	
2.505267634		0.4243783074	0.01133120551	
2.520405203		0.4232376481	0.01145519447	
2.535542771		0.4220907787	0.01157975881	
2.55068034		0.4209377857	0.01170485624	
2.565817909		0.4197787565	0.01183044326	
2.580955478		0.4186137797	0.01195647523	
2.596093047		0.4174429445	0.01208290638	
2.611230615		0.4162663414	0.0122096899	
2.626368184		0.4150840615	0.01233677798	
2.641505753		0.4138961972	0.01246412187	
2.656643322		0.4127028416	0.01259167193	
2.67178089		0.4115040887	0.01271937773	
2.686918459		0.4103000335	0.01284718804	
2.702056028		0.4090907718	0.012975051	
2.717193597		0.4078764002	0.01310291409	
2.732331166		0.4066570163	0.01323072427	
2.747468734		0.4054327183	0.01335842803	
2.762606303		0.4042036052	0.01348597146	
2.777743872		0.402969777	0.01361330033	
2.792881441		0.4017313342	0.01374036015	
2.80801901		0.400488378	0.0138670963	
2.823156578		0.3992410104	0.01399345405	
2.838294147		0.3979893339	0.01411937865	
2.853431716		0.3967334517	0.01424481544	
2.868569285		0.3954734676	0.01436970987	
2.883706853		0.3942094858	0.01449400766	
2.898844422		0.392941611	0.01461765478	
2.913981991		0.3916699486	0.01474059761	
2.92911956		0.3903946041	0.01486278294	
2.944257129		0.3891156835	0.01498415811	
2.959394697		0.3878332933	0.01510467104	
2.974532266		0.38654754	0.01522427031	
2.989669835		0.3852585307	0.01534290521	
3.004807404		0.3839663723	0.01546052586	
3.019944972		0.3826711724	0.0155770832	
3.035082541		0.3813730382	0.01569252911	
3.05022011		0.3800720773	0.01580681642	
3.065357679		0.3787683974	0.01591989901	
3.080495248		0.3774621059	0.01603173184	
3.095632816		0.3761533105	0.01614227099	
3.110770385		0.3748421187	0.01625147372	
3.125907954		0.3735286378	0.01635929852	
3.141045523		0.3722129751	0.01646570514	
3.156183092		0.3708952375	0.01657065464	
3.17132066		0.3695755321	0.01667410938	
3.186458229		0.3682539652	0.01677603312	
3.201595798		0.3669306432	0.01687639101	
3.216733367		0.3656056721	0.01697514959	
3.231870935		0.3642791573	0.01707227687	
3.247008504		0.3629512042	0.01716774229	
3.262146073		0.3616219174	0.0172615168	
3.277283642		0.3602914014	0.01735357279	
3.292421211		0.3589597599	0.01744388417	
3.307558779		0.3576270962	0.01753242634	
3.322696348		0.3562935132	0.01761917621	
3.337833917		0.3549591132	0.01770411218	
3.352971486		0.3536239977	0.01778721416	
3.368109055		0.3522882679	0.01786846354	
3.383246623		0.3509520242	0.01794784321	
3.398384192		0.3496153663	0.01802533754	
3.413521761		0.3482783934	0.01810093234	
3.42865933		0.3469412039	0.01817461489	
3.443796898		0.3456038955	0.01824637389	
3.458934467		0.3442665652	0.01831619946	
3.474072036		0.3429293092	0.01838408311	
3.489209605		0.3415922231	0.01845001771	
3.504347174		0.3402554015	0.01851399748	
3.519484742		0.3389189383	0.01857601796	
3.534622311		0.3375829267	0.01863607598	
3.54975988		0.336247459	0.01869416963	
3.564897449		0.3349126265	0.01875029823	
3.580035018		0.3335785199	0.01880446232	
3.595172586		0.332245229	0.01885666358	
3.610310155		0.3309128426	0.01890690486	
3.625447724		0.3295814489	0.01895519011	
3.640585293		0.3282511109	0.01900152342	
3.655722861		0.3269219607	0.01904591202	
3.67086043		0.3255940619	0.01908836271	
3.685997999		0.3242674988	0.01912888349	
3.701135568		0.3229423548	0.01916748332	
3.716273137		0.3216187125	0.01920417205	
3.731410705		0.3202966534	0.01923896037	
3.746548274		0.318976258	0.01927185982	
3.761685843		0.317657606	0.01930288271	
3.776823412		0.3163407758	0.01933204213	
3.79196098		0.3150258452	0.01935935187	
3.807098549		0.3137128908	0.01938482642	
3.822236118		0.3124019881	0.0194084809	
3.837373687		0.3110932116	0.01943033107	
3.852511256		0.309786635	0.01945039328	
3.867648824		0.3084823308	0.01946868441	
3.882786393		0.3071803705	0.01948522188	
3.897923962		0.3058808245	0.01950002359	
3.913061531		0.3045837621	0.01951310791	
3.9281991		0.3032892519	0.01952449364	
3.943336668		0.301997361	0.01953419997	
3.958474237		0.3007081558	0.01954224646	
3.973611806		0.2994217014	0.01954865303	
3.988749375		0.2981380619	0.0195534399	
4.003886943		0.2968573005	0.01955662761	
4.019024512		0.295579479	0.01955823692	
4.034162081		0.2943046586	0.01955828889	
4.04929965		0.2930328991	0.01955680474	
4.064437219		0.2917642593	0.01955380592	
4.079574787		0.290498797	0.01954931404	
4.094712356		0.2892365689	0.01954335087	
4.109849925		0.2879776307	0.01953593831	
4.124987494		0.2867220369	0.01952709835	
4.140125063		0.2854698413	0.0195168531	
4.155262631		0.2842210962	0.01950522473	
4.1704002		0.2829758532	0.01949223546	
4.185537769		0.2817341627	0.01947790757	
4.200675338		0.2804960742	0.01946226333	
4.215812906		0.279261636	0.01944532506	
4.230950475		0.2780308956	0.01942711503	
4.246088044		0.2768038994	0.01940765553	
4.261225613		0.2755806926	0.01938696877	
4.276363182		0.2743613199	0.01936507697	
4.29150075		0.2731458244	0.01934200223	
4.306638319		0.2719342487	0.01931776663	
4.321775888		0.2707266343	0.01929239214	
4.336913457		0.2695230217	0.01926590064	
4.352051026		0.2683234504	0.01923831394	
4.367188594		0.2671279591	0.01920965369	
4.382326163		0.2659365856	0.01917994146	
4.397463732		0.2647493667	0.01914919868	
4.412601301		0.2635663382	0.01911744664	
4.427738869		0.2623875353	0.0190847065	
4.442876438		0.2612129922	0.01905099927	
4.458014007		0.2600427422	0.01901634579	
4.473151576		0.2588768177	0.01898076676	
4.488289145		0.2577152506	0.01894428271	
4.503426713		0.2565580716	0.01890691399	
4.518564282		0.2554053108	0.01886868078	
4.533701851		0.2542569976	0.01882960308	
4.54883942		0.2531131606	0.01878970072	
4.563976988		0.2519738274	0.01874899333	
4.579114557		0.2508390252	0.01870750035	
4.594252126		0.2497087803	0.01866524104	
4.609389695		0.2485831183	0.01862223444	
4.624527264		0.2474620641	0.01857849942	
4.639664832		0.2463456419	0.01853405464	
4.654802401		0.2452338754	0.01848891855	
4.66993997		0.2441267871	0.0184431094	
4.685077539		0.2430243994	0.01839664524	
4.700215108		0.2419267335	0.01834954391	
4.715352676		0.2408338103	0.01830182302	
4.730490245		0.2397456497	0.01825349999	
4.745627814		0.2386622711	0.01820459202	
4.760765383		0.237583693	0.01815511609	
4.775902951		0.2365099334	0.01810508898	
4.79104052		0.2354410092	0.01805452721	
4.806178089		0.2343769368	0.01800344712	
4.821315658		0.233317732	0.0179518648	
4.836453227		0.2322634094	0.01789979614	
4.851590795		0.2312139833	0.01784725678	
4.866728364		0.2301694669	0.01779426214	
4.881865933		0.229129873	0.01774082742	
4.897003502		0.2280952133	0.01768696759	
4.912141071		0.2270654991	0.01763269739	
4.927278639		0.2260407409	0.01757803133	
4.942416208		0.2250209488	0.0175229837	
4.957553777		0.2240061321	0.01746756857	
4.972691346		0.2229962997	0.01741179979	
4.987828914		0.2219914602	0.01735569099	
5.002966483		0.2209916217	0.01729925559	
5.018104052		0.2199967921	0.01724250682	
5.033241621		0.219006979	0.01718545768	
5.04837919		0.21802219	0.017128121	
5.063516758		0.2170424325	0.01707050941	
5.078654327		0.2160677139	0.01701263538	
5.093791896		0.2150980413	0.01695451117	
5.108929465		0.2141334222	0.01689614888	
5.124067034		0.2131738636	0.01683756043	
5.139204602		0.2122193724	0.01677875759	
5.154342171		0.2112699553	0.01671975193	
5.16947974		0.2103256186	0.01666055485	
5.184617309		0.209386368	0.01660117756	
5.199754877		0.2084522084	0.01654163109	
5.214892446		0.2075231439	0.01648192626	
5.230030015		0.2065991773	0.01642207364	
5.245167584		0.2056803105	0.01636208363	
5.260305153		0.2047665435	0.01630196631	
5.275442721		0.2038578752	0.01624173156	
5.29058029		0.2029543028	0.01618138896	
5.305717859		0.2020558218	0.01612094779	
5.320855428		0.2011624264	0.01606041708	
5.335992996		0.2002741093	0.01599980554	
5.351130565		0.199390862	0.0159391216	
5.366268134		0.1985126751	0.0158783734	
5.381405703		0.1976395385	0.01581756883	
5.396543272		0.1967714418	0.0157567155	
5.41168084		0.1959083746	0.01569582084	
5.426818409		0.1950503267	0.01563489204	
5.441955978		0.1941972884	0.01557393616	
5.457093547		0.1933492509	0.0155129601	
5.472231116		0.1925062062	0.01545197067	
5.487368684		0.1916681474	0.01539097461	
5.502506253		0.1908350686	0.01532997862	
5.517643822		0.1900069647	0.01526898939	
5.532781391		0.1891838318	0.0152080136	
5.547918959		0.1883656663	0.01514705795	
5.563056528		0.1875524652	0.01508612915	
5.578194097		0.1867442257	0.01502523391	
5.593331666		0.1859409449	0.01496437895	
5.608469235		0.1851426196	0.01490357094	
5.623606803		0.1843492461	0.01484281644	
5.638744372		0.1835608197	0.01478212192	
5.653881941		0.1827773346	0.01472149363	
5.66901951		0.1819987834	0.01466093753	
5.684157079		0.181225157	0.01460045925	
5.699294647		0.180456444	0.01454006398	
5.714432216		0.1796926307	0.01447975636	
5.729569785		0.1789337001	0.01441954048	
5.744707354		0.1781796325	0.01435941972	
5.759844922		0.1774304044	0.01429939681	
5.774982491		0.1766859889	0.01423947376	
5.79012006		0.1759463557	0.01417965188	
5.805257629		0.1752114713	0.01411993191	
5.820395198		0.1744812994	0.01406031406	
5.835532766		0.1737558018	0.01400079821	
5.850670335		0.1730349393	0.01394138405	
5.865807904		0.1723186727	0.01388207133	
5.880945473		0.1716069641	0.01382286005	
5.896083042		0.1708997783	0.01376375068	
5.91122061		0.1701970839	0.01370474435	
5.926358179		0.1694988544	0.01364584297	
5.941495748		0.1688050687	0.01358704936	
5.956633317		0.1681157116	0.01352836719	
5.971770885		0.1674307739	0.01346980097	
5.986908454		0.1667502513	0.01341135585	
6.002046023		0.1660741437	0.01335303745	
6.017183592		0.1654024535	0.01329485154	
6.032321161		0.1647351842	0.01323680381	
6.047458729		0.1640723384	0.01317889954	
6.062596298		0.1634139157	0.01312114334	
6.077733867		0.1627599117	0.01306353896	
6.092871436		0.1621103166	0.01300608915	
6.108009005		0.1614651143	0.0129487956	
6.123146573		0.1608242822	0.01289165899	
6.138284142		0.1601877918	0.01283467907	
6.153421711		0.1595556092	0.01277785485	
6.16855928		0.1589276963	0.0127211848	
6.183696848		0.1583040122	0.01266466708	
6.198834417		0.1576845147	0.01260829977	
6.213971986		0.1570691616	0.01255208105	
6.229109555		0.1564579118	0.01249600935	
6.244247124		0.1558507268	0.01244008351	
6.259384692		0.1552475711	0.01238430279	
6.274522261		0.1546484123	0.0123286669	
6.28965983		0.1540532217	0.01227317594	
6.304797399		0.153461974	0.01221783039	
6.319934967		0.1528746464	0.01216263097	
6.335072536		0.1522912186	0.01210757854	
6.350210105		0.1517116718	0.01205267401	
6.365347674		0.1511359881	0.01199791824	
6.380485243		0.1505641499	0.01194331192	
6.395622811		0.1499961391	0.01188885554	
6.41076038		0.1494319365	0.01183454929	
6.425897949		0.1488715217	0.01178039305	
6.441035518		0.1483148728	0.0117263864	
6.456173087		0.1477619657	0.01167252854	
6.471310655		0.1472127747	0.01161881839	
6.486448224		0.1466672721	0.01156525457	
6.501585793		0.1461254286	0.01151183543	
6.516723362		0.145587213	0.01145855913	
6.53186093		0.1450525932	0.01140542361	
6.546998499		0.1445215356	0.0113524267	
6.562136068		0.1439940057	0.01129956611	
6.577273637		0.1434699688	0.01124683949	
6.592411206		0.1429493892	0.01119424445	
6.607548774		0.1424322315	0.01114177857	
6.622686343		0.14191846	0.01108943946	
6.637823912		0.1414080391	0.01103722474	
6.652961481		0.1409009336	0.01098513204	
6.66809905		0.1403971085	0.01093315905	
6.683236618		0.1398965291	0.01088130349	
6.698374187		0.1393991612	0.01082956311	
6.713511756		0.138904971	0.0107779357	
6.728649325		0.138413925	0.01072641906	
6.743786893		0.1379259901	0.01067501103	
6.758924462		0.1374411334	0.01062370944	
6.774062031		0.1369593225	0.01057251216	
6.7891996		0.1364805249	0.01052141703	
6.804337169		0.1360047084	0.01047042189	
6.819474737		0.1355318409	0.01041952457	
6.834612306		0.1350618903	0.0103687229	
6.849749875		0.1345948245	0.01031801466	
6.864887444		0.1341306114	0.01026739763	
6.880025013		0.1336692187	0.01021686955	
6.895162581		0.1332106143	0.01016642816	
6.91030015		0.1327547657	0.01011607116	
6.925437719		0.1323016403	0.01006579621	
6.940575288		0.1318512055	0.01001560099	
6.955712856		0.1314034285	0.009965483133	
6.970850425		0.1309582764	0.009915440259	
6.985987994		0.1305157162	0.009865469983	
7.001125563		0.1300757146	0.009815569907	
7.016263132		0.1296382384	0.009765737628	
7.0314007		0.1292032542	0.00971597074	
7.046538269		0.1287707287	0.009666266838	
7.061675838		0.1283406284	0.009616623522	
7.076813407		0.1279129198	0.009567038399	
7.091950975		0.1274875694	0.009517509088	
7.107088544		0.1270645436	0.00946803322	
7.122226113		0.126643809	0.009418608442	
7.137363682		0.126225332	0.009369232423	
7.152501251		0.1258090791	0.009319902848	
7.167638819		0.1253950171	0.00927061743	
7.182776388		0.1249831124	0.009221373905	
7.197913957		0.1245733319	0.009172170035	
7.213051526		0.1241656422	0.009123003613	
7.228189095		0.1237600103	0.009073872462	
7.243326663		0.1233564031	0.009024774435	
7.258464232		0.1229547875	0.008975707419	
7.273601801		0.1225551308	0.008926669336	
7.28873937		0.1221574001	0.008877658142	
7.303876938		0.1217615626	0.008828671832	
7.319014507		0.1213675859	0.008779708437	
7.334152076		0.1209754374	0.008730766026	
7.349289645		0.1205850847	0.008681842712	
7.364427214		0.1201964955	0.008632936645	
7.379564782		0.1198096376	0.00858404602	
7.394702351		0.119424479	0.008535169074	
7.40983992		0.1190409876	0.008486304089	
7.424977489		0.1186591316	0.008437449392	
7.440115058		0.1182788794	0.008388603357	
7.455252626		0.1179001992	0.008339764406	
7.470390195		0.1175230596	0.008290931009	
7.485527764		0.1171474292	0.008242101688	
7.500665333		0.1167732768	0.008193275014	
7.515802901		0.1164005713	0.008144449612	
7.53094047		0.1160292817	0.008095624159	
7.546078039		0.1156593773	0.008046797388	
7.561215608		0.1152908273	0.007997968086	
7.576353177		0.1149236013	0.007949135099	
7.591490745		0.114557669	0.007900297329	
7.606628314		0.1141930001	0.007851453739	
7.621765883		0.1138295648	0.007802603349	
7.636903452		0.1134673331	0.007753745244	
7.652041021		0.1131062756	0.00770487857	
7.667178589		0.1127463627	0.007656002533	
7.682316158		0.1123875654	0.007607116409	
7.697453727		0.1120298545	0.007558219536	
7.712591296		0.1116732014	0.007509311317	
7.727728864		0.1113175774	0.007460391225	
7.742866433		0.1109629544	0.0074114588	
7.758004002		0.1106093042	0.00736251365	
7.773141571		0.1102565991	0.007313555455	
7.78827914		0.1099048116	0.007264583964	
7.803416708		0.1095539144	0.007215598998	
7.818554277		0.1092038805	0.007166600449	
7.833691846		0.1088546833	0.007117588285	
7.848829415		0.1085062965	0.007068562544	
7.863966983		0.1081586939	0.007019523341	
7.879104552		0.1078118486	0.00697047078	
7.894242121		0.1074657377	0.006921405291	
7.90937969		0.1071203348	0.006872327136	
7.924517259		0.1067756155	0.006823236731	
7.939654827		0.1064315552	0.006774134573	
7.954792396		0.10608813	0.006725021232	
7.969929965		0.1057453164	0.006675897362	
7.985067534		0.1054030913	0.006626763691	
8.000205103		0.1050614318	0.006577621029	
8.015342671		0.1047203156	0.006528470264	
8.03048024		0.1043797208	0.006479312365	
8.045617809		0.104039626	0.00643014838	
8.060755378		0.1037000102	0.006380979439	
8.075892946		0.1033608527	0.006331806751	
8.091030515		0.1030221336	0.006282631606	
8.106168084		0.1026838333	0.006233455375	
8.121305653		0.1023459326	0.006184279512	
8.136443222		0.102008413	0.006135105548	
8.15158079		0.1016712565	0.006085935099	
8.166718359		0.1013344455	0.00603676986	
8.181855928		0.100997963	0.005987611607	
8.196993497		0.1006617927	0.005938462197	
8.212131066		0.1003259186	0.005889323568	
8.227268634		0.09999032546	0.005840197737	
8.242406203		0.09965499856	0.005791086803	
8.257543772		0.09931992377	0.005741992942	
8.272681341		0.09898508757	0.005692918413	
8.287818909		0.09865047703	0.005643865549	
8.302956478		0.09831607985	0.005594836764	
8.318094047		0.09798188436	0.00554583455	
8.333231616		0.09764787948	0.005496861474	
8.348369185		0.09731405482	0.00544792018	
8.363506753		0.09698040058	0.005399013388	
8.378644322		0.09664690764	0.005350143892	
8.393781891		0.09631356753	0.005301314559	
8.40891946		0.09598037241	0.005252528329	
8.424057029		0.09564731512	0.005203788215	
8.439194597		0.09531438916	0.005155097297	
8.454332166		0.09498158868	0.005106458727	
8.469469735		0.0946489085	0.005057875724	
8.484607304		0.0943163441	0.005009351575	
8.499744872		0.09398389163	0.004960889629	
8.514882441		0.0936515479	0.004912493301	
8.53002001		0.09331931035	0.004864166069	
8.545157579		0.09298717712	0.00481591147	
8.560295148		0.09265514697	0.004767733101	
8.575432716		0.09232321932	0.004719634616	
8.590570285		0.09199139422	0.004671619724	
8.605707854		0.09165967235	0.004623692188	
8.620845423		0.09132805502	0.004575855823	
8.635982991		0.09099654417	0.004528114494	
8.65112056		0.09066514231	0.004480472115	
8.666258129		0.09033385259	0.004432932642	
8.681395698		0.09000267871	0.00438550008	
8.696533267		0.08967162496	0.004338178471	
8.711670835		0.08934069617	0.0042909719	
8.726808404		0.08900989775	0.004243884486	
8.741945973		0.0886792356	0.004196920386	
8.757083542		0.08834871617	0.004150083789	
8.772221111		0.08801834638	0.004103378913	
8.787358679		0.08768813367	0.004056810004	
8.802496248		0.0873580859	0.004010381337	
8.817633817		0.08702821142	0.003964097206	
8.832771386		0.08669851898	0.00391796193	
8.847908954		0.08636901777	0.003871979843	
8.863046523		0.08603971734	0.003826155297	
8.878184092		0.08571062763	0.003780492658	
8.893321661		0.08538175894	0.003734996303	
8.90845923		0.08505312188	0.003689670616	
8.923596798		0.0847247274	0.00364451999	
8.938734367		0.08439658671	0.00359954882	
8.953871936		0.08406871134	0.003554761504	
8.969009505		0.08374111301	0.003510162438	
8.984147074		0.08341380372	0.003465756016	
8.999284642		0.08308679566	0.003421546623	
9.014422211		0.08276010122	0.003377538639	
9.02955978		0.08243373296	0.003333736434	
9.044697349		0.08210770358	0.003290144361	
9.059834917		0.08178202593	0.003246766763	
9.074972486		0.08145671297	0.00320360796	
9.090110055		0.08113177775	0.003160672257	
9.105247624		0.08080723343	0.003117963933	
9.120385193		0.08048309319	0.003075487246	
9.135522761		0.08015937029	0.003033246423	
9.15066033		0.07983607801	0.002991245665	
9.165797899		0.07951322965	0.002949489142	
9.180935468		0.07919083853	0.002907980989	
9.196073037		0.07886891792	0.002866725306	
9.211210605		0.07854748112	0.002825726155	
9.226348174		0.07822654137	0.002784987558	
9.241485743		0.07790611187	0.002744513495	
9.256623312		0.07758620578	0.002704307901	
9.27176088		0.07726683618	0.002664374665	
9.286898449		0.0769480161	0.002624717628	
9.302036018		0.0766297585	0.002585340579	
9.317173587		0.07631207624	0.002546247255	
9.332311156		0.07599498212	0.002507441337	
9.347448724		0.07567848882	0.00246892645	
9.362586293		0.07536260896	0.002430706158	
9.377723862		0.07504735505	0.002392783966	
9.392861431		0.0747327395	0.002355163313	
9.407998999		0.07441877465	0.002317847574	
9.423136568		0.0741054727	0.002280840056	
9.438274137		0.0737928458	0.002244143994	
9.453411706		0.07348090598	0.002207762553	
9.468549275		0.07316966519	0.002171698823	
9.483686843		0.07285913529	0.002135955819	
9.498824412		0.07254932806	0.002100536474	
9.513961981		0.07224025519	0.002065443645	
9.52909955		0.07193192832	0.002030680101	
9.544237119		0.07162435899	0.001996248531	
9.559374687		0.07131755869	0.001962151532	
9.574512256		0.07101153886	0.001928391616	
9.589649825		0.07070631089	0.001894971202	
9.604787394		0.07040188611	0.001861892614	
9.619924962		0.07009827582	0.001829158083	
9.635062531		0.06979549131	0.00179676974	
9.6502001		0.06949354383	0.001764729619	
9.665337669		0.06919244461	0.001733039651	
9.680475238		0.06889220489	0.001701701663	
9.695612806		0.06859283591	0.001670717376	
9.710750375		0.06829434893	0.001640088406	
9.725887944		0.06799675521	0.001609816258	
9.741025513		0.06770006605	0.001579902326	
9.756163082		0.06740429278	0.001550347893	
9.77130065		0.06710944678	0.001521154125	
9.786438219		0.06681553948	0.001492322076	
9.801575788		0.06652258238	0.001463852679	
9.816713357		0.06623058702	0.001435746751	
9.831850925		0.06593956505	0.001408004988	
9.846988494		0.06564952818	0.001380627965	
9.862126063		0.06536048822	0.001353616136	
9.877263632		0.06507245708	0.00132696983	
9.892401201		0.06478544676	0.001300689253	
9.907538769		0.06449946937	0.001274774487	
9.922676338		0.06421453717	0.001249225488	
9.937813907		0.06393066249	0.001224042087	
9.952951476		0.06364785782	0.001199223988	
9.968089045		0.06336613578	0.001174770769	
9.983226613		0.06308550912	0.001150681884	
9.998364182		0.06280599074	0.001126956658	
10.01350175		0.06252759367	0.001103594292	
10.02863932		0.06225033111	0.001080593861	
10.04377689		0.06197421639	0.001057954314	
10.05891446		0.06169926301	0.001035674479	
10.07405203		0.06142548462	0.001013753057	
10.08918959		0.06115289502	0.0009921886307	
10.10432716		0.0608815082	0.0009709796587	
10.11946473		0.06061133828	0.0009501244819	
10.1346023		0.06034239958	0.0009296213227	
10.14973987		0.06007470656	0.0009094682873	
10.16487744		0.05980827386	0.0008896633674	
10.18001501		0.05954311628	0.0008702044421	
10.19515258		0.05927924878	0.0008510892799	
10.21029015		0.05901668647	0.0008323155414	
10.22542771		0.05875544463	0.0008138807816	
10.24056528		0.05849553871	0.000795782452	
10.25570285		0.05823698432	0.0007780179042	
10.27084042		0.05797979723	0.0007605843918	
10.28597799		0.05772399334	0.0007434790739	
10.30111556		0.05746958871	0.0007266990175	
10.31625313		0.05721659951	0.0007102412007	
10.3313907		0.05696504193	0.0006941025151	
10.34652826		0.05671493214	0.0006782797684	
10.36166583		0.05646628601	0.0006627696851	
10.3768034		0.05621911874	0.0006475689057	
10.39194097		0.0559734439	0.000632673981	
10.40707854		0.05572927168	0.0006180813579	
10.42221611		0.05548660555	0.0006037873502	
10.43735368		0.05524543658	0.0005897880887	
10.45249125		0.05500573651	0.0005760794649	
10.46762881		0.05476745865	0.000562657162	
10.48276638		0.05453057194	0.0005495170196	
10.49790395		0.05429514379	0.0005366558384	
10.51304152		0.0540613775	0.0005240716526	
10.52817909		0.05382947774	0.0005117623291	
10.54331666		0.05359950526	0.0004997242213	
10.55845423		0.05337141207	0.0004879526312	
10.5735918		0.0531451367	0.000476442764	
10.58872936		0.05292064354	0.0004651900883	
10.60386693		0.05269792157	0.000454190304	
10.6190045		0.0524769747	0.0004434392423	
10.63414207		0.05225781456	0.0004329327956	
10.64927964		0.05204045652	0.0004226668831	
10.66441721		0.05182491767	0.0004126374345	
10.67955478		0.05161121598	0.000402840385	
10.69469235		0.05139936977	0.0003932716746	
10.70982991		0.05118939754	0.0003839272495	
10.72496748		0.05098131791	0.0003748030642	
10.74010505		0.05077514949	0.0003658950841	
10.75524262		0.05057091092	0.0003571992886	
10.77038019		0.05036862082	0.0003487116736	
10.78551776		0.05016829779	0.0003404282543	
10.80065533		0.04996996042	0.000332345068	
10.8157929		0.04977362726	0.0003244581759	
10.83093047		0.04957931683	0.0003167636663	
10.84606803		0.0493870476	0.0003092576562	
10.8612056		0.049196838	0.0003019362937	
10.87634317		0.04900870636	0.0002947957603	
10.89148074		0.04882267098	0.0002878322727	
10.90661831		0.04863875004	0.0002810420851	
10.92175588		0.04845696166	0.0002744214909	
10.93689345		0.04827732387	0.000267966824	
10.95203102		0.04809985464	0.0002616744606	
10.96716858		0.04792457182	0.00025554082	
10.98230615		0.04775149323	0.0002495623667	
10.99744372		0.04758063655	0.000243735611	
11.01258129		0.04741201935	0.0002380571108	
11.02771886		0.04724565909	0.0002325234729	
11.04285643		0.04708157312	0.0002271313539	
11.057994		0.04691977863	0.000221877461	
11.07313157		0.04676029278	0.0002167585525	
11.08826913		0.04660313259	0.0002117714377	
11.1034067		0.04644831504	0.0002069129778	
11.11854427		0.04629585698	0.0002021800861	
11.13368184		0.04614577516	0.0001975697293	
11.14881941		0.04599808619	0.0001930789282	
11.16395698		0.04585280652	0.0001887047581	
11.17909455		0.04570995247	0.0001844443492	
11.19423212		0.04556954029	0.0001802948861	
11.20936968		0.04543158612	0.0001762536066	
11.22450725		0.04529610609	0.0001723178009	
11.23964482		0.04516311627	0.0001684848121	
11.25478239		0.04503263259	0.000164752036	
11.26991996		0.04490467082	0.0001611169222	
11.28505753		0.04477924653	0.0001575769751	
11.3001951		0.04465637502	0.0001541297532	
11.31533267		0.04453607146	0.0001507728684	
11.33047024		0.04441835093	0.0001475039838	
11.3456078		0.04430322846	0.0001443208116	
11.36074537		0.04419071909	0.000141221112	
11.37588294		0.04408083777	0.0001382026937	
11.39102051		0.04397359922	0.0001352634147	
11.40615808		0.04386901782	0.0001324011842	
11.42129565		0.04376710761	0.0001296139634	
11.43643322		0.04366788228	0.0001268997641	
11.45157079		0.04357135542	0.0001242566459	
11.46670835		0.04347754068	0.0001216827129	
11.48184592		0.04338645185	0.0001191761107	
11.49698349		0.04329810288	0.0001167350264	
11.51212106		0.0432125076	0.0001143576896	
11.52725863		0.0431296795	0.0001120423758	
11.5423962		0.04304963154	0.0001097874085	
11.55753377		0.0429723762	0.0001075911592	
11.57267134		0.04289792569	0.0001054520441	
11.5878089		0.04282629235	0.0001033685197	
11.60294647		0.04275748899	0.0001013390771	
11.61808404		0.04269152897	9.936224036e-05	
11.63322161		0.04262842596	9.743656704e-05	
11.64835918		0.04256819347	9.556065279e-05	
11.66349675		0.04251084441	9.373313576e-05	
11.67863432		0.04245639088	9.195269896e-05	
11.69377189		0.04240484435	9.021806831e-05	
11.70890945		0.0423562163	8.852800678e-05	
11.72404702		0.04231051885	8.688130685e-05	
11.73918459		0.04226776527	8.527678492e-05	
11.75432216		0.04222796974	8.371328016e-05	
11.76945973		0.04219114686	8.218965843e-05	
11.7845973		0.0421573106	8.070481905e-05	
11.79973487		0.0421264737	7.925770062e-05	
11.81487244		0.04209864745	7.784728222e-05	
11.83001001		0.04207384243	7.647257881e-05	
11.84514757		0.0420520695	7.513263215e-05	
11.86028514		0.04203334098	7.382650166e-05	
11.87542271		0.04201767096	7.255325936e-05	
11.89056028		0.04200507489	7.131199158e-05	
11.90569785		0.04199556824	7.010180653e-05	
11.92083542		0.04198916511	6.892184397e-05	
11.93597299		0.04198587739	6.777128145e-05	
11.95111056		0.04198571501	6.664933373e-05	
11.96624812		0.04198868727	6.555524475e-05	
11.98138569		0.04199480468	6.448827589e-05	
11.99652326		0.04200408033	6.344769589e-05	
12.01166083		0.04201653016	6.243277766e-05	
12.0267984		0.04203217174	6.144280365e-05	
12.04193597		0.04205102228	6.047707713e-05	
12.05707354		0.04207309662	5.953493364e-05	
12.07221111		0.04209840652	5.861574652e-05	
12.08734867		0.04212696143	5.771892318e-05	
12.10248624		0.04215877077	5.684389356e-05	
12.11762381		0.04219384635	5.599009613e-05	
12.13276138		0.04223220404	5.515696823e-05	
12.14789895		0.04227386355	5.434394538e-05	
12.16303652		0.04231884648	5.355047017e-05	
12.17817409		0.04236717332	5.277600577e-05	
12.19331166		0.04241886115	5.202004727e-05	
12.20844922		0.04247392289	5.128212449e-05	
12.22358679		0.04253236889	5.056179469e-05	
12.23872436		0.04259420986	4.985862834e-05	
12.25386193		0.04265946013	4.917219486e-05	
12.2689995		0.04272813927	4.850205501e-05	
12.28413707		0.04280027154	4.78477638e-05	
12.29927464		0.04287588305	4.720888218e-05	
12.31441221		0.04295499805	4.658499165e-05	
12.32954977		0.04303763615	4.597570419e-05	
12.34468734		0.04312381181	4.538066243e-05	
12.35982491		0.04321353633	4.479952992e-05	
12.37496248		0.04330682151	4.423197623e-05	
12.39010005		0.04340368273	4.367766371e-05	
12.40523762		0.04350413988	4.313624168e-05	
12.42037519		0.0436082141	4.260734977e-05	
12.43551276		0.04371591996	4.209062711e-05	
12.45065033		0.04382725394	4.158572047e-05	
12.46578789		0.04394218527	4.109228795e-05	
12.48092546		0.04406066769	4.061001007e-05	
12.49606303		0.04418269921	4.013863189e-05	
12.5112006		0.04430839117	3.967800362e-05	
12.52633817		0.04443792026	3.922801582e-05	
12.54147574		0.04457139941	3.878847723e-05	
12.55661331		0.04470885161	3.835910247e-05	
12.57175088		0.04485026689	3.793958055e-05	
12.58688844		0.04499563964	3.752962431e-05	
12.60202601		0.04514497357	3.712898411e-05	
12.61716358		0.0452982775	3.673744289e-05	
12.63230115		0.04545556307	3.635480352e-05	
12.64743872		0.04561684622	3.598087499e-05	
12.66257629		0.04578214981	3.561546155e-05	
12.67771386		0.04595150553	3.525835816e-05	
12.69285143		0.04612495297	3.490935313e-05	
12.70798899		0.04630253574	3.45682367e-05	
12.72312656		0.04648429593	3.423481109e-05	
12.73826413		0.04667026973	3.390889749e-05	
12.7534017		0.04686048589	3.359033642e-05	
12.76853927		0.04705496771	3.327898237e-05	
12.78367684		0.04725373718	3.297469535e-05	
12.79881441		0.04745681996	3.267733299e-05	
12.81395198		0.04766424934	3.238674534e-05	
12.82908954		0.04787606785	3.210277437e-05	
12.84422711		0.04809232531	3.182525816e-05	
12.85936468		0.04831307402	3.155403861e-05	
12.87450225		0.04853836293	3.128896871e-05	
12.88963982		0.04876823382	3.102991653e-05	
12.90477739		0.04900272035	3.077676463e-05	
12.91991496		0.04924184986	3.052940642e-05	
12.93505253		0.04948564647	3.028774121e-05	
12.9501901		0.04973413522	3.005166937e-05	
12.96532766		0.04998734594	2.982108834e-05	
12.98046523		0.05024531577	2.959589083e-05	
12.9956028		0.05050808869	2.937596587e-05	
13.01074037		0.050775713	2.91612021e-05	
13.02587794		0.05104823776	2.89514913e-05	
13.04101551		0.05132571048	2.87467306e-05	
13.05615308		0.05160817588	2.854682303e-05	
13.07129065		0.05189567588	2.835167719e-05	
13.08642821		0.0521882501	2.816120617e-05	
13.10156578		0.05248593732	2.797532622e-05	
13.11670335		0.05278877722	2.779395519e-05	
13.13184092		0.05309681198	2.761701141e-05	
13.14697849		0.05341008682	2.744441321e-05	
13.16211606		0.05372864993	2.727607917e-05	
13.17725363		0.0540525517	2.71119286e-05	
13.1923912		0.05438184398	2.695188214e-05	
13.20752876		0.05471657931	2.679586221e-05	
13.22266633		0.05505681044	2.664379324e-05	
13.2378039		0.05540258993	2.649560186e-05	
13.25294147		0.05575397002	2.635121685e-05	
13.26807904		0.05611100238	2.621056913e-05	
13.28321661		0.0564737381	2.607359165e-05	
13.29835418		0.05684222757	2.594021928e-05	
13.31349175		0.05721652052	2.581038873e-05	
13.32862931		0.05759666583	2.568403837e-05	
13.34376688		0.05798271161	2.55611082e-05	
13.35890445		0.05837470502	2.544153967e-05	
13.37404202		0.05877269231	2.532527565e-05	
13.38917959		0.0591767186	2.521226026e-05	
13.40431716		0.05958682794	2.510243887e-05	
13.41945473		0.06000306306	2.499575793e-05	
13.4345923		0.06042546543	2.4892165e-05	
13.44972986		0.06085407496	2.479160853e-05	
13.46486743		0.06128893006	2.469403794e-05	
13.480005		0.06173006734	2.459940343e-05	
13.49514257		0.06217752163	2.4507656e-05	
13.51028014		0.06263132573	2.441874732e-05	
13.52541771		0.06309151034	2.433262973e-05	
13.54055528		0.06355810383	2.424925612e-05	
13.55569285		0.06403113219	2.416857994e-05	
13.57083042		0.06451061875	2.409055506e-05	
13.58596798		0.06499658415	2.40151358e-05	
13.60110555		0.06548904603	2.394227684e-05	
13.61624312		0.06598801901	2.387193315e-05	
13.63138069		0.06649351439	2.380405997e-05	
13.64651826		0.06700554009	2.373861277e-05	
13.66165583		0.06752410038	2.367554717e-05	
13.6767934		0.06804919579	2.361481894e-05	
13.69193097		0.06858082285	2.35563839e-05	
13.70706853		0.06911897402	2.350019794e-05	
13.7222061		0.0696636374	2.344621697e-05	
13.73734367		0.07021479669	2.339439684e-05	
13.75248124		0.0707724309	2.334469336e-05	
13.76761881		0.07133651431	2.329706225e-05	
13.78275638		0.07190701616	2.325145908e-05	
13.79789395		0.07248390067	2.320783931e-05	
13.81303152		0.07306712674	2.316615821e-05	
13.82816908		0.07365664791	2.312637085e-05	
13.84330665		0.07425241217	2.308843208e-05	
13.85844422		0.07485436187	2.305229655e-05	
13.87358179		0.07546243356	2.301791864e-05	
13.88871936		0.07607655795	2.298525247e-05	
13.90385693		0.07669665971	2.295425191e-05	
13.9189945		0.07732265754	2.292487057e-05	
13.93413207		0.07795446391	2.289706174e-05	
13.94926963		0.07859198518	2.28707785e-05	
13.9644072		0.07923512139	2.284597361e-05	
13.97954477		0.0798837664	2.282259959e-05	
13.99468234		0.0805378077	2.28006087e-05	
14.00981991		0.08119712657	2.277995297e-05	
14.02495748		0.08186159795	2.276058417e-05	
14.04009505		0.08253109062	2.27424539e-05	
14.05523262		0.08320546711	2.272551355e-05	
14.07037019		0.08388458393	2.270971436e-05	
14.08550775		0.08456829147	2.269500743e-05	
14.10064532		0.08525643431	2.268134376e-05	
14.11578289		0.08594885119	2.266867428e-05	
14.13092046		0.08664537529	2.265694991e-05	
14.14605803		0.08734583429	2.264612155e-05	
14.1611956		0.0880500507	2.263614018e-05	
14.17633317		0.08875784194	2.262695688e-05	
14.19147074		0.08946902073	2.26185229e-05	
14.2066083		0.09018339523	2.261078967e-05	
14.22174587		0.09090076946	2.260370894e-05	
14.23688344		0.09162094353	2.259723277e-05	
14.25202101		0.09234371409	2.259131363e-05	
14.26715858		0.09306887461	2.258590447e-05	
14.28229615		0.09379621591	2.25809588e-05	
14.29743372		0.09452552651	2.257643077e-05	
14.31257129		0.09525659322	2.257227526e-05	
14.32770885		0.09598920154	2.256844795e-05	
14.34284642		0.09672313637	2.256490547e-05	
14.35798399		0.09745818245	2.256160545e-05	
14.37312156		0.09819412519	2.255850668e-05	
14.38825913		0.09893075119	2.255556919e-05	
14.4033967		0.09966784918	2.255275442e-05	
14.41853427		0.1004052106	2.255002531e-05	
14.43367184		0.1011426307	2.25473465e-05	
14.4488094		0.1018799092	2.254468445e-05	
14.46394697		0.1026168517	2.254200762e-05	
14.47908454		0.1033532702	2.253928665e-05	
14.49422211		0.1040889847	2.253649455e-05	
14.50935968		0.1048238241	2.253360693e-05	
14.52449725		0.1055576278	2.253060217e-05	
14.53963482		0.1062902469	2.252746169e-05	
14.55477239		0.1070215458	2.252417018e-05	
14.56990995		0.1077514036	2.252071588e-05	
14.58504752		0.108479716	2.251709083e-05	
14.60018509		0.1092063967	2.251329116e-05	
14.61532266		0.1099313798	2.25093174e-05	
14.63046023		0.1106546213	2.250517474e-05	
14.6455978		0.1113761009	2.250087341e-05	
14.66073537		0.1120958246	2.249642888e-05	
14.67587294		0.1128138259	2.249186226e-05	
14.69101051		0.1135301684	2.248720047e-05	
14.70614807		0.1142449473	2.248247656e-05	
14.72128564		0.1149582907	2.247772983e-05	
14.73642321		0.1156703617	2.2473006e-05	
14.75156078		0.1163813584	2.246835722e-05	
14.76669835		0.1170915147	2.246384196e-05	
14.78183592		0.1178010996	2.245952468e-05	
14.79697349		0.1185104154	2.245547546e-05	
14.81211106		0.119219795	2.245176905e-05	
14.82724862		0.1199295965	2.244848388e-05	
14.84238619		0.1206401962	2.244570033e-05	
14.85752376		0.1213519785	2.244349865e-05	
14.87266133		0.1220653216	2.2441956e-05	
14.8877989		0.1227805793	2.24411427e-05	
14.90293647		0.1234980559	2.244111737e-05	
14.91807404		0.1242179754	2.244192074e-05	
14.93321161		0.1249404408	2.244356784e-05	
14.94834917		0.1256653842	2.244603833e-05	
14.96348674		0.1263925044	2.244926471e-05	
14.97862431		0.1271211929	2.24531181e-05	
14.99376188		0.1278504476	2.245739201e-05	
15.00889945		0.1285787811	2.246178463e-05	
15.02403702		0.1293041346	2.2465882e-05	
15.03917459		0.130023825	2.246914624e-05	
15.05431216		0.1307345713	2.247091647e-05	
15.06944972		0.1314326677	2.247043327e-05	
15.08458729		0.1321143743	2.246689753e-05	
15.09972486		0.1327765693	2.24595698e-05	
15.11486243		0.1334175613	2.244788996e-05	
15.13		0.1340476651	2.243438668e-05	
