-15.13		0.9573444216	0.000222436398	
-15.11486243		0.9575754988	0.0002235170142	
-15.09972486		0.9578295323	0.0002245965885	
-15.08458729		0.9581028146	0.0002256783257	
-15.06944972		0.9583901692	0.0002267642308	
-15.05431216		0.9586859187	0.000227855487	
-15.03917459		0.9589846604	0.0002289527669	
-15.02403702		0.9592817211	0.0002300564469	
-15.00889945		0.9595733435	0.0002311667446	
-14.99376188		0.9598566915	0.0002322837963	
-14.97862431		0.9601297593	0.0002334076996	
-14.96348674		0.9603912433	0.0002345385345	
-14.94834917		0.9606404084	0.0002356763749	
-14.93321161		0.9608769659	0.000236821293	
-14.91807404		0.9611009679	0.0002379733622	
-14.90293647		0.9613127201	0.0002391326579	
-14.8877989		0.9615127106	0.000240299258	
-14.87266133		0.9617015529	0.0002414732433	
-14.85752376		0.9618799417	0.0002426546973	
-14.84238619		0.9620486182	0.0002438437063	
-14.82724862		0.962208343	0.0002450403595	
-14.81211106		0.9623598768	0.0002462447487	
-14.79697349		0.962503965	0.0002474569685	
-14.78183592		0.9626413274	0.0002486771161	
-14.76669835		0.9627726508	0.0002499052916	
-14.75156078		0.9628985845	0.0002511415975	
-14.73642321		0.9630197369	0.0002523861391	
-14.72128564		0.9631366752	0.0002536390245	
-14.70614807		0.9632499243	0.0002549003642	
-14.69101051		0.9633599687	0.0002561702719	
-14.67587294		0.9634672529	0.0002574488635	
-14.66073537		0.9635721838	0.0002587362581	
-14.6455978		0.9636751326	0.0002600325776	
-14.63046023		0.9637764372	0.0002613379465	
-14.61532266		0.9638764042	0.0002626524925	
-14.60018509		0.9639753116	0.0002639763463	
-14.58504752		0.964073411	0.0002653096415	
-14.56990995		0.9641709296	0.000266652515	
-14.55477239		0.9642680725	0.0002680051067	
-14.53963482		0.9643650248	0.00026936756	
-14.52449725		0.9644619534	0.0002707400215	
-14.50935968		0.9645590086	0.0002721226414	
-14.49422211		0.9646563257	0.0002735155732	
-14.47908454		0.9647540269	0.0002749189742	
-14.46394697		0.9648522221	0.0002763330054	
-14.4488094		0.9649510106	0.0002777578316	
-14.43367184		0.9650504821	0.0002791936214	
-14.41853427		0.9651507173	0.0002806405478	
-14.4033967		0.9652517897	0.0002820987875	
-14.38825913		0.9653537654	0.0002835685217	
-14.37312156		0.9654567049	0.000285049936	
-14.35798399		0.9655606628	0.0002865432204	
-14.34284642		0.9656656891	0.0002880485696	
-14.32770885		0.9657718294	0.0002895661831	
-14.31257129		0.9658791256	0.0002910962652	
-14.29743372		0.965987616	0.0002926390253	
-14.28229615		0.9660973361	0.0002941946781	
-14.26715858		0.9662083185	0.0002957634435	
-14.25202101		0.9663205936	0.0002973455471	
-14.23688344		0.9664341897	0.0002989412199	
-14.22174587		0.966549133	0.0003005506991	
-14.2066083		0.9666654482	0.0003021742277	
-14.19147074		0.9667831586	0.0003038120549	
-14.17633317		0.9669022859	0.0003054644365	
-14.1611956		0.9670228509	0.0003071316348	
-14.14605803		0.9671448732	0.0003088139188	
-14.13092046		0.9672683715	0.0003105115648	
-14.11578289		0.9673933636	0.0003122248561	
-14.10064532		0.9675198665	0.0003139540837	
-14.08550775		0.9676478965	0.0003156995462	
-14.07037019		0.9677774695	0.0003174615503	
-14.05523262		0.9679086005	0.000319240411	
-14.04009505		0.968041304	0.0003210364516	
-14.02495748		0.9681755942	0.0003228500045	
-14.00981991		0.9683114847	0.0003246814111	
-13.99468234		0.9684489886	0.0003265310225	
-13.97954477		0.9685881188	0.0003283991993	
-13.9644072		0.9687288876	0.0003302863124	
-13.94926963		0.968871307	0.0003321927434	
-13.93413207		0.9690153886	0.0003341188847	
-13.9189945		0.9691611437	0.0003360651401	
-13.90385693		0.9693085833	0.0003380319253	
-13.88871936		0.9694577179	0.0003400196681	
-13.87358179		0.9696085578	0.0003420288095	
-13.85844422		0.9697611129	0.0003440598037	
-13.84330665		0.9699153928	0.0003461131189	
-13.82816908		0.9700714067	0.000348189238	
-13.81303152		0.9702291637	0.0003502886593	
-13.79789395		0.9703886722	0.0003524118971	
-13.78275638		0.9705499406	0.000354559483	
-13.76761881		0.9707129767	0.0003567319662	
-13.75248124		0.9708777882	0.0003589299152	
-13.73734367		0.9710443824	0.0003611539185	
-13.7222061		0.9712127662	0.000363404586	
-13.70706853		0.9713829462	0.0003656825505	
-13.69193097		0.9715549289	0.0003679884693	
-13.6767934		0.9717287203	0.0003703230257	
-13.66165583		0.9719043261	0.0003726869309	
-13.64651826		0.9720817517	0.000375080926	
-13.63138069		0.9722610025	0.0003775057837	
-13.61624312		0.9724420831	0.0003799623095	
-13.60110555		0.9726249984	0.0003824513428	
-13.58596798		0.9728097522	0.000384973756	
-13.57083042		0.9729963481	0.0003875304515	
-13.55569285		0.9731847886	0.0003901223556	
-13.54055528		0.973375075	0.0003927504082	
-13.52541771		0.9735672066	0.000395415548	
-13.51028014		0.9737611802	0.0003981186965	
-13.49514257		0.9739569897	0.0004008607472	
-13.480005		0.9741546263	0.000403642571	
-13.46486743		0.9743540796	0.0004064650491	
-13.44972986		0.9745553394	0.0004093291339	
-13.4345923		0.9747583977	0.0004122359149	
-13.41945473		0.97496325	0.0004151866489	
-13.40431716		0.9751698933	0.0004181827186	
-13.38917959		0.9753783225	0.0004212255197	
-13.37404202		0.9755885263	0.0004243163184	
-13.35890445		0.9758004836	0.0004274561425	
-13.34376688		0.9760141631	0.0004306457648	
-13.32862931		0.976229527	0.0004338858126	
-13.31349175		0.9764465372	0.0004371769904	
-13.29835418		0.9766651629	0.0004405203457	
-13.28321661		0.9768853856	0.0004439174539	
-13.26807904		0.9771071984	0.0004473704075	
-13.25294147		0.9773305983	0.0004508815768	
-13.2378039		0.9775555766	0.0004544532359	
-13.22266633		0.9777821093	0.0004580872219	
-13.20752876		0.9780101534	0.0004617847857	
-13.1923912		0.9782396512	0.0004655467185	
-13.17725363		0.9784705391	0.000469373722	
-13.16211606		0.9787027604	0.0004732668868	
-13.14697849		0.9789362735	0.0004772280698	
-13.13184092		0.9791710532	0.0004812599854	
-13.11670335		0.9794070842	0.0004853659442	
-13.10156578		0.9796443481	0.0004895493453	
-13.08642821		0.9798828113	0.0004938131453	
-13.07129065		0.9801224181	0.0004981595315	
-13.05615308		0.9803630919	0.00050258994	
-13.04101551		0.9806047437	0.0005071054232	
-13.02587794		0.9808472852	0.0005117072341	
-13.01074037		0.9810906397	0.0005163973894	
-12.9956028		0.9813347475	0.0005211789575	
-12.98046523		0.9815795617	0.0005260559246	
-12.96532766		0.9818250373	0.0005310326894	
-12.9501901		0.9820711181	0.0005361134103	
-12.93505253		0.9823177274	0.0005413014901	
-12.91991496		0.9825647663	0.0005465994277	
-12.90477739		0.9828121201	0.0005520091192	
-12.88963982		0.9830596708	0.0005575325122	
-12.87450225		0.9833073092	0.0005631723459	
-12.85936468		0.9835549426	0.0005689326365	
-12.84422711		0.9838024927	0.0005748186516	
-12.82908954		0.9840498848	0.0005808363479	
-12.81395198		0.9842970346	0.0005869915015	
-12.79881441		0.9845438361	0.0005932889239	
-12.78367684		0.9847901585	0.0005997321393	
-12.76853927		0.9850358527	0.0006063237084	
-12.7534017		0.9852807642	0.000613066097	
-12.73826413		0.9855247479	0.0006199627198	
-12.72312656		0.9857676764	0.0006270186768	
-12.70798899		0.9860094391	0.0006342408092	
-12.69285143		0.986249932	0.0006416369967	
-12.67771386		0.9864890429	0.0006492149864	
-12.66257629		0.986726639	0.0006569813031	
-12.64743872		0.9869625635	0.0006649407911	
-12.63230115		0.9871966423	0.0006730970524	
-12.61716358		0.9874286984	0.0006814536163	
-12.60202601		0.9876585662	0.0006900153171	
-12.58688844		0.9878860999	0.0006987892443	
-12.57175088		0.9881111726	0.0007077847922	
-12.55661331		0.9883336652	0.0007170127174	
-12.54147574		0.9885534522	0.0007264835936	
-12.52633817		0.9887703897	0.0007362064012	
-12.5112006		0.9889843127	0.0007461879731	
-12.49606303		0.9891950431	0.0007564336064	
-12.48092546		0.9894024036	0.0007669485744	
-12.46578789		0.9896062308	0.0007777398517	
-12.45065033		0.9898063829	0.0007888172476	
-12.43551276		0.9900027373	0.0008001933622	
-12.42037519		0.9901951796	0.0008118822932	
-12.40523762		0.9903835904	0.0008238976601	
-12.39010005		0.9905678353	0.0008362509367	
-12.37496248		0.9907477649	0.0008489509769	
-12.35982491		0.9909232227	0.0008620050152	
-12.34468734		0.991094059	0.0008754206911	
-12.32954977		0.9912601417	0.0008892081498	
-12.31441221		0.9914213612	0.0009033811919	
-12.29927464		0.9915776258	0.0009179568211	
-12.28413707		0.9917288502	0.0009329533118	
-12.2689995		0.9918749443	0.0009483877372	
-12.25386193		0.992015807	0.0009642742743	
-12.23872436		0.9921513279	0.0009806242209	
-12.22358679		0.9922813976	0.0009974477688	
-12.20844922		0.9924059186	0.001014756678	
-12.19331166		0.9925248129	0.001032566529	
-12.17817409		0.9926380232	0.001050897365	
-12.16303652		0.9927455051	0.001069772285	
-12.14789895		0.9928472167	0.001089214639	
-12.13276138		0.9929431099	0.001109245317	
-12.11762381		0.9930331275	0.001129881626	
-12.10248624		0.9931172069	0.001151138407	
-12.08734867		0.9931952859	0.001173030854	
-12.07221111		0.9932673057	0.00119557755	
-12.05707354		0.9933332055	0.001218802123	
-12.04193597		0.9933929132	0.001242732543	
-12.0267984		0.9934463547	0.001267398385	
-12.01166083		0.9934935227	0.001292827608	
-11.99652326		0.9935345809	0.001319044718	
-11.98138569		0.9935698158	0.001346071206	
-11.96624812		0.9935994021	0.001373927958	
-11.95111056		0.9936233175	0.001402638565	
-11.93597299		0.9936414694	0.001432231723	
-11.92083542		0.993653799	0.001462741142	
-11.90569785		0.9936602977	0.001494202954	
-11.89056028		0.9936609873	0.001526652211	
-11.87542271		0.9936559034	0.00156012058	
-11.86028514		0.9936450879	0.001594636578	
-11.84514757		0.9936285887	0.001630228188	
-11.83001001		0.9936064632	0.001666926266	
-11.81487244		0.9935787802	0.001704766756	
-11.79973487		0.9935456185	0.001743790427	
-11.7845973		0.9935070633	0.001784040375	
-11.76945973		0.9934632014	0.001825558855	
-11.75432216		0.9934141189	0.001868385372	
-11.73918459		0.9933599011	0.001912557144	
-11.72404702		0.9933006356	0.001958111519	
-11.70890945		0.9932364151	0.0020050888	
-11.69377189		0.9931673395	0.002053533755	
-11.67863432		0.9930935148	0.002103494991	
-11.66349675		0.9930150512	0.002155022732	
-11.64835918		0.9929320598	0.002208166463	
-11.63322161		0.9928446512	0.002262973882	
-11.61808404		0.9927529363	0.00231949167	
-11.60294647		0.9926570272	0.00237776743	
-11.5878089		0.9925570393	0.002437851476	
-11.57267134		0.9924530919	0.002499797419	
-11.55753377		0.9923453075	0.002563661302	
-11.5423962		0.9922338102	0.002629500007	
-11.52725863		0.9921187244	0.00269736996	
-11.51212106		0.9920001742	0.002767326875	
-11.49698349		0.9918782834	0.002839426511	
-11.48184592		0.9917531767	0.002913725821	
-11.46670835		0.9916249799	0.00299028369	
-11.45157079		0.9914938202	0.003069160886	
-11.43643322		0.9913598256	0.003150419342	
-11.42129565		0.9912231243	0.003234121299	
-11.40615808		0.9910838436	0.003320328819	
-11.39102051		0.9909421105	0.003409103839	
-11.37588294		0.9907980509	0.003500508601	
-11.36074537		0.9906517906	0.003594606067	
-11.3456078		0.9905034549	0.003691460046	
-11.33047024		0.9903531688	0.00379113496	
-11.31533267		0.9902010564	0.003893695434	
-11.3001951		0.9900472409	0.003999205934	
-11.28505753		0.9898918439	0.004107730603	
-11.26991996		0.9897349859	0.004219333279	
-11.25478239		0.9895767858	0.004334077584	
-11.23964482		0.9894173614	0.004452026937	
-11.22450725		0.9892568288	0.004573244445	
-11.20936968		0.9890953027	0.004697792693	
-11.19423212		0.9889328959	0.004825733513	
-11.17909455		0.9887697197	0.004957127794	
-11.16395698		0.9886058834	0.005092035362	
-11.14881941		0.9884414941	0.005230514883	
-11.13368184		0.9882766573	0.005372623763	
-11.11854427		0.9881114762	0.005518418026	
-11.1034067		0.987946052	0.00566795214	
-11.08826913		0.9877804837	0.005821278856	
-11.07313157		0.9876148683	0.005978449031	
-11.057994		0.9874493002	0.006139511478	
-11.04285643		0.9872838718	0.00630451282	
-11.02771886		0.9871186731	0.006473497347	
-11.01258129		0.9869537916	0.006646506868	
-10.99744372		0.9867893128	0.006823580561	
-10.98230615		0.9866253193	0.007004754818	
-10.96716858		0.9864618916	0.007190063106	
-10.95203102		0.9862991078	0.007379535823	
-10.93689345		0.9861370435	0.007573200168	
-10.92175588		0.9859757717	0.00777108001	
-10.90661831		0.9858153632	0.007973195761	
-10.89148074		0.9856558862	0.00817956426	
-10.87634317		0.9854974065	0.008390198663	
-10.8612056		0.9853399874	0.008605108335	
-10.84606803		0.9851836898	0.008824298769	
-10.83093047		0.9850285723	0.009047771493	
-10.8157929		0.9848746909	0.009275524002	
-10.80065533		0.9847220993	0.009507549697	
-10.78551776		0.9845708489	0.009743837824	
-10.77038019		0.9844209887	0.00998437344	
-10.75524262		0.9842725653	0.01022913738	
-10.74010505		0.9841256231	0.01047810624	
-10.72496748		0.9839802042	0.01073125236	
-10.70982991		0.9838363485	0.01098854388	
-10.69469235		0.9836940937	0.01124994467	
-10.67955478		0.9835534752	0.01151541448	
-10.66441721		0.9834145263	0.01178490886	
-10.64927964		0.9832772784	0.01205837931	
-10.63414207		0.9831417605	0.01233577332	
-10.6190045		0.9830079998	0.01261703443	
-10.60386693		0.9828760213	0.01290210237	
-10.58872936		0.9827458484	0.01319091311	
-10.5735918		0.9826175021	0.01348339902	
-10.55845423		0.9824910019	0.01377948898	
-10.54331666		0.9823663652	0.01407910852	
-10.52817909		0.9822436078	0.01438217996	
-10.51304152		0.9821227435	0.01468862258	
-10.49790395		0.9820037846	0.01499835275	
-10.48276638		0.9818867416	0.01531128415	
-10.46762881		0.9817716234	0.01562732791	
-10.45249125		0.9816584372	0.01594639278	
-10.43735368		0.9815471888	0.01626838538	
-10.42221611		0.9814378822	0.01659321031	
-10.40707854		0.9813305204	0.01692077041	
-10.39194097		0.9812251044	0.01725096692	
-10.3768034		0.9811216342	0.0175836997	
-10.36166583		0.9810201084	0.0179188674	
-10.34652826		0.9809205242	0.01825636768	
-10.3313907		0.9808228775	0.01859609741	
-10.31625313		0.9807271632	0.01893795284	
-10.30111556		0.9806333749	0.01928182983	
-10.28597799		0.9805415051	0.019627624	
-10.27084042		0.9804515452	0.01997523092	
-10.25570285		0.9803634858	0.02032454633	
-10.24056528		0.9802773163	0.02067546627	
-10.22542771		0.9801930254	0.02102788724	
-10.21029015		0.9801106008	0.02138170641	
-10.19515258		0.9800300296	0.02173682175	
-10.18001501		0.9799512979	0.02209313216	
-10.16487744		0.9798743914	0.02245053763	
-10.14973987		0.9797992948	0.02280893937	
-10.1346023		0.9797259922	0.0231682399	
-10.11946473		0.9796544665	0.0235283432	
-10.10432716		0.9795846986	0.02388915478	
-10.08918959		0.9795166663	0.02425058171	
-10.07405203		0.97945034	0.02461253265	
-10.05891446		0.9793856774	0.02497491772	
-10.04377689		0.9793226137	0.02533764835	
-10.02863932		0.9792610603	0.02570063724	
-10.01350175		0.9792009374	0.02606379922	
-9.998364182		0.979142259	0.02642705364	
-9.983226613		0.9790851715	0.0267903256	
-9.968089045		0.9790298294	0.02715354281	
-9.952951476		0.9789762684	0.02751663206	
-9.937813907		0.9789244338	0.02787951982	
-9.922676338		0.9788742545	0.02824213418	
-9.907538769		0.9788256756	0.02860440587	
-9.892401201		0.9787786607	0.02896626823	
-9.877263632		0.9787331855	0.02932765716	
-9.862126063		0.9786892331	0.02968851088	
-9.846988494		0.9786467908	0.03004876991	
-9.831850925		0.9786058486	0.03040837696	
-9.816713357		0.9785663985	0.03076727688	
-9.801575788		0.9785284342	0.03112541663	
-9.786438219		0.9784919506	0.03148274524	
-9.77130065		0.978456944	0.03183921377	
-9.756163082		0.9784234121	0.03219477525	
-9.741025513		0.9783913538	0.03254938464	
-9.725887944		0.9783607693	0.03290299881	
-9.710750375		0.9783316601	0.03325557643	
-9.695612806		0.9783040287	0.03360707797	
-9.680475238		0.9782778789	0.03395746562	
-9.665337669		0.9782532155	0.03430670323	
-9.6502001		0.9782300443	0.03465475626	
-9.635062531		0.9782083719	0.03500159171	
-9.619924962		0.978188206	0.03534717805	
-9.604787394		0.9781695546	0.03569148518	
-9.589649825		0.9781524265	0.03603448433	
-9.574512256		0.9781368308	0.03637614803	
-9.559374687		0.9781227769	0.03671645	
-9.544237119		0.9781102745	0.03705536514	
-9.52909955		0.9780993331	0.03739286942	
-9.513961981		0.9780899623	0.0377289398	
-9.498824412		0.9780821711	0.03806355423	
-9.483686843		0.9780759685	0.03839669152	
-9.468549275		0.9780713625	0.03872833129	
-9.453411706		0.9780683608	0.03905845396	
-9.438274137		0.9780669701	0.03938704059	
-9.423136568		0.9780671962	0.03971407292	
-9.407998999		0.978069044	0.04003953323	
-9.392861431		0.9780725171	0.04036340436	
-9.377723862		0.9780776182	0.04068566958	
-9.362586293		0.9780843484	0.04100631261	
-9.347448724		0.9780927078	0.0413253175	
-9.332311156		0.9781026949	0.04164266864	
-9.317173587		0.9781143069	0.0419583507	
-9.302036018		0.9781275396	0.04227234857	
-9.286898449		0.9781423874	0.04258464733	
-9.27176088		0.9781588433	0.04289523222	
-9.256623312		0.9781768987	0.04320408861	
-9.241485743		0.9781965438	0.04351120196	
-9.226348174		0.9782177674	0.04381655779	
-9.211210605		0.978240557	0.04412014165	
-9.196073037		0.9782648986	0.04442193911	
-9.180935468		0.9782907774	0.04472193574	
-9.165797899		0.978318177	0.04502011706	
-9.15066033		0.9783470801	0.04531646858	
-9.135522761		0.9783774683	0.04561097573	
-9.120385193		0.9784093222	0.04590362388	
-9.105247624		0.9784426215	0.04619439833	
-9.090110055		0.9784773451	0.04648328428	
-9.074972486		0.978513471	0.04677026686	
-9.059834917		0.9785509766	0.04705533108	
-9.044697349		0.9785898386	0.04733846189	
-9.02955978		0.9786300331	0.04761964413	
-9.014422211		0.9786715357	0.04789886252	
-8.999284642		0.9787143215	0.04817610174	
-8.984147074		0.9787583654	0.04845134634	
-8.969009505		0.9788036417	0.04872458083	
-8.953871936		0.9788501247	0.0489957896	
-8.938734367		0.9788977881	0.04926495702	
-8.923596798		0.9789466059	0.04953206738	
-8.90845923		0.9789965517	0.04979710493	
-8.893321661		0.9790475989	0.05006005389	
-8.878184092		0.9790997211	0.05032089847	
-8.863046523		0.9791528917	0.05057962284	
-8.847908954		0.9792070844	0.0508362112	
-8.832771386		0.9792622726	0.05109064777	
-8.817633817		0.9793184302	0.0513429168	
-8.802496248		0.9793755307	0.05159300258	
-8.787358679		0.9794335483	0.05184088948	
-8.772221111		0.979492457	0.05208656194	
-8.757083542		0.979552231	0.05233000452	
-8.741945973		0.9796128449	0.05257120186	
-8.726808404		0.9796742732	0.05281013877	
-8.711670835		0.979736491	0.05304680018	
-8.696533267		0.9797994733	0.05328117122	
-8.681395698		0.9798631955	0.05351323717	
-8.666258129		0.9799276333	0.05374298354	
-8.65112056		0.9799927624	0.05397039604	
-8.635982991		0.9800585591	0.05419546064	
-8.620845423		0.9801249997	0.05441816356	
-8.605707854		0.9801920609	0.05463849128	
-8.590570285		0.9802597195	0.05485643059	
-8.575432716		0.9803279529	0.05507196857	
-8.560295148		0.9803967383	0.05528509265	
-8.545157579		0.9804660535	0.05549579058	
-8.53002001		0.9805358765	0.05570405049	
-8.514882441		0.9806061854	0.05590986087	
-8.499744872		0.9806769587	0.05611321061	
-8.484607304		0.9807481752	0.05631408901	
-8.469469735		0.9808198136	0.05651248578	
-8.454332166		0.9808918533	0.05670839109	
-8.439194597		0.9809642736	0.05690179556	
-8.424057029		0.9810370542	0.05709269026	
-8.40891946		0.9811101749	0.05728106676	
-8.393781891		0.9811836158	0.05746691712	
-8.378644322		0.9812573571	0.05765023391	
-8.363506753		0.9813313793	0.05783101023	
-8.348369185		0.9814056631	0.05800923968	
-8.333231616		0.9814801894	0.05818491645	
-8.318094047		0.9815549391	0.05835803525	
-8.302956478		0.9816298936	0.05852859139	
-8.287818909		0.9817050342	0.05869658072	
-8.272681341		0.9817803425	0.0588619997	
-8.257543772		0.9818558002	0.05902484539	
-8.242406203		0.9819313892	0.05918511543	
-8.227268634		0.9820070915	0.05934280809	
-8.212131066		0.9820828893	0.05949792225	
-8.196993497		0.9821587649	0.05965045742	
-8.181855928		0.9822347009	0.05980041374	
-8.166718359		0.9823106796	0.05994779198	
-8.15158079		0.982386684	0.06009259356	
-8.136443222		0.9824626968	0.06023482054	
-8.121305653		0.982538701	0.06037447563	
-8.106168084		0.9826146796	0.0605115622	
-8.091030515		0.9826906159	0.06064608427	
-8.075892946		0.982766493	0.0607780465	
-8.060755378		0.9828422944	0.06090745423	
-8.045617809		0.9829180036	0.06103431346	
-8.03048024		0.9829936041	0.06115863083	
-8.015342671		0.9830690797	0.06128041365	
-8.000205103		0.983144414	0.06139966989	
-7.985067534		0.983219591	0.06151640817	
-7.969929965		0.9832945945	0.06163063777	
-7.954792396		0.9833694085	0.0617423686	
-7.939654827		0.9834440172	0.06185161124	
-7.924517259		0.9835184048	0.06195837692	
-7.90937969		0.9835925553	0.06206267747	
-7.894242121		0.9836664532	0.0621645254	
-7.879104552		0.9837400829	0.06226393382	
-7.863966983		0.9838134287	0.06236091648	
-7.848829415		0.9838864751	0.06245548773	
-7.833691846		0.9839592068	0.06254766254	
-7.818554277		0.9840316084	0.06263745648	
-7.803416708		0.9841036645	0.06272488572	
-7.78827914		0.98417536	0.06280996701	
-7.773141571		0.9842466795	0.06289271768	
-7.758004002		0.9843176079	0.06297315563	
-7.742866433		0.9843881303	0.0630512993	
-7.727728864		0.9844582314	0.06312716772	
-7.712591296		0.9845278963	0.06320078043	
-7.697453727		0.9845971101	0.0632721575	
-7.682316158		0.9846658578	0.06334131951	
-7.667178589		0.9847341246	0.06340828758	
-7.652041021		0.9848018956	0.06347308328	
-7.636903452		0.9848691562	0.0635357287	
-7.621765883		0.9849358915	0.06359624637	
-7.606628314		0.9850020869	0.06365465929	
-7.591490745		0.9850677276	0.06371099092	
-7.576353177		0.9851327991	0.06376526512	
-7.561215608		0.9851972868	0.06381750619	
-7.546078039		0.9852611761	0.06386773883	
-7.53094047		0.9853244524	0.06391598813	
-7.515802901		0.9853871013	0.06396227954	
-7.500665333		0.9854491083	0.0640066389	
-7.485527764		0.9855104589	0.06404909238	
-7.470390195		0.9855711387	0.06408966649	
-7.455252626		0.9856311334	0.06412838804	
-7.440115058		0.9856904285	0.06416528416	
-7.424977489		0.9857490097	0.06420038227	
-7.40983992		0.9858068626	0.06423371005	
-7.394702351		0.985863973	0.06426529545	
-7.379564782		0.9859203265	0.06429516665	
-7.364427214		0.9859759088	0.06432335205	
-7.349289645		0.9860307057	0.06434988028	
-7.334152076		0.9860847029	0.06437478016	
-7.319014507		0.9861378862	0.06439808067	
-7.303876938		0.9861902413	0.06441981098	
-7.28873937		0.9862417539	0.06444000039	
-7.273601801		0.9862924099	0.06445867834	
-7.258464232		0.9863421949	0.06447587438	
-7.243326663		0.9863910949	0.06449161818	
-7.228189095		0.9864390954	0.06450593947	
-7.213051526		0.9864861824	0.06451886808	
-7.197913957		0.9865323415	0.06453043388	
-7.182776388		0.9865775585	0.0645406668	
-7.167638819		0.9866218192	0.06454959678	
-7.152501251		0.9866651092	0.06455725379	
-7.137363682		0.9867074142	0.0645636678	
-7.122226113		0.9867487201	0.06456886876	
-7.107088544		0.9867890123	0.06457288662	
-7.091950975		0.9868282766	0.06457575127	
-7.076813407		0.9868664987	0.06457749257	
-7.061675838		0.986903664	0.0645781403	
-7.046538269		0.9869397582	0.0645777242	
-7.0314007		0.9869747669	0.0645762739	
-7.016263132		0.9870086754	0.06457381895	
-7.001125563		0.9870414694	0.06457038878	
-6.985987994		0.9870731343	0.06456601272	
-6.970850425		0.9871036554	0.06456071996	
-6.955712856		0.9871330182	0.06455453956	
-6.940575288		0.9871612081	0.06454750041	
-6.925437719		0.9871882103	0.06453963124	
-6.91030015		0.9872140102	0.06453096061	
-6.895162581		0.987238593	0.06452151687	
-6.880025013		0.987261944	0.06451132816	
-6.864887444		0.9872840482	0.06450042239	
-6.849749875		0.9873048913	0.06448882727	
-6.834612306		0.9873244581	0.06447657018	
-6.819474737		0.9873427338	0.06446367827	
-6.804337169		0.9873597037	0.06445017838	
-6.7891996		0.9873753527	0.06443609702	
-6.774062031		0.9873896661	0.06442146039	
-6.758924462		0.9874026289	0.0644062943	
-6.743786893		0.987414226	0.06439062421	
-6.728649325		0.9874244427	0.06437447521	
-6.713511756		0.9874332639	0.06435787194	
-6.698374187		0.9874406744	0.06434083867	
-6.683236618		0.9874466593	0.06432339923	
-6.66809905		0.9874512034	0.06430557701	
-6.652961481		0.9874542914	0.06428739498	
-6.637823912		0.987455908	0.06426887569	
-6.622686343		0.9874560379	0.06425004125	
-6.607548774		0.9874546655	0.06423091339	
-6.592411206		0.9874517752	0.06421151341	
-6.577273637		0.9874473512	0.06419186225	
-6.562136068		0.9874413776	0.06417198051	
-6.546998499		0.9874338384	0.06415188841	
-6.53186093		0.9874247173	0.0641316059	
-6.516723362		0.987413998	0.0641111526	
-6.501585793		0.987401664	0.06409054783	
-6.486448224		0.9873876985	0.06406981063	
-6.471310655		0.9873720848	0.06404895975	
-6.456173087		0.9873548059	0.0640280136	
-6.441035518		0.9873358449	0.06400699025	
-6.425897949		0.9873151847	0.06398590735	
-6.41076038		0.9872928081	0.06396478208	
-6.395622811		0.9872686982	0.06394363107	
-6.380485243		0.9872428379	0.0639224703	
-6.365347674		0.9872152102	0.06390131498	
-6.350210105		0.9871857982	0.06388017949	
-6.335072536		0.9871545851	0.0638590772	
-6.319934967		0.9871215544	0.06383802042	
-6.304797399		0.9870866896	0.0638170203	
-6.28965983		0.9870499744	0.06379608676	
-6.274522261		0.9870113925	0.06377522845	
-6.259384692		0.9869709277	0.06375445275	
-6.244247124		0.9869285641	0.06373376581	
-6.229109555		0.9868842855	0.06371317263	
-6.213971986		0.9868380757	0.06369267716	
-6.198834417		0.9867899184	0.06367228248	
-6.183696848		0.986739797	0.06365199098	
-6.16855928		0.9866876947	0.06363180456	
-6.153421711		0.9866335943	0.06361172482	
-6.138284142		0.9865774782	0.06359175332	
-6.123146573		0.9865193285	0.06357189171	
-6.108009005		0.9864591266	0.06355214195	
-6.092871436		0.9863968536	0.06353250634	
-6.077733867		0.9863324903	0.06351298766	
-6.062596298		0.9862660169	0.06349358912	
-6.047458729		0.9861974134	0.0634743143	
-6.032321161		0.9861266595	0.0634551671	
-6.017183592		0.9860537349	0.06343615154	
-6.002046023		0.985978619	0.0634172716	
-5.986908454		0.9859012914	0.06339853103	
-5.971770885		0.9858217317	0.06337993318	
-5.956633317		0.9857399195	0.06336148076	
-5.941495748		0.9856558348	0.06334317576	
-5.926358179		0.9855694577	0.06332501932	
-5.91122061		0.9854807686	0.06330701162	
-5.896083042		0.9853897479	0.06328915192	
-5.880945473		0.9852963765	0.06327143856	
-5.865807904		0.9852006351	0.06325386899	
-5.850670335		0.9851025047	0.06323643993	
-5.835532766		0.9850019663	0.06321914739	
-5.820395198		0.9848990008	0.06320198687	
-5.805257629		0.9847935889	0.06318495344	
-5.79012006		0.9846857114	0.06316804185	
-5.774982491		0.9845753487	0.06315124663	
-5.759844922		0.9844624811	0.06313456215	
-5.744707354		0.9843470887	0.06311798265	
-5.729569785		0.9842291512	0.06310150229	
-5.714432216		0.9841086481	0.06308511512	
-5.699294647		0.9839855588	0.06306881502	
-5.684157079		0.9838598623	0.0630525957	
-5.66901951		0.9837315376	0.06303645062	
-5.653881941		0.9836005634	0.06302037289	
-5.638744372		0.9834669184	0.06300435526	
-5.623606803		0.9833305812	0.06298839	
-5.608469235		0.9831915302	0.06297246883	
-5.593331666		0.9830497439	0.06295658292	
-5.578194097		0.9829052009	0.06294072279	
-5.563056528		0.9827578796	0.06292487831	
-5.547918959		0.9826077585	0.06290903866	
-5.532781391		0.9824548163	0.06289319234	
-5.517643822		0.9822990314	0.06287732718	
-5.502506253		0.9821403826	0.0628614303	
-5.487368684		0.9819788485	0.06284548821	
-5.472231116		0.9818144078	0.06282948679	
-5.457093547		0.9816470393	0.06281341132	
-5.441955978		0.9814767216	0.06279724655	
-5.426818409		0.9813034336	0.06278097669	
-5.41168084		0.9811271541	0.06276458552	
-5.396543272		0.9809478618	0.06274805634	
-5.381405703		0.9807655356	0.06273137207	
-5.366268134		0.9805801544	0.06271451526	
-5.351130565		0.9803916969	0.06269746812	
-5.335992996		0.9802001422	0.06268021254	
-5.320855428		0.9800054693	0.06266273013	
-5.305717859		0.9798076571	0.06264500224	
-5.29058029		0.9796066848	0.06262700995	
-5.275442721		0.9794025316	0.06260873411	
-5.260305153		0.9791951768	0.06259015535	
-5.245167584		0.9789846	0.06257125408	
-5.230030015		0.9787707805	0.06255201049	
-5.214892446		0.9785536981	0.06253240455	
-5.199754877		0.9783333325	0.06251241607	
-5.184617309		0.9781096635	0.0624920246	
-5.16947974		0.977882671	0.06247120953	
-5.154342171		0.977652335	0.06244995003	
-5.139204602		0.9774186353	0.06242822506	
-5.124067034		0.977181552	0.06240601341	
-5.108929465		0.9769410649	0.06238329364	
-5.093791896		0.9766971539	0.06236004413	
-5.078654327		0.9764497989	0.06233624305	
-5.063516758		0.9761989797	0.0623118684	
-5.04837919		0.9759446757	0.062286898	
-5.033241621		0.9756868668	0.06226130948	
-5.018104052		0.9754255322	0.06223508034	
-5.002966483		0.9751606517	0.06220818791	
-4.987828914		0.9748922046	0.06218060939	
-4.972691346		0.9746201704	0.0621523219	
-4.957553777		0.9743445287	0.06212330243	
-4.942416208		0.9740652592	0.0620935279	
-4.927278639		0.9737823416	0.06206297518	
-4.912141071		0.9734957558	0.06203162111	
-4.897003502		0.9732054822	0.06199944251	
-4.881865933		0.9729115011	0.0619664162	
-4.866728364		0.9726137931	0.061932519	
-4.851590795		0.9723123393	0.06189772779	
-4.836453227		0.9720071207	0.06186201948	
-4.821315658		0.971698119	0.06182537105	
-4.806178089		0.9713853157	0.06178775955	
-4.79104052		0.9710686928	0.06174916211	
-4.775902951		0.9707482324	0.06170955593	
-4.760765383		0.9704239167	0.06166891834	
-4.745627814		0.9700957281	0.06162722674	
-4.730490245		0.969763649	0.06158445865	
-4.715352676		0.9694276621	0.06154059173	
-4.700215108		0.9690877498	0.06149560372	
-4.685077539		0.9687438948	0.06144947254	
-4.66993997		0.9683960796	0.06140217622	
-4.654802401		0.9680442869	0.06135369294	
-4.639664832		0.9676884994	0.06130400105	
-4.624527264		0.9673286996	0.06125307909	
-4.609389695		0.9669648701	0.06120090577	
-4.594252126		0.9665969938	0.06114745998	
-4.579114557		0.9662250533	0.06109272085	
-4.563976988		0.9658490314	0.06103666773	
-4.54883942		0.9654689111	0.06097928019	
-4.533701851		0.9650846752	0.06092053809	
-4.518564282		0.964696307	0.06086042152	
-4.503426713		0.9643037895	0.06079891086	
-4.488289145		0.9639071063	0.06073598679	
-4.473151576		0.9635062408	0.06067163031	
-4.458014007		0.9631011767	0.0606058227	
-4.442876438		0.9626918978	0.06053854559	
-4.427738869		0.9622783881	0.06046978096	
-4.412601301		0.9618606317	0.06039951112	
-4.397463732		0.961438613	0.06032771875	
-4.382326163		0.9610123162	0.06025438689	
-4.367188594		0.9605817261	0.06017949899	
-4.352051026		0.9601468273	0.06010303883	
-4.336913457		0.9597076046	0.06002499064	
-4.321775888		0.959264043	0.05994533903	
-4.306638319		0.9588161276	0.05986406901	
-4.29150075		0.9583638434	0.05978116602	
-4.276363182		0.9579071758	0.05969661594	
-4.261225613		0.9574461101	0.05961040504	
-4.246088044		0.9569806318	0.05952252008	
-4.230950475		0.9565107263	0.05943294822	
-4.215812906		0.9560363791	0.0593416771	
-4.200675338		0.955557576	0.05924869481	
-4.185537769		0.9550743027	0.0591539899	
-4.1704002		0.9545865449	0.05905755138	
-4.155262631		0.9540942885	0.05895936876	
-4.140125063		0.9535975193	0.058859432	
-4.124987494		0.9530962008	0.05875772808	
-4.109849925		0.952590365	0.05865425481	
-4.094712356		0.9520799746	0.05854900025	
-4.079574787		0.9515650157	0.05844195634	
-4.064437219		0.9510454743	0.0583331155	
-4.04929965		0.9505213367	0.05822247067	
-4.034162081		0.9499925892	0.05811001527	
-4.019024512		0.9494592179	0.05799574325	
-4.003886943		0.9489212091	0.05787964905	
-3.988749375		0.9483785494	0.05776172764	
-3.973611806		0.9478312249	0.05764197449	
-3.958474237		0.9472792222	0.05752038555	
-3.943336668		0.9467225277	0.05739695732	
-3.9281991		0.9461611279	0.05727168679	
-3.913061531		0.9455950094	0.05714457145	
-3.897923962		0.9450241585	0.05701560929	
-3.882786393		0.9444485618	0.05688479881	
-3.867648824		0.9438682059	0.056752139	
-3.852511256		0.9432830772	0.05661762933	
-3.837373687		0.9426931623	0.05648126978	
-3.822236118		0.9420984477	0.0563430608	
-3.807098549		0.9414989198	0.05620300332	
-3.79196098		0.9408945651	0.05606109872	
-3.776823412		0.9402853699	0.05591734888	
-3.761685843		0.9396713207	0.0557717561	
-3.746548274		0.9390524037	0.05562432314	
-3.731410705		0.9384286053	0.0554750532	
-3.716273137		0.9377999115	0.05532394992	
-3.701135568		0.9371663085	0.05517101733	
-3.685997999		0.9365277823	0.05501625989	
-3.67086043		0.9358843188	0.05485968245	
-3.655722861		0.9352359039	0.05470129026	
-3.640585293		0.9345825232	0.0545410889	
-3.625447724		0.9339241624	0.05437908437	
-3.610310155		0.933260807	0.05421528296	
-3.595172586		0.9325924422	0.05404969132	
-3.580035018		0.9319190532	0.05388231641	
-3.564897449		0.931240625	0.05371316549	
-3.54975988		0.9305571425	0.05354224611	
-3.534622311		0.9298685901	0.05336956606	
-3.519484742		0.9291749525	0.05319513341	
-3.504347174		0.9284762137	0.05301895644	
-3.489209605		0.9277723578	0.05284104366	
-3.474072036		0.9270633685	0.05266140375	
-3.458934467		0.9263492292	0.05248004556	
-3.443796898		0.925629923	0.05229697812	
-3.42865933		0.924905433	0.05211221055	
-3.413521761		0.9241757416	0.05192575209	
-3.398384192		0.923440831	0.05173761208	
-3.383246623		0.9227006832	0.05154779989	
-3.368109055		0.9219552796	0.05135632494	
-3.352971486		0.9212046013	0.05116319664	
-3.337833917		0.9204486289	0.05096842442	
-3.322696348		0.9196873426	0.05077201764	
-3.307558779		0.9189207223	0.05057398558	
-3.292421211		0.9181487471	0.05037433744	
-3.277283642		0.9173713957	0.05017308231	
-3.262146073		0.9165886462	0.04997022909	
-3.247008504		0.9158004762	0.04976578651	
-3.231870935		0.9150068627	0.0495597631	
-3.216733367		0.9142077818	0.04935216713	
-3.201595798		0.9134032092	0.04914300661	
-3.186458229		0.9125931197	0.04893228922	
-3.17132066		0.9117774873	0.04872002233	
-3.156183092		0.9109562853	0.04850621293	
-3.141045523		0.910129486	0.04829086759	
-3.125907954		0.909297061	0.04807399246	
-3.110770385		0.9084589807	0.04785559324	
-3.095632816		0.9076152148	0.04763567508	
-3.080495248		0.9067657315	0.04741424264	
-3.065357679		0.9059104984	0.04719129998	
-3.05022011		0.9050494816	0.04696685057	
-3.035082541		0.904182646	0.04674089723	
-3.019944972		0.9033099553	0.04651344211	
-3.004807404		0.9024313719	0.04628448665	
-2.989669835		0.9015468566	0.04605403156	
-2.974532266		0.9006563687	0.04582207674	
-2.959394697		0.8997598662	0.04558862132	
-2.944257129		0.8988573051	0.04535366354	
-2.92911956		0.8979486399	0.04511720081	
-2.913981991		0.8970338231	0.04487922958	
-2.898844422		0.8961128054	0.04463974539	
-2.883706853		0.8951855356	0.04439874278	
-2.868569285		0.8942519602	0.04415621531	
-2.853431716		0.8933120235	0.04391215548	
-2.838294147		0.8923656676	0.04366655473	
-2.823156578		0.8914128321	0.04341940341	
-2.80801901		0.8904534541	0.04317069076	
-2.792881441		0.8894874681	0.04292040485	
-2.777743872		0.8885148057	0.04266853261	
-2.762606303		0.8875353956	0.04241505976	
-2.747468734		0.8865491636	0.04215997085	
-2.732331166		0.885556032	0.04190324917	
-2.717193597		0.8845559201	0.0416448768	
-2.702056028		0.8835487436	0.04138483455	
-2.686918459		0.8825344144	0.04112310201	
-2.67178089		0.8815128407	0.04085965749	
-2.656643322		0.8804839269	0.04059447806	
-2.641505753		0.8794475729	0.04032753952	
-2.626368184		0.8784036746	0.04005881644	
-2.611230615		0.8773521231	0.03978828216	
-2.596093047		0.8762928049	0.03951590881	
-2.580955478		0.8752256016	0.03924166734	
-2.565817909		0.8741503897	0.03896552754	
-2.55068034		0.8730670403	0.03868745809	
-2.535542771		0.8719754188	0.03840742659	
-2.520405203		0.870875385	0.03812539963	
-2.505267634		0.8697667926	0.03784134284	
-2.490130065		0.8686494891	0.03755522096	
-2.474992496		0.8675233153	0.0372669979	
-2.459854927		0.8663881054	0.03697663688	
-2.444717359		0.8652436863	0.03668410047	
-2.42957979		0.864089878	0.03638935072	
-2.414442221		0.8629264924	0.03609234929	
-2.399304652		0.8617533338	0.03579305757	
-2.384167084		0.8605701984	0.03549143682	
-2.369029515		0.8593768737	0.03518744833	
-2.353891946		0.8581731386	0.0348810536	
-2.338754377		0.8569587628	0.03457221451	
-2.323616808		0.8557335065	0.03426089354	
-2.30847924		0.8544971204	0.03394705395	
-2.293341671		0.8532493449	0.03363066002	
-2.278204102		0.8519899101	0.03331167732	
-2.263066533		0.8507185354	0.03299007293	
-2.247928964		0.849434929	0.03266581573	
-2.232791396		0.8481387876	0.03233887672	
-2.217653827		0.8468297964	0.03200922928	
-2.202516258		0.845507628	0.0316768495	
-2.187378689		0.8441719428	0.03134171656	
-2.172241121		0.8428223882	0.03100381304	
-2.157103552		0.8414585984	0.03066312528	
-2.141965983		0.8400801939	0.03031964382	
-2.126828414		0.8386867814	0.02997336372	
-2.111690845		0.8372779529	0.029624285	
-2.096553277		0.8358532862	0.02927241306	
-2.081415708		0.8344123435	0.02891775908	
-2.066278139		0.832954672	0.02856034047	
-2.05114057		0.8314798029	0.02820018127	
-2.036003002		0.8299872515	0.02783731262	
-2.020865433		0.8284765165	0.02747177316	
-2.005727864		0.8269470798	0.02710360946	
-1.990590295		0.8253984066	0.02673287645	
-1.975452726		0.8238299445	0.02635963784	
-1.960315158		0.8222411235	0.02598396645	
-1.945177589		0.820631356	0.02560594464	
-1.93004002		0.8190000362	0.02522566464	
-1.914902451		0.8173465402	0.02484322884	
-1.899764882		0.8156702259	0.02445875013	
-1.884627314		0.8139704325	0.02407235205	
-1.869489745		0.8122464811	0.02368416909	
-1.854352176		0.8104976742	0.02329434676	
-1.839214607		0.8087232959	0.02290304174	
-1.824077039		0.8069226125	0.02251042187	
-1.80893947		0.805094872	0.02211666615	
-1.793801901		0.8032393051	0.02172196464	
-1.778664332		0.8013551253	0.02132651827	
-1.763526763		0.7994415298	0.02093053859	
-1.748389195		0.7974976999	0.02053424748	
-1.733251626		0.7955228019	0.02013787669	
-1.718114057		0.7935159884	0.01974166735	
-1.702976488		0.7914763994	0.01934586942	
-1.687838919		0.7894031636	0.01895074099	
-1.672701351		0.7872954002	0.01855654754	
-1.657563782		0.785152221	0.0181635611	
-1.642426213		0.7829727321	0.01777205932	
-1.627288644		0.7807560369	0.01738232453	
-1.612151076		0.7785012384	0.01699464261	
-1.597013507		0.7762074428	0.01660930192	
-1.581875938		0.7738737626	0.01622659211	
-1.566738369		0.7714993205	0.01584680289	
-1.5516008		0.7690832539	0.0154702228	
-1.536463232		0.7666247193	0.01509713788	
-1.521325663		0.7641228974	0.01472783044	
-1.506188094		0.7615769988	0.01436257774	
-1.491050525		0.7589862697	0.0140016507	
-1.475912956		0.7563499985	0.01364531267	
-1.460775388		0.7536675227	0.01329381824	
-1.445637819		0.7509382359	0.01294741203	
-1.43050025		0.7481615959	0.01260632766	
-1.415362681		0.7453371325	0.01227078669	
-1.400225113		0.742464456	0.0119409977	
-1.385087544		0.739543266	0.01161715549	
-1.369949975		0.7365733608	0.01129944032	
-1.354812406		0.733554646	0.01098801731	
-1.339674837		0.7304871444	0.01068303593	
-1.324537269		0.7273710054	0.01038462962	
-1.3093997		0.7242065139	0.01009291554	
-1.294262131		0.7209941004	0.009807994372	
-1.279124562		0.7177343488	0.009529950359	
-1.263986993		0.7144280058	0.009258851327	
-1.248849425		0.7110759878	0.008994748892	
-1.233711856		0.7076793873	0.008737678724	
-1.218574287		0.7042394774	0.008487660903	
-1.203436718		0.7007577123	0.00824470033	
-1.18829915		0.697235722	0.008008787154	
-1.173161581		0.6936752935	0.00777989716	
-1.158024012		0.6900783291	0.00755799199	
-1.142886443		0.6864467542	0.007343018962	
-1.127748874		0.682782327	0.00713491003	
-1.112611306		0.6790862474	0.006933579012	
-1.097473737		0.6753583743	0.006738915418	
-1.082336168		0.6715957111	0.006550772151	
-1.067198599		0.6677897173	0.006368943818	
-1.052061031		0.6639224787	0.006193137434	
-1.036923462		0.6599647095	0.006022963864	
-1.021785893		0.6558866462	0.005858045729	
-1.006648324		0.6516964593	0.005698352456	
-0.9915107554		0.6474786582	0.005544493631	
-0.9763731866		0.643350177	0.005397285618	
-0.9612356178		0.6393658398	0.005256953608	
-0.946098049		0.6355071437	0.005123099374	
-0.9309604802		0.631734085	0.004995171598	
-0.9158229115		0.628017036	0.004872728297	
-0.9006853427		0.6243406855	0.00475545735	
-0.8855477739		0.6206992188	0.004643129259	
-0.8704102051		0.6170918664	0.004535557676	
-0.8552726363		0.6135202709	0.004432577202	
-0.8401350675		0.6099871362	0.004334032582	
-0.8249974987		0.6064955709	0.004239773833	
-0.80985993		0.6030487734	0.004149654195	
-0.7947223612		0.599649878	0.004063529364	
-0.7795847924		0.5963018763	0.003981257289	
-0.7644472236		0.593007575	0.003902698209	
-0.7493096548		0.589769571	0.003827714778	
-0.734172086		0.5865902347	0.003756172222	
-0.7190345173		0.5834717001	0.003687938494	
-0.7038969485		0.5804158575	0.003622884414	
-0.6887593797		0.5774243489	0.003560883797	
-0.6736218109		0.5744985668	0.003501813553	
-0.6584842421		0.5716396541	0.003445553785	
-0.6433466733		0.5688485068	0.003391987848	
-0.6282091046		0.5661257777	0.003341002414	
-0.6130715358		0.5634718827	0.003292487503	
-0.597933967		0.5608870081	0.003246336513	
-0.5827963982		0.5583711188	0.00320244623	
-0.5676588294		0.5559239687	0.003160716826	
-0.5525212606		0.5535451109	0.003121051855	
-0.5373836918		0.5512339092	0.003083358224	
-0.5222461231		0.5489895505	0.003047546169	
-0.5071085543		0.5468110567	0.003013529219	
-0.4919709855		0.5446972977	0.002981224147	
-0.4768334167		0.5426470038	0.002950550927	
-0.4616958479		0.5406587788	0.002921432672	
-0.4465582791		0.538731112	0.002893795579	
-0.4314207104		0.5368623905	0.002867568864	
-0.4162831416		0.5350509109	0.002842684693	
-0.4011455728		0.5332948908	0.002819078117	
-0.386008004		0.5315924789	0.002796686997	
-0.3708704352		0.5299417659	0.002775451932	
-0.3557328664		0.528340793	0.002755316184	
-0.3405952976		0.5267875613	0.002736225606	
-0.3254577289		0.5252800398	0.002718128564	
-0.3103201601		0.5238161722	0.002700975861	
-0.2951825913		0.5223938839	0.002684720668	
-0.2800450225		0.5210110879	0.002669318441	
-0.2649074537		0.5196656899	0.002654726857	
-0.2497698849		0.5183555928	0.002640905736	
-0.2346323162		0.5170787004	0.002627816972	
-0.2194947474		0.515832921	0.002615424464	
-0.2043571786		0.5146161701	0.002603694047	
-0.1892196098		0.5134263719	0.002592593428	
-0.174082041		0.5122614617	0.002582092123	
-0.1589444722		0.5111193862	0.002572161388	
-0.1438069035		0.5099981049	0.00256277417	
-0.1286693347		0.50889559	0.002553905038	
-0.1135317659		0.5078098259	0.002545530135	
-0.0983941971		0.5067388097	0.00253762712	
-0.08325662831		0.5056805496	0.002530175118	
-0.06811905953		0.5046330641	0.002523154673	
-0.05298149075		0.5035943811	0.002516547694	
-0.03784392196		0.5025625362	0.002510337417	
-0.02270635318		0.5015355711	0.00250450836	
-0.007568784392		0.500511532	0.00249904628	
0.007568784392		0.499488468	0.002493938137	
0.02270635318		0.4984644289	0.002489172057	
0.03784392196		0.4974374637	0.002484737297	
0.05298149075		0.4964056188	0.002480624213	
0.06811905953		0.4953669358	0.002476824227	
0.08325662831		0.4943194504	0.002473329803	
0.0983941971		0.4932611902	0.002470134416	
0.1135317659		0.4921901741	0.002467232528	
0.1286693347		0.4911044101	0.002464619565	
0.1438069035		0.4900018951	0.002462291896	
0.1589444722		0.4888806138	0.00246024681	
0.174082041		0.4877385384	0.0024584825	
0.1892196098		0.4865736282	0.002456998044	
0.2043571786		0.48538383	0.002455793392	
0.2194947474		0.4841670791	0.002454869344	
0.2346323162		0.4829212997	0.002454227544	
0.2497698849		0.4816444073	0.002453870465	
0.2649074537		0.4803343102	0.002453801395	
0.2800450225		0.4789889121	0.00245402443	
0.2951825913		0.4776061162	0.002454544458	
0.3103201601		0.4761838279	0.002455367159	
0.3254577289		0.4747199602	0.002456498987	
0.3405952976		0.4732124387	0.002457947167	
0.3557328664		0.471659207	0.002459719684	
0.3708704352		0.4700582341	0.00246182528	
0.386008004		0.468407521	0.002464273437	
0.4011455728		0.4667051091	0.00246707438	
0.4162831416		0.4649490889	0.002470239061	
0.4314207104		0.4631376093	0.002473779153	
0.4465582791		0.4612688878	0.002477707042	
0.4616958479		0.4593412209	0.002482035813	
0.4768334167		0.457352996	0.002486779247	
0.4919709855		0.4553027021	0.002491951799	
0.5071085543		0.4531889431	0.002497568594	
0.5222461231		0.4510104494	0.002503645408	
0.5373836918		0.4487660907	0.002510198652	
0.5525212606		0.4464548891	0.002517245355	
0.5676588294		0.4440760313	0.002524803143	
0.5827963982		0.4416288813	0.002532890217	
0.597933967		0.4391129922	0.00254152533	
0.6130715358		0.4365281176	0.002550727754	
0.6282091046		0.4338742227	0.002560517257	
0.6433466733		0.4311514937	0.002570914061	
0.6584842421		0.4283603463	0.002581938813	
0.6736218109		0.4255014337	0.002593612536	
0.6887593797		0.4225756516	0.002605956591	
0.7038969485		0.419584143	0.002618992624	
0.7190345173		0.4165283003	0.002632742513	
0.734172086		0.4134097657	0.002647228311	
0.7493096548		0.4102304293	0.00266247218	
0.7644472236		0.4069924251	0.00267849632	
0.7795847924		0.4036981237	0.002695322892	
0.7947223612		0.4003501219	0.002712973914	
0.80985993		0.3969512263	0.002731471143	
0.8249974987		0.3935044288	0.002750835888	
0.8401350675		0.3900128634	0.002771088701	
0.8552726363		0.3864797285	0.002792248796	
0.8704102051		0.382908133	0.002814332875	
0.8855477739		0.3793007805	0.002837352626	
0.9006853427		0.3756593138	0.002861309367	
0.9158229115		0.3719829634	0.002886182723	
0.9309604802		0.3682659144	0.002911907854	
0.946098049		0.3644928558	0.002938335387	
0.9612356178		0.3606341598	0.002965183525	
0.9763731866		0.3566498226	0.002992057878	
0.9915107554		0.3525213414	0.003018713148	
1.006648324		0.3483035401	0.003045522667	
1.021785893		0.3441133531	0.00307344535	
1.036923462		0.3400352898	0.00310322694	
1.052061031		0.3360775206	0.003134965816	
1.067198599		0.3322102822	0.003168405515	
1.082336168		0.3284042886	0.003203268918	
1.097473737		0.3246416256	0.003239365257	
1.112611306		0.3209137527	0.00327658065	
1.127748874		0.3172176733	0.00331484789	
1.142886443		0.3135532462	0.003354123849	
1.158024012		0.3099216715	0.003394376275	
1.173161581		0.3063247072	0.003435576761	
1.18829915		0.3027642788	0.003477697126	
1.203436718		0.2992422885	0.00352070759	
1.218574287		0.2957605236	0.003564575853	
1.233711856		0.2923206137	0.00360926665	
1.248849425		0.2889240131	0.003654741545	
1.263986993		0.285571995	0.003700958854	
1.279124562		0.2822656519	0.003747873661	
1.294262131		0.2790059003	0.003795437869	
1.3093997		0.2757934866	0.003843600306	
1.324537269		0.2726289951	0.003892306857	
1.339674837		0.2695128559	0.003941500625	
1.354812406		0.2664453543	0.003991122125	
1.369949975		0.2634266394	0.004041109495	
1.385087544		0.2604567341	0.004091398742	
1.400225113		0.2575355441	0.004141923999	
1.415362681		0.2546628675	0.004192617804	
1.43050025		0.251838404	0.004243411399	
1.445637819		0.249061764	0.004294235038	
1.460775388		0.2463324772	0.004345018303	
1.475912956		0.2436500014	0.004395690431	
1.491050525		0.2410137302	0.004446180644	
1.506188094		0.2384230011	0.004496418471	
1.521325663		0.2358771025	0.004546334074	
1.536463232		0.2333752806	0.004595858566	
1.5516008		0.230916746	0.004644924309	
1.566738369		0.2285006794	0.004693465212	
1.581875938		0.2261262374	0.004741416999	
1.597013507		0.2237925572	0.004788717473	
1.612151076		0.2214987616	0.004835306743	
1.627288644		0.2192439631	0.00488112744	
1.642426213		0.2170272678	0.00492612491	
1.657563782		0.2148477789	0.004970247371	
1.672701351		0.2127045997	0.005013446059	
1.687838919		0.2105968363	0.005055675339	
1.702976488		0.2085236005	0.005096892793	
1.718114057		0.2064840114	0.005137059289	
1.733251626		0.2044771979	0.005176139015	
1.748389195		0.2025022999	0.005214099502	
1.763526763		0.20055847	0.005250911616	
1.778664332		0.1986448745	0.005286549535	
1.793801901		0.1967606947	0.005320990704	
1.80893947		0.1949051278	0.005354215778	
1.824077039		0.1930773874	0.005386208538	
1.839214607		0.1912767039	0.005416955808	
1.854352176		0.1895023257	0.005446447348	
1.869489745		0.1877535188	0.005474675741	
1.884627314		0.1860295674	0.005501636274	
1.899764882		0.1843297741	0.005527326804	
1.914902451		0.1826534598	0.005551747628	
1.93004002		0.1809999638	0.005574901341	
1.945177589		0.1793686441	0.005596792698	
1.960315158		0.1777588766	0.005617428466	
1.975452726		0.1761700556	0.005636817284	
1.990590295		0.1746015935	0.005654969519	
2.005727864		0.1730529203	0.005671897129	
2.020865433		0.1715234836	0.005687613516	
2.036003002		0.1700127486	0.005702133401	
2.05114057		0.1685201972	0.005715472687	
2.066278139		0.1670453281	0.005727648333	
2.081415708		0.1655876566	0.005738678233	
2.096553277		0.1641467139	0.005748581101	
2.111690845		0.1627220471	0.005757376358	
2.126828414		0.1613132187	0.005765084029	
2.141965983		0.1599198061	0.005771724639	
2.157103552		0.1585414016	0.005777319127	
2.172241121		0.1571776118	0.005781888752	
2.187378689		0.1558280572	0.005785455015	
2.202516258		0.154492372	0.005788039582	
2.217653827		0.1531702036	0.005789664216	
2.232791396		0.1518612123	0.005790350708	
2.247928964		0.150565071	0.005790120826	
2.263066533		0.1492814646	0.005788996252	
2.278204102		0.1480100899	0.00578699854	
2.293341671		0.1467506551	0.00578414907	
2.30847924		0.1455028796	0.005780469008	
2.323616808		0.1442664935	0.005775979271	
2.338754377		0.1430412373	0.005770700499	
2.353891946		0.1418268614	0.005764653023	
2.369029515		0.1406231263	0.005757856845	
2.384167084		0.1394298016	0.005750331617	
2.399304652		0.1382466662	0.005742096625	
2.414442221		0.1370735077	0.005733170773	
2.42957979		0.1359101221	0.005723572574	
2.444717359		0.1347563137	0.005713320139	
2.459854927		0.1336118947	0.005702431171	
2.474992496		0.1324766848	0.005690922962	
2.490130065		0.131350511	0.005678812391	
2.505267634		0.1302332074	0.00566611592	
2.520405203		0.1291246151	0.005652849595	
2.535542771		0.1280245813	0.005639029054	
2.55068034		0.1269329598	0.005624669522	
2.565817909		0.1258496103	0.005609785824	
2.580955478		0.1247743984	0.005594392382	
2.596093047		0.1237071951	0.00557850323	
2.611230615		0.1226478769	0.005562132014	
2.626368184		0.1215963254	0.005545292006	
2.641505753		0.120552427	0.005527996106	
2.656643322		0.1195160731	0.005510256859	
2.67178089		0.1184871592	0.005492086455	
2.686918459		0.1174655856	0.005473496747	
2.702056028		0.1164512564	0.005454499256	
2.717193597		0.1154440798	0.005435105182	
2.732331166		0.1144439679	0.005415325417	
2.747468734		0.1134508364	0.00539517055	
2.762606303		0.1124646043	0.005374650883	
2.777743872		0.1114851942	0.005353776438	
2.792881441		0.1105125319	0.005332556967	
2.80801901		0.1095465459	0.005311001964	
2.823156578		0.1085871679	0.005289120676	
2.838294147		0.1076343325	0.005266922109	
2.853431716		0.1066879766	0.005244415041	
2.868569285		0.1057480399	0.005221608033	
2.883706853		0.1048144645	0.005198509433	
2.898844422		0.1038871947	0.005175127392	
2.913981991		0.1029661771	0.005151469866	
2.92911956		0.1020513604	0.005127544632	
2.944257129		0.1011426952	0.00510335929	
2.959394697		0.1002401341	0.005078921277	
2.974532266		0.09934363155	0.00505423787	
2.989669835		0.09845314372	0.005029316198	
3.004807404		0.0975686284	0.005004163245	
3.019944972		0.09669004497	0.004978785862	
3.035082541		0.0958173543	0.004953190771	
3.05022011		0.09495051871	0.004927384571	
3.065357679		0.09408950186	0.004901373749	
3.080495248		0.0932342687	0.004875164681	
3.095632816		0.09238478543	0.004848763638	
3.110770385		0.0915410194	0.004822176797	
3.125907954		0.09070293907	0.00479541024	
3.141045523		0.08987051398	0.004768469964	
3.156183092		0.08904371463	0.004741361883	
3.17132066		0.08822251252	0.004714091831	
3.186458229		0.08740688003	0.004686665573	
3.201595798		0.0865967904	0.004659088801	
3.216733367		0.08579221768	0.004631367144	
3.231870935		0.08499313672	0.004603506168	
3.247008504		0.08419952307	0.004575511381	
3.262146073		0.083411353	0.004547388237	
3.277283642		0.08262860343	0.004519142136	
3.292421211		0.08185125192	0.00449077843	
3.307558779		0.0810792766	0.004462302424	
3.322696348		0.08031265617	0.00443371938	
3.337833917		0.07955136987	0.004405034515	
3.352971486		0.07879539743	0.004376253008	
3.368109055		0.07804471907	0.00434738	
3.383246623		0.07729931544	0.004318420595	
3.398384192		0.07655916764	0.004289379861	
3.413521761		0.07582425715	0.004260262835	
3.42865933		0.07509456584	0.004231074518	
3.443796898		0.07437007592	0.004201819883	
3.458934467		0.07365076997	0.00417250387	
3.474072036		0.07293663085	0.004143131392	
3.489209605		0.07222764175	0.00411370733	
3.504347174		0.07152378612	0.004084236539	
3.519484742		0.07082504768	0.004054723845	
3.534622311		0.07013141041	0.004025174047	
3.54975988		0.0694428585	0.003995591915	
3.564897449		0.06875937637	0.003965982194	
3.580035018		0.06808094864	0.003936349599	
3.595172586		0.06740756012	0.003906698819	
3.610310155		0.06673919582	0.003877034516	
3.625447724		0.06607584086	0.003847361323	
3.640585293		0.06541748058	0.003817683845	
3.655722861		0.0647641004	0.00378800666	
3.67086043		0.06411568592	0.003758334314	
3.685997999		0.06347222283	0.003728671327	
3.701135568		0.06283369694	0.003699022185	
3.716273137		0.06220009417	0.003669391348	
3.731410705		0.06157140052	0.00363978324	
3.746548274		0.06094760209	0.003610202257	
3.761685843		0.06032868503	0.003580652758	
3.776823412		0.05971463559	0.003551139071	
3.79196098		0.05910544006	0.00352166549	
3.807098549		0.05850108478	0.003492236272	
3.822236118		0.05790155616	0.003462855638	
3.837373687		0.05730684062	0.003433527774	
3.852511256		0.05671692465	0.003404256825	
3.867648824		0.05613179473	0.003375046899	
3.882786393		0.05555143739	0.003345902064	
3.897923962		0.05497583915	0.003316826345	
3.913061531		0.05440498657	0.00328782373	
3.9281991		0.0538388662	0.003258898158	
3.943336668		0.05327746457	0.003230053529	
3.958474237		0.05272076824	0.003201293697	
3.973611806		0.05216876373	0.003172622467	
3.988749375		0.05162143755	0.003144043603	
4.003886943		0.05107877619	0.003115560815	
4.019024512		0.05054076611	0.003087177769	
4.034162081		0.05000739372	0.003058898078	
4.04929965		0.04947864541	0.003030725306	
4.064437219		0.04895450752	0.003002662963	
4.079574787		0.04843496634	0.002974714509	
4.094712356		0.0479200081	0.002946883349	
4.109849925		0.04740961899	0.002919172833	
4.124987494		0.04690378521	0.002891586263	
4.140125063		0.04640246874	0.002864125488	
4.155262631		0.04590570302	0.002836796415	
4.1704002		0.04541345072	0.002809600841	
4.185537769		0.04492569767	0.002782541833	
4.200675338		0.04444242965	0.002755622399	
4.215812906		0.04396363232	0.002728845485	
4.230950475		0.04348929127	0.002702213978	
4.246088044		0.04301939199	0.002675730702	
4.261225613		0.04255391985	0.00264939842	
4.276363182		0.04209286016	0.002623219832	
4.29150075		0.04163619811	0.002597197577	
4.306638319		0.0411839188	0.002571334229	
4.321775888		0.04073600722	0.002545632299	
4.336913457		0.04029244829	0.002520094234	
4.352051026		0.03985322682	0.002494722421	
4.367188594		0.03941832755	0.00246951918	
4.382326163		0.03898773511	0.002444486769	
4.397463732		0.03856143409	0.002419627384	
4.412601301		0.03813940897	0.002394943156	
4.427738869		0.0377216442	0.002370436157	
4.442876438		0.03730812412	0.002346108392	
4.458014007		0.03689883304	0.002321961808	
4.473151576		0.0364937552	0.002297998288	
4.488289145		0.03609287477	0.002274219653	
4.503426713		0.03569617586	0.002250627662	
4.518564282		0.03530364251	0.002227224012	
4.533701851		0.03491525868	0.002204010339	
4.54883942		0.03453100824	0.002180988216	
4.563976988		0.03415087497	0.00215815915	
4.579114557		0.03377484252	0.002135524587	
4.594252126		0.03340289443	0.00211308591	
4.609389695		0.03303501408	0.002090844432	
4.624527264		0.03267118469	0.002068801405	
4.639664832		0.0323113893	0.002046958012	
4.654802401		0.03195561075	0.00202531537	
4.66993997		0.03160383168	0.002003874528	
4.685077539		0.0312560345	0.001982636468	
4.700215108		0.03091220142	0.001961602105	
4.715352676		0.03057231441	0.001940772286	
4.730490245		0.03023635524	0.001920147792	
4.745627814		0.02990430547	0.001899729342	
4.760765383		0.02957614649	0.00187951759	
4.775902951		0.02925185953	0.001859513129	
4.79104052		0.02893142569	0.001839716493	
4.806178089		0.02861482596	0.001820128163	
4.821315658		0.0283020413	0.001800748564	
4.836453227		0.0279930526	0.00178157807	
4.851590795		0.02768784077	0.00176261701	
4.866728364		0.02738638675	0.001743865664	
4.881865933		0.02708867152	0.001725324272	
4.897003502		0.0267946761	0.001706993029	
4.912141071		0.02650438162	0.00168887209	
4.927278639		0.02621776921	0.001670961571	
4.942416208		0.02593482009	0.001653261548	
4.957553777		0.02565551548	0.001635772053	
4.972691346		0.0253798366	0.00161849308	
4.987828914		0.02510776464	0.001601424579	
5.002966483		0.0248392807	0.001584566454	
5.018104052		0.02457436577	0.001567918566	
5.033241621		0.0243130007	0.001551480728	
5.04837919		0.02405516615	0.001535252704	
5.063516758		0.02380084259	0.00151923421	
5.078654327		0.02355001028	0.001503424912	
5.093791896		0.02330264923	0.00148782443	
5.108929465		0.02305873923	0.001472432332	
5.124067034		0.02281825987	0.001457248141	
5.139204602		0.02258119053	0.001442271335	
5.154342171		0.0223475104	0.001427501349	
5.16947974		0.02211719854	0.001412937578	
5.184617309		0.02189023387	0.001398579376	
5.199754877		0.02166659525	0.001384426065	
5.214892446		0.02144626144	0.001370476932	
5.230030015		0.0212292112	0.001356731234	
5.245167584		0.02101542327	0.001343188198	
5.260305153		0.02080487639	0.001329847026	
5.275442721		0.02059754933	0.001316706894	
5.29058029		0.02039342088	0.001303766954	
5.305717859		0.02019246989	0.001291026334	
5.320855428		0.01999467523	0.001278484142	
5.335992996		0.0198000158	0.001266139462	
5.351130565		0.01960847052	0.001253991357	
5.366268134		0.01942001836	0.001242038871	
5.381405703		0.01923463827	0.001230281026	
5.396543272		0.01905230922	0.001218716823	
5.41168084		0.01887301019	0.001207345245	
5.426818409		0.01869672016	0.001196165258	
5.441955978		0.0185234181	0.001185175808	
5.457093547		0.01835308298	0.001174375827	
5.472231116		0.01818569381	0.00116376423	
5.487368684		0.01802122959	0.00115333992	
5.502506253		0.01785966934	0.001143101788	
5.517643822		0.01770099216	0.001133048715	
5.532781391		0.01754517714	0.001123179573	
5.547918959		0.01739220348	0.001113493226	
5.563056528		0.01724205042	0.001103988532	
5.578194097		0.01709469727	0.001094664343	
5.593331666		0.01695012341	0.001085519506	
5.608469235		0.0168083083	0.00107655286	
5.623606803		0.01666923143	0.001067763241	
5.638744372		0.01653287236	0.001059149474	
5.653881941		0.01639921067	0.001050710375	
5.66901951		0.01626822592	0.001042444749	
5.684157079		0.01613989768	0.001034351387	
5.699294647		0.01601420544	0.001026429062	
5.714432216		0.01589112862	0.001018676531	
5.729569785		0.01577064654	0.001011092528	
5.744707354		0.01565273837	0.001003675763	
5.759844922		0.01553738318	0.0009964249241	
5.774982491		0.01542455984	0.0009893386762	
5.79012006		0.01531424712	0.0009824156607	
5.805257629		0.01520642364	0.0009756544991	
5.820395198		0.01510106792	0.0009690537965	
5.835532766		0.01499815842	0.000962612146	
5.850670335		0.01489767359	0.0009563281345	
5.865807904		0.01479959193	0.0009502003498	
5.880945473		0.01470389207	0.0009442273873	
5.896083042		0.01461055281	0.0009384078578	
5.91122061		0.0145195532	0.000932740394	
5.926358179		0.01443087262	0.0009272236577	
5.941495748		0.01434449083	0.000921856344	
5.956633317		0.01426038799	0.000916637186	
5.971770885		0.0141785447	0.000911564956	
5.986908454		0.01409894201	0.0009066384654	
6.002046023		0.01402156138	0.0009018565627	
6.017183592		0.01394638468	0.000897218129	
6.032321161		0.0138733941	0.0008927220721	
6.047458729		0.01380257212	0.0008883673195	
6.062596298		0.01373390141	0.0008841528099	
6.077733867		0.01366736474	0.0008800774848	
6.092871436		0.01360294492	0.0008761402803	
6.108009005		0.0135406247	0.0008723401197	
6.123146573		0.01348038672	0.0008686759072	
6.138284142		0.01342221344	0.0008651465237	
6.153421711		0.01336608712	0.0008617508236	
6.16855928		0.01331198982	0.0008584876348	
6.183696848		0.01325990334	0.0008553557589	
6.198834417		0.01320980934	0.0008523539751	
6.213971986		0.01316168929	0.0008494810434	
6.229109555		0.01311552458	0.0008467357103	
6.244247124		0.01307129655	0.0008441167144	
6.259384692		0.01302898656	0.0008416227919	
6.274522261		0.01298857605	0.0008392526822	
6.28965983		0.01295004662	0.0008370051328	
6.304797399		0.01291338004	0.0008348789031	
6.319934967		0.01287855833	0.0008328727672	
6.335072536		0.01284556376	0.0008309855157	
6.350210105		0.01281437888	0.0008292159559	
6.365347674		0.01278498652	0.0008275629118	
6.380485243		0.01275736979	0.0008260252222	
6.395622811		0.01273151206	0.0008246017387	
6.41076038		0.01270739691	0.000823291323	
6.425897949		0.01268500817	0.0008220928437	
6.441035518		0.01266432979	0.0008210051734	
6.456173087		0.0126453459	0.0008200271851	
6.471310655		0.01262804071	0.0008191577497	
6.486448224		0.0126123985	0.0008183957333	
6.501585793		0.01259840361	0.0008177399948	
6.516723362		0.0125860404	0.0008171893846	
6.53186093		0.01257529321	0.0008167427426	
6.546998499		0.01256614639	0.0008163988981	
6.562136068		0.01255858427	0.0008161566691	
6.577273637		0.01255259114	0.0008160148618	
6.592411206		0.01254815128	0.000815972272	
6.607548774		0.01254524894	0.0008160276843	
6.622686343		0.01254386837	0.0008161798738	
6.637823912		0.01254399381	0.0008164276066	
6.652961481		0.01254560948	0.0008167696405	
6.66809905		0.01254869966	0.0008172047259	
6.683236618		0.01255324862	0.000817731607	
6.698374187		0.01255924069	0.0008183490219	
6.713511756		0.01256666023	0.0008190557039	
6.728649325		0.01257549167	0.0008198503813	
6.743786893		0.01258571949	0.0008207317784	
6.758924462		0.01259732825	0.0008216986153	
6.774062031		0.01261030259	0.0008227496079	
6.7891996		0.01262462721	0.0008238834684	
6.804337169		0.01264028688	0.0008250989043	
6.819474737		0.01265726648	0.0008263946189	
6.834612306		0.01267555094	0.0008277693104	
6.849749875		0.01269512527	0.0008292216717	
6.864887444		0.01271597455	0.0008307503899	
6.880025013		0.01273808371	0.0008323541313	
6.895162581		0.01276143841	0.0008340315983	
6.91030015		0.01278602369	0.0008357814433	
6.925437719		0.01281182488	0.0008376023248	
6.940575288		0.01283882736	0.0008394928926	
6.955712856		0.01286701654	0.0008414517879	
6.970850425		0.01289637788	0.0008434776422	
6.985987994		0.01292689687	0.0008455690772	
7.001125563		0.01295855905	0.0008477247044	
7.016263132		0.01299134997	0.0008499431247	
7.0314007		0.01302525519	0.0008522229281	
7.046538269		0.01306026034	0.0008545626935	
7.061675838		0.01309635102	0.0008569609883	
7.076813407		0.01313351287	0.0008594163684	
7.091950975		0.01317173155	0.0008619273781	
7.107088544		0.01321099272	0.0008644925496	
7.122226113		0.01325128207	0.0008671104034	
7.137363682		0.01329258527	0.0008697794478	
7.152501251		0.01333488803	0.0008724981793	
7.167638819		0.01337817606	0.000875265082	
7.182776388		0.01342243506	0.0008780786281	
7.197913957		0.01346765076	0.0008809372777	
7.213051526		0.01351380888	0.0008838394787	
7.228189095		0.01356089516	0.0008867836672	
7.243326663		0.01360889532	0.0008897682672	
7.258464232		0.0136577951	0.0008927916906	
7.273601801		0.01370758024	0.0008958523377	
7.28873937		0.01375823647	0.0008989485968	
7.303876938		0.01380974954	0.0009020788447	
7.319014507		0.01386210518	0.0009052414465	
7.334152076		0.01391528911	0.0009084347556	
7.349289645		0.01396928707	0.0009116571143	
7.364427214		0.01402408478	0.0009149068535	
7.379564782		0.01407966795	0.000918182293	
7.394702351		0.01413602229	0.0009214817417	
7.40983992		0.01419313349	0.0009248034977	
7.424977489		0.01425098723	0.0009281458483	
7.440115058		0.01430956919	0.0009315070706	
7.455252626		0.01436886501	0.0009348854313	
7.470390195		0.01442886033	0.0009382791874	
7.485527764		0.01448954077	0.0009416865859	
7.500665333		0.01455089193	0.0009451058643	
7.515802901		0.01461289939	0.0009485352511	
7.53094047		0.01467554869	0.0009519729657	
7.546078039		0.01473882536	0.0009554172189	
7.561215608		0.0148027149	0.0009588662135	
7.576353177		0.01486720279	0.0009623181439	
7.591490745		0.01493227446	0.0009657711972	
7.606628314		0.01499791532	0.0009692235534	
7.621765883		0.01506411075	0.0009726733854	
7.636903452		0.01513084608	0.0009761188598	
7.652041021		0.01519810663	0.0009795581375	
7.667178589		0.01526587766	0.0009829893734	
7.682316158		0.01533414439	0.0009864107178	
7.697453727		0.01540289201	0.0009898203159	
7.712591296		0.01547210567	0.0009932163092	
7.727728864		0.01554177045	0.0009965968352	
7.742866433		0.01561187142	0.0009999600288	
7.758004002		0.01568239358	0.001003304022	
7.773141571		0.01575332188	0.001006626944	
7.78827914		0.01582464124	0.001009926924	
7.803416708		0.0158963365	0.001013202088	
7.818554277		0.01596839246	0.001016450565	
7.833691846		0.01604079388	0.001019670481	
7.848829415		0.01611352543	0.001022859964	
7.863966983		0.01618657176	0.001026017143	
7.879104552		0.01625991742	0.001029140148	
7.894242121		0.01633354692	0.001032227114	
7.90937969		0.0164074447	0.001035276177	
7.924517259		0.01648159515	0.001038285476	
7.939654827		0.01655598255	0.001041253157	
7.954792396		0.01663059116	0.001044177367	
7.969929965		0.01670540514	0.001047056262	
7.985067534		0.01678040856	0.001049888002	
8.000205103		0.01685558545	0.001052670754	
8.015342671		0.01693091972	0.001055402691	
8.03048024		0.01700639523	0.001058081997	
8.045617809		0.01708199573	0.001060706861	
8.060755378		0.01715770489	0.001063275481	
8.075892946		0.0172335063	0.001065786067	
8.091030515		0.01730938343	0.001068236836	
8.106168084		0.01738531968	0.001070626017	
8.121305653		0.01746129831	0.00107295185	
8.136443222		0.01753730251	0.001075212587	
8.15158079		0.01761331535	0.001077406489	
8.166718359		0.01768931978	0.001079531835	
8.181855928		0.01776529862	0.001081586911	
8.196993497		0.01784123461	0.001083570022	
8.212131066		0.01791711031	0.001085479482	
8.227268634		0.01799290819	0.001087313622	
8.242406203		0.01806861057	0.001089070789	
8.257543772		0.01814419962	0.001090749343	
8.272681341		0.01821965739	0.00109234766	
8.287818909		0.01829496574	0.001093864133	
8.302956478		0.0183701064	0.00109529717	
8.318094047		0.01844506095	0.001096645199	
8.333231616		0.01851981077	0.001097906661	
8.348369185		0.01859433709	0.001099080017	
8.363506753		0.01866862096	0.001100163746	
8.378644322		0.01874264323	0.001101156344	
8.393781891		0.01881638457	0.001102056326	
8.40891946		0.01888982547	0.001102862227	
8.424057029		0.01896294618	0.001103572599	
8.439194597		0.01903572678	0.001104186016	
8.454332166		0.01910814711	0.001104701069	
8.469469735		0.01918018681	0.001105116372	
8.484607304		0.01925182528	0.001105430558	
8.499744872		0.01932304169	0.00110564228	
8.514882441		0.01939381499	0.001105750213	
8.53002001		0.01946412388	0.001105753053	
8.545157579		0.01953394681	0.001105649519	
8.560295148		0.01960326198	0.001105438351	
8.575432716		0.01967204735	0.001105118311	
8.590570285		0.01974028062	0.001104688185	
8.605707854		0.01980793921	0.001104146783	
8.620845423		0.01987500032	0.001103492936	
8.635982991		0.01994144086	0.001102725503	
8.65112056		0.02000723747	0.001101843365	
8.666258129		0.02007236655	0.00110084543	
8.681395698		0.02013680423	0.001099730633	
8.696533267		0.02020052639	0.001098497932	
8.711670835		0.02026350864	0.001097146317	
8.726808404		0.02032572636	0.001095674804	
8.741945973		0.02038715468	0.00109408244	
8.757083542		0.02044776851	0.001092368299	
8.772221111		0.02050754251	0.00109053149	
8.787358679		0.02056645116	0.001088571153	
8.802496248		0.02062446874	0.00108648646	
8.817633817		0.02068156933	0.00108427662	
8.832771386		0.02073772687	0.001081940878	
8.847908954		0.02079291514	0.001079478515	
8.863046523		0.02084710784	0.001076888854	
8.878184092		0.02090027854	0.001074171258	
8.893321661		0.02095240078	0.001071325131	
8.90845923		0.02100344804	0.001068349923	
8.923596798		0.02105339383	0.001065245133	
8.938734367		0.02110221169	0.001062010305	
8.953871936		0.02114987526	0.001058645037	
8.969009505		0.02119635828	0.001055148977	
8.984147074		0.0212416347	0.001051521832	
8.999284642		0.02128567865	0.001047763365	
9.014422211		0.02132846457	0.001043873401	
9.02955978		0.02136996723	0.001039851827	
9.044697349		0.02141016177	0.001035698596	
9.059834917		0.02144902381	0.00103141373	
9.074972486		0.02148652947	0.001026997322	
9.090110055		0.02152265544	0.001022449538	
9.105247624		0.02155737908	0.001017770621	
9.120385193		0.02159067843	0.001012960894	
9.135522761		0.02162253236	0.00100802076	
9.15066033		0.02165292056	0.001002950706	
9.165797899		0.02168182364	0.0009977513061	
9.180935468		0.0217092232	0.0009924232224	
9.196073037		0.02173510192	0.000986967207	
9.211210605		0.02175944355	0.0009813841036	
9.226348174		0.02178223305	0.0009756748499	
9.241485743		0.0218034566	0.0009698404773	
9.256623312		0.02182310165	0.0009638821131	
9.27176088		0.02184115699	0.0009578009799	
9.286898449		0.02185761275	0.0009515983964	
9.302036018		0.02187246049	0.0009452757764	
9.317173587		0.02188569314	0.0009388346291	
9.332311156		0.02189730507	0.0009322765566	
9.347448724		0.02190729208	0.0009256032534	
9.362586293		0.02191565136	0.0009188165037	
9.377723862		0.02192238153	0.0009119181792	
9.392861431		0.02192748253	0.0009049102356	
9.407998999		0.02193095564	0.0008977947101	
9.423136568		0.02193280338	0.0008905737169	
9.438274137		0.02193302948	0.0008832494432	
9.453411706		0.02193163875	0.0008758241447	
9.468549275		0.02192863703	0.0008683001412	
9.483686843		0.02192403107	0.0008606798108	
9.498824412		0.02191782841	0.0008529655854	
9.513961981		0.02191003729	0.0008451599451	
9.52909955		0.02190066647	0.0008372654131	
9.544237119		0.02188972515	0.00082928455	
9.559374687		0.02187722279	0.0008212199492	
9.574512256		0.02186316898	0.0008130742313	
9.589649825		0.02184757332	0.0008048500398	
9.604787394		0.02183044524	0.0007965500363	
9.619924962		0.0218117939	0.0007881768965	
9.635062531		0.021791628	0.0007797333067	
9.6502001		0.02176995572	0.0007712219604	
9.665337669		0.02174678453	0.0007626455557	
9.680475238		0.02172212114	0.0007540067934	
9.695612806		0.02169597134	0.0007453083749	
9.710750375		0.02166833995	0.0007365530019	
9.725887944		0.0216392307	0.0007277433753	
9.741025513		0.02160864621	0.0007188821956	
9.756163082		0.02157658791	0.0007099721631	
9.77130065		0.02154305599	0.0007010159798	
9.786438219		0.02150804937	0.0006920163496	
9.801575788		0.02147156571	0.0006829759811	
9.816713357		0.02143360133	0.0006738975883	
9.831850925		0.02139415125	0.0006647838924	
9.846988494		0.02135320902	0.0006556376215	
9.862126063		0.02131076666	0.0006464615079	
9.877263632		0.02126681422	0.0006372582793	
9.892401201		0.02122133902	0.0006280306391	
9.907538769		0.0211743241	0.0006187812245	
9.922676338		0.02112574523	0.0006095125275	
9.937813907		0.02107556586	0.0006002267646	
9.952951476		0.02102373128	0.0005909257323	
9.968089045		0.02097017038	0.0005816108891	
9.983226613		0.02091482826	0.0005722842774	
9.998364182		0.02085774086	0.0005629505042	
10.01350175		0.02079906252	0.0005536173034	
10.02863932		0.02073893965	0.0005442919978	
10.04377689		0.02067738635	0.0005349782925	
10.05891446		0.02061432277	0.0005256774979	
10.07405203		0.02054966022	0.0005163908383	
10.08918959		0.02048333409	0.0005071202823	
10.10432716		0.02041530183	0.000497868443	
10.11946473		0.0203455341	0.0004886383218	
10.1346023		0.02027400845	0.0004794331303	
10.14973987		0.02020070593	0.0004702561935	
10.16487744		0.02012560943	0.0004611109017	
10.18001501		0.02004870296	0.0004520006855	
10.19515258		0.01996997135	0.0004429290025	
10.21029015		0.01988940013	0.0004338993283	
10.22542771		0.01980697556	0.0004249151502	
10.24056528		0.01972268464	0.0004159799605	
10.25570285		0.01963651514	0.0004070972509	
10.27084042		0.01954845568	0.0003982705066	
10.28597799		0.01945849577	0.0003895032001	
10.30111556		0.01936662586	0.0003807987848	
10.31625313		0.01927283743	0.0003721606887	
10.3313907		0.019177123	0.0003635923076	
10.34652826		0.01907947619	0.0003550969985	
10.36166583		0.01897989179	0.0003466780725	
10.3768034		0.01887836579	0.0003383387884	
10.39194097		0.01877489544	0.0003300823453	
10.40707854		0.01866947927	0.0003219118763	
10.42221611		0.01856211719	0.0003138304413	
10.43735368		0.01845281046	0.0003058410206	
10.45249125		0.01834156181	0.0002979465082	
10.46762881		0.01822837542	0.0002901497058	
10.48276638		0.01811325701	0.0002824533161	
10.49790395		0.01799621384	0.0002748599374	
10.51304152		0.0178772548	0.0002673720577	
10.52817909		0.01775639039	0.0002599920495	
10.54331666		0.01763363284	0.0002527221647	
10.55845423		0.01750899607	0.0002455645302	
10.5735918		0.01738249578	0.0002385211433	
10.58872936		0.01725414949	0.0002315938681	
10.60386693		0.01712397654	0.0002247844319	
10.6190045		0.01699199817	0.0002180944224	
10.63414207		0.01685823755	0.0002115252846	
10.64927964		0.01672271981	0.0002050783194	
10.66441721		0.01658547206	0.0001987546814	
10.67955478		0.01644652346	0.0001925553782	
10.69469235		0.01630590525	0.0001864812689	
10.70982991		0.01616365077	0.000180533065	
10.72496748		0.0160197955	0.0001747113293	
10.74010505		0.0158743771	0.0001690164778	
10.75524262		0.01572743542	0.0001634487799	
10.77038019		0.01557901258	0.0001580083606	
10.78551776		0.01542915292	0.0001526952021	
10.80065533		0.01527790312	0.0001475091466	
10.8157929		0.01512531215	0.0001424498986	
10.83093047		0.01497143133	0.0001375170284	
10.84606803		0.01481631437	0.0001327099752	
10.8612056		0.01466001733	0.0001280280514	
10.87634317		0.01450259869	0.0001234704465	
10.89148074		0.01434411934	0.0001190362319	
10.90661831		0.01418464261	0.0001147243653	
10.92175588		0.01402423426	0.0001105336958	
10.93689345		0.0138629625	0.0001064629682	
10.95203102		0.013700898	0.0001025108289	
10.96716858		0.01353811389	9.867583066e-05	
10.98230615		0.01337468576	9.495643885e-05	
10.99744372		0.01321069159	9.135103704e-05	
11.01258129		0.01304621183	8.785793317e-05	
11.02771886		0.01288132931	8.447536479e-05	
11.04285643		0.01271612928	8.120150459e-05	
11.057994		0.0125506994	7.803446525e-05	
11.07313157		0.01238512972	7.497230503e-05	
11.08826913		0.01221951262	7.201303347e-05	
11.1034067		0.01205394276	6.915461795e-05	
11.11854427		0.011888517	6.63949897e-05	
11.13368184		0.01172333436	6.37320496e-05	
11.14881941		0.01155849598	6.116367247e-05	
11.16395698		0.01139410518	5.868771096e-05	
11.17909455		0.01123026738	5.630199894e-05	
11.19423212		0.01106709014	5.40043562e-05	
11.20936968		0.01090468291	5.179259395e-05	
11.22450725		0.01074315697	4.966452134e-05	
11.23964482		0.01058262512	4.761795112e-05	
11.25478239		0.01042320173	4.565070382e-05	
11.26991996		0.01026500269	4.376060942e-05	
11.28505753		0.01010814563	4.194550814e-05	
11.3001951		0.00995274986	4.020325155e-05	
11.31533267		0.009798936326	3.853170602e-05	
11.33047024		0.009646827188	3.69287584e-05	
11.3456078		0.009496545423	3.539232276e-05	
11.36074537		0.009348214449	3.392034527e-05	
11.37588294		0.009201958164	3.251080586e-05	
11.39102051		0.009057901198	3.116171597e-05	
11.40615808		0.008916169374	2.987111537e-05	
11.42129565		0.008776889807	2.863707083e-05	
11.43643322		0.008640190601	2.745767925e-05	
11.45157079		0.008506199957	2.633107451e-05	
11.46670835		0.008375045291	2.525543516e-05	
11.48184592		0.00824685266	2.42289884e-05	
11.49698349		0.008121747077	2.32500084e-05	
11.51212106		0.007999853366	2.231680956e-05	
11.52725863		0.007881297199	2.142773954e-05	
11.5423962		0.007766205317	2.058117634e-05	
11.55753377		0.007654704749	1.977553259e-05	
11.57267134		0.007546921023	1.900926439e-05	
11.5878089		0.007442976502	1.828088024e-05	
11.60294647		0.007342989636	1.758894366e-05	
11.61808404		0.007247075885	1.693206806e-05	
11.63322161		0.007155349654	1.630890582e-05	
11.64835918		0.007067926226	1.571813844e-05	
11.66349675		0.006984922086	1.515847317e-05	
11.67863432		0.006906453301	1.462864886e-05	
11.69377189		0.006832632355	1.412744703e-05	
11.70890945		0.006763565373	1.365370171e-05	
11.72404702		0.006699351211	1.320630116e-05	
11.73918459		0.006640083345	1.278418019e-05	
11.75432216		0.006585853365	1.238630648e-05	
11.76945973		0.006536754205	1.2011669e-05	
11.7845973		0.006492880702	1.165927469e-05	
11.79973487		0.00645432695	1.132815552e-05	
11.81487244		0.006421181355	1.101738104e-05	
11.83001001		0.006393522345	1.072606913e-05	
11.84514757		0.006371417002	1.045338741e-05	
11.86028514		0.006354923826	1.019854425e-05	
11.87542271		0.006344097778	9.960773243e-06	
11.89056028		0.006338994485	9.739319283e-06	
11.90569785		0.006339669579	9.533431852e-06	
11.92083542		0.006346171078	9.342366417e-06	
11.93597299		0.006358524216	9.165386798e-06	
11.95111056		0.006376711432	9.001759851e-06	
11.96624812		0.006400657471	8.850744884e-06	
11.98138569		0.006430254051	8.711619839e-06	
11.99652326		0.006465473182	8.583808944e-06	
12.01166083		0.006506498299	8.467017551e-06	
12.0267984		0.006553634962	8.36108173e-06	
12.04193597		0.006607066158	8.265658887e-06	
12.05707354		0.006666792942	8.1801957e-06	
12.07221111		0.006732733201	8.104092727e-06	
12.08734867		0.006804793778	8.036807981e-06	
12.10248624		0.006882890665	7.977869972e-06	
12.11762381		0.006966952446	7.926854105e-06	
12.13276138		0.007056923103	7.883356274e-06	
12.14789895		0.007152762646	7.846976428e-06	
12.16303652		0.007254441857	7.817316368e-06	
12.17817409		0.007361930527	7.79398883e-06	
12.19331166		0.007475184105	7.776630926e-06	
12.20844922		0.007594134992	7.764912818e-06	
12.22358679		0.007718693414	7.758536503e-06	
12.23872436		0.007848757224	7.757224462e-06	
12.25386193		0.007984226035	7.760704169e-06	
12.2689995		0.008125011862	7.768695896e-06	
12.28413707		0.008271040676	7.780910459e-06	
12.29927464		0.008422243122	7.797057686e-06	
12.31441221		0.008578539471	7.816861264e-06	
12.32954977		0.008739826673	7.840071346e-06	
12.34468734		0.008905975112	7.866468295e-06	
12.35982491		0.009076836686	7.895855281e-06	
12.37496248		0.009252260644	7.928043988e-06	
12.39010005		0.009432108886	7.962840368e-06	
12.40523762		0.009616263237	8.000037962e-06	
12.42037519		0.009804620126	8.03942189e-06	
12.43551276		0.009997075543	8.08078166e-06	
12.45065033		0.01019350794	8.123925458e-06	
12.46578789		0.01039376891	8.168688432e-06	
12.48092546		0.01059768625	8.214930435e-06	
12.49606303		0.01080507815	8.262525157e-06	
12.5112006		0.01101577104	8.311346063e-06	
12.52633817		0.01122961282	8.361256357e-06	
12.54147574		0.01144647451	8.41210747e-06	
12.55661331		0.0116662396	8.463746997e-06	
12.57175088		0.01188878618	8.516031441e-06	
12.58688844		0.01211397212	8.568837109e-06	
12.60202601		0.01234163074	8.622063104e-06	
12.61716358		0.01257157936	8.675625715e-06	
12.63230115		0.01280363545	8.729447327e-06	
12.64743872		0.01303763306	8.783445702e-06	
12.66257629		0.01327343159	8.837528198e-06	
12.67771386		0.01351091313	8.891593708e-06	
12.69285143		0.01374996914	8.94554096e-06	
12.70798899		0.01399048372	8.99927905e-06	
12.72312656		0.01423232216	9.052734299e-06	
12.73826413		0.0144753309	9.105850363e-06	
12.7534017		0.01471934767	9.158581892e-06	
12.76853927		0.0149642166	9.210885678e-06	
12.78367684		0.01520980095	9.262713109e-06	
12.79881441		0.01545598835	9.314007344e-06	
12.81395198		0.01570268593	9.364706018e-06	
12.82908954		0.0159498075	9.414748448e-06	
12.84422711		0.01619725917	9.464083365e-06	
12.85936468		0.01644493096	9.512673443e-06	
12.87450225		0.01669269813	9.560494291e-06	
12.88963982		0.01694043074	9.607529279e-06	
12.90477739		0.01718800577	9.653762776e-06	
12.91991496		0.01743531722	9.699174929e-06	
12.93505253		0.01768227975	9.743739519e-06	
12.9501901		0.01792882516	9.787425816e-06	
12.96532766		0.01817489244	9.83020326e-06	
12.98046523		0.0184204167	9.87204694e-06	
12.9956028		0.01866532211	9.912940823e-06	
13.01074037		0.01890952237	9.952877577e-06	
13.02587794		0.01915292709	9.991855255e-06	
13.04101551		0.01939545076	1.002987301e-05	
13.05615308		0.01963702006	1.006692734e-05	
13.07129065		0.01987757745	1.010301038e-05	
13.08642821		0.02011707933	1.013811045e-05	
13.10156578		0.02035548966	1.017221491e-05	
13.11670335		0.02059277126	1.020531381e-05	
13.13184092		0.02082887944	1.023740288e-05	
13.14697849		0.02106376045	1.026848401e-05	
13.16211606		0.02129735516	1.029856383e-05	
13.17725363		0.02152960489	1.032765089e-05	
13.1923912		0.02176045749	1.035575305e-05	
13.20752876		0.02198987126	1.03828755e-05	
13.22266633		0.02221781644	1.040902016e-05	
13.2378039		0.02244427272	1.043418638e-05	
13.25294147		0.02266922415	1.0458373e-05	
13.26807904		0.02289265293	1.048158075e-05	
13.28321661		0.02311453546	1.050381395e-05	
13.29835418		0.02333484141	1.052508079e-05	
13.31349175		0.0235535359	1.054539261e-05	
13.32862931		0.02377058245	1.056476252e-05	
13.34376688		0.02398594653	1.058320408e-05	
13.35890445		0.02419959841	1.060072996e-05	
13.37404202		0.02441151528	1.061735115e-05	
13.38917959		0.02462168114	1.063307674e-05	
13.40431716		0.02483008517	1.064791457e-05	
13.41945473		0.02503671884	1.066187215e-05	
13.4345923		0.02524157389	1.067495753e-05	
13.44972986		0.02544464111	1.068717963e-05	
13.46486743		0.02564591034	1.069854842e-05	
13.480005		0.02584537068	1.070907465e-05	
13.49514257		0.02604301136	1.071876962e-05	
13.51028014		0.02623882259	1.07276448e-05	
13.52541771		0.02643279659	1.073571146e-05	
13.54055528		0.02662492802	1.074298039e-05	
13.55569285		0.02681521416	1.074946187e-05	
13.57083042		0.0270036545	1.07551657e-05	
13.58596798		0.02719025034	1.076010135e-05	
13.60110555		0.02737500422	1.076427812e-05	
13.61624312		0.02755791963	1.076770526e-05	
13.63138069		0.02773900062	1.077039204e-05	
13.64651826		0.02791825174	1.077234782e-05	
13.66165583		0.02809567786	1.077358203e-05	
13.6767934		0.02827128421	1.077410426e-05	
13.69193097		0.02844507621	1.077392412e-05	
13.70706853		0.02861705969	1.077305139e-05	
13.7222061		0.02878724065	1.077149585e-05	
13.73734367		0.02895562549	1.07692674e-05	
13.75248124		0.02912222084	1.076637593e-05	
13.76761881		0.02928703371	1.076283141e-05	
13.78275638		0.02945007139	1.075864377e-05	
13.79789395		0.02961134154	1.075382301e-05	
13.81303152		0.02977085209	1.074837908e-05	
13.82816908		0.02992861138	1.074232196e-05	
13.84330665		0.03008462802	1.073566158e-05	
13.85844422		0.03023891101	1.072840789e-05	
13.87358179		0.03039146963	1.072057079e-05	
13.88871936		0.03054231358	1.071216016e-05	
13.90385693		0.03069145281	1.070318585e-05	
13.9189945		0.03083889769	1.069365771e-05	
13.93413207		0.03098465888	1.068358551e-05	
13.94926963		0.03112874745	1.067297904e-05	
13.9644072		0.03127117478	1.066184803e-05	
13.97954477		0.03141195267	1.065020223e-05	
13.99468234		0.03155109325	1.063805133e-05	
14.00981991		0.03168860912	1.062540503e-05	
14.02495748		0.03182451322	1.061227302e-05	
14.04009505		0.03195881903	1.059866499e-05	
14.05523262		0.0320915404	1.058459063e-05	
14.07037019		0.03222269178	1.057005968e-05	
14.08550775		0.03235228806	1.055508187e-05	
14.10064532		0.03248034484	1.053966702e-05	
14.11578289		0.03260687825	1.052382499e-05	
14.13092046		0.03273190522	1.050756573e-05	
14.14605803		0.03285544337	1.049089928e-05	
14.1611956		0.03297751125	1.047383582e-05	
14.17633317		0.0330981283	1.045638567e-05	
14.19147074		0.0332173151	1.043855936e-05	
14.2066083		0.03333509331	1.04203676e-05	
14.22174587		0.03345148601	1.04018214e-05	
14.23688344		0.03356651768	1.038293203e-05	
14.25202101		0.03368021455	1.036371115e-05	
14.26715858		0.03379260463	1.034417079e-05	
14.28229615		0.03390371812	1.032432349e-05	
14.29743372		0.03401358752	1.030418229e-05	
14.31257129		0.03412224806	1.028376086e-05	
14.32770885		0.0342297379	1.026307359e-05	
14.34284642		0.03433609866	1.024213567e-05	
14.35798399		0.03444137568	1.022096317e-05	
14.37312156		0.03454561869	1.019957325e-05	
14.38825913		0.03464888213	1.017798418e-05	
14.4033967		0.03475122597	1.015621561e-05	
14.41853427		0.03485271616	1.013428861e-05	
14.43367184		0.03495342558	1.011222599e-05	
14.4488094		0.0350534347	1.009005238e-05	
14.46394697		0.03515283262	1.006779455e-05	
14.47908454		0.03525171798	1.004548158e-05	
14.49422211		0.03535020023	1.002314519e-05	
14.50935968		0.03544840067	1.000081998e-05	
14.52449725		0.03554645401	9.978543806e-06	
14.53963482		0.03564450963	9.956358063e-06	
14.55477239		0.03574273341	9.934308115e-06	
14.56990995		0.03584130926	9.912443641e-06	
14.58504752		0.03594044115	9.890819101e-06	
14.60018509		0.03604035494	9.869494137e-06	
14.61532266		0.03614130065	9.848534082e-06	
14.63046023		0.03624355453	9.828010394e-06	
14.6455978		0.03634742143	9.808001182e-06	
14.66073537		0.03645323703	9.788591645e-06	
14.67587294		0.03656137028	9.769874583e-06	
14.69101051		0.03667222548	9.751950783e-06	
14.70614807		0.03678624455	9.734929436e-06	
14.72128564		0.03690390861	9.718928388e-06	
14.73642321		0.0370257396	9.704074349e-06	
14.75156078		0.03715230085	9.690502846e-06	
14.76669835		0.03728419718	9.678358044e-06	
14.78183592		0.03742207355	9.667792177e-06	
14.79697349		0.03756661248	9.65896467e-06	
14.81211106		0.03771852915	9.65204069e-06	
14.82724862		0.03787856435	9.647189135e-06	
14.84238619		0.03804747373	9.644579742e-06	
14.85752376		0.03822601329	9.644379267e-06	
14.87266133		0.03841491931	9.646746338e-06	
14.8877989		0.03861488212	9.65182483e-06	
14.90293647		0.03882651148	9.659735258e-06	
14.91807404		0.0390502924	9.670563918e-06	
14.93321161		0.03928652864	9.684349166e-06	
14.94834917		0.03953527228	9.701064455e-06	
14.96348674		0.03979623663	9.720597546e-06	
14.97862431		0.04006869166	9.74272574e-06	
14.99376188		0.04035134235	9.767087311e-06	
15.00889945		0.04064219638	9.793150676e-06	
15.02403702		0.04093843633	9.82018502e-06	
15.03917459		0.04123632996	9.847240107e-06	
15.05431216		0.04153123496	9.873148496e-06	
15.06944972		0.04181778478	9.89656968e-06	
15.08458729		0.04209033982	9.916094757e-06	
15.09972486		0.04234376138	9.930423052e-06	
15.11486243		0.04257436273	9.938573652e-06	
15.13		0.04279981961	9.945160027e-06	
