-15.13		0.9714347842	0.0002167265217	
-15.11486243		0.9715201502	0.0002183531357	
-15.09972486		0.971605578	0.0002199926714	
-15.08458729		0.9716910708	0.0002216450596	
-15.06944972		0.9717766322	0.0002233102311	
-15.05431216		0.9718622666	0.0002249881167	
-15.03917459		0.9719479789	0.0002266786479	
-15.02403702		0.9720337745	0.0002283817569	
-15.00889945		0.9721196594	0.0002300973772	
-14.99376188		0.97220564	0.0002318254437	
-14.97862431		0.9722917232	0.0002335658934	
-14.96348674		0.9723779165	0.0002353186653	
-14.94834917		0.9724642275	0.0002370837006	
-14.93321161		0.9725506646	0.0002388609437	
-14.91807404		0.9726372362	0.0002406503416	
-14.90293647		0.9727239513	0.0002424518449	
-14.8877989		0.972810819	0.0002442654073	
-14.87266133		0.972897849	0.0002460909866	
-14.85752376		0.9729850508	0.0002479285442	
-14.84238619		0.9730724346	0.0002497780459	
-14.82724862		0.9731600105	0.0002516394616	
-14.81211106		0.9732477889	0.0002535127658	
-14.79697349		0.9733357802	0.0002553979375	
-14.78183592		0.9734239952	0.0002572949606	
-14.76669835		0.9735124445	0.0002592038236	
-14.75156078		0.973601139	0.0002611245203	
-14.73642321		0.9736900896	0.0002630570492	
-14.72128564		0.9737793072	0.0002650014141	
-14.70614807		0.9738688026	0.0002669576241	
-14.69101051		0.9739585869	0.0002689256934	
-14.67587294		0.9740486707	0.0002709056414	
-14.66073537		0.9741390651	0.0002728974929	
-14.6455978		0.9742297807	0.000274901278	
-14.63046023		0.9743208281	0.0002769170321	
-14.61532266		0.9744122181	0.0002789447958	
-14.60018509		0.9745039609	0.0002809846152	
-14.58504752		0.974596067	0.0002830365414	
-14.56990995		0.9746885465	0.000285100631	
-14.55477239		0.9747814094	0.0002871769456	
-14.53963482		0.9748746656	0.000289265552	
-14.52449725		0.9749683248	0.0002913665221	
-14.50935968		0.9750623965	0.0002934799329	
-14.49422211		0.9751568899	0.0002956058664	
-14.47908454		0.9752518142	0.0002977444094	
-14.46394697		0.9753471782	0.0002998956537	
-14.4488094		0.9754429906	0.0003020596958	
-14.43367184		0.9755392599	0.0003042366372	
-14.41853427		0.9756359944	0.0003064265838	
-14.4033967		0.9757332019	0.0003086296462	
-14.38825913		0.9758308903	0.0003108459397	
-14.37312156		0.9759290671	0.0003130755841	
-14.35798399		0.9760277396	0.0003153187034	
-14.34284642		0.9761269149	0.0003175754264	
-14.32770885		0.9762265998	0.000319845886	
-14.31257129		0.9763268008	0.0003221302194	
-14.29743372		0.9764275244	0.0003244285684	
-14.28229615		0.9765287767	0.0003267410786	
-14.26715858		0.9766305634	0.0003290679003	
-14.25202101		0.9767328903	0.0003314091876	
-14.23688344		0.9768357628	0.0003337650991	
-14.22174587		0.9769391861	0.0003361357974	
-14.2066083		0.977043165	0.0003385214494	
-14.19147074		0.9771477044	0.0003409222263	
-14.17633317		0.9772528088	0.0003433383032	
-14.1611956		0.9773584823	0.0003457698598	
-14.14605803		0.9774647291	0.0003482170799	
-14.13092046		0.977571553	0.0003506801517	
-14.11578289		0.9776789575	0.0003531592676	
-14.10064532		0.9777869458	0.0003556546247	
-14.08550775		0.9778955204	0.0003581664242	
-14.07037019		0.9780046832	0.0003606948717	
-14.05523262		0.9781144344	0.0003632401771	
-14.04009505		0.9782247717	0.0003658025541	
-14.02495748		0.9783356908	0.0003683822207	
-14.00981991		0.9784471894	0.0003709794005	
-13.99468234		0.9785592751	0.0003735943262	
-13.97954477		0.9786719658	0.0003762272398	
-13.9644072		0.9787852769	0.000378878388	
-13.94926963		0.9788992121	0.000381548019	
-13.93413207		0.9790137686	0.0003842363842	
-13.9189945		0.9791289429	0.0003869437405	
-13.90385693		0.979244733	0.000389670352	
-13.88871936		0.979361138	0.0003924164894	
-13.87358179		0.9794781577	0.0003951824305	
-13.85844422		0.9795957925	0.0003979684602	
-13.84330665		0.9797140429	0.0004007748706	
-13.82816908		0.9798329091	0.0004036019612	
-13.81303152		0.9799523917	0.0004064500393	
-13.79789395		0.9800724908	0.0004093194201	
-13.78275638		0.9801932067	0.0004122104271	
-13.76761881		0.9803145395	0.0004151233925	
-13.75248124		0.9804364892	0.0004180586574	
-13.73734367		0.9805590557	0.0004210165723	
-13.7222061		0.9806822389	0.0004239974974	
-13.70706853		0.9808060386	0.0004270018031	
-13.69193097		0.9809304544	0.0004300298703	
-13.6767934		0.9810554859	0.0004330820909	
-13.66165583		0.9811811328	0.0004361588686	
-13.64651826		0.9813073945	0.0004392606188	
-13.63138069		0.9814342704	0.0004423877698	
-13.61624312		0.9815617599	0.000445540763	
-13.60110555		0.9816898624	0.0004487200538	
-13.58596798		0.9818185771	0.000451926112	
-13.57083042		0.9819479032	0.0004551594228	
-13.55569285		0.98207784	0.0004584204876	
-13.54055528		0.9822083867	0.0004617098247	
-13.52541771		0.9823395423	0.0004650279703	
-13.51028014		0.982471306	0.0004683754799	
-13.49514257		0.9826036768	0.0004717529287	
-13.480005		0.9827366539	0.0004751609137	
-13.46486743		0.9828702362	0.0004786000543	
-13.44972986		0.9830044227	0.0004820709939	
-13.4345923		0.9831392125	0.0004855744015	
-13.41945473		0.9832746044	0.0004891109727	
-13.40431716		0.9834105975	0.0004926814313	
-13.38917959		0.9835471906	0.0004962865301	
-13.37404202		0.9836843825	0.0004999270511	
-13.35890445		0.9838221719	0.0005036038052	
-13.34376688		0.9839605573	0.0005073176302	
-13.32862931		0.9840995369	0.0005110693866	
-13.31349175		0.9842391086	0.0005148599527	
-13.29835418		0.9843792698	0.0005186902163	
-13.28321661		0.9845200172	0.0005225610673	
-13.26807904		0.9846613468	0.0005264733935	
-13.25294147		0.9848032539	0.0005304280823	
-13.2378039		0.984945733	0.0005344260355	
-13.22266633		0.9850887787	0.0005384681937	
-13.20752876		0.9852323854	0.0005425555639	
-13.1923912		0.9853765478	0.0005466892342	
-13.17725363		0.9855212607	0.0005508703619	
-13.16211606		0.9856665181	0.00055510013	
-13.14697849		0.9858123132	0.000559379687	
-13.13184092		0.9859586368	0.0005637100975	
-13.11670335		0.9861054778	0.0005680923302	
-13.10156578		0.9862528233	0.0005725273019	
-13.08642821		0.98640066	0.0005770159716	
-13.07129065		0.9865489752	0.0005815594539	
-13.05615308		0.9866977577	0.0005861591021	
-13.04101551		0.986846998	0.0005908165131	
-13.02587794		0.9869966871	0.0005955334398	
-13.01074037		0.9871468149	0.0006003116407	
-12.9956028		0.9872973689	0.0006051527368	
-12.98046523		0.987448333	0.0006100581424	
-12.96532766		0.9875996882	0.0006150291125	
-12.9501901		0.9877514141	0.000620066894	
-12.93505253		0.9879034908	0.0006251729222	
-12.91991496		0.9880559	0.0006303489762	
-12.90477739		0.9882086257	0.0006355972161	
-12.88963982		0.988361653	0.0006409200761	
-12.87450225		0.9885149658	0.0006463200545	
-12.85936468		0.9886685457	0.0006517994917	
-12.84422711		0.98882237	0.0006573604392	
-12.82908954		0.9889764122	0.0006630046795	
-12.81395198		0.9891306435	0.0006687338975	
-12.79881441		0.9892850347	0.0006745499351	
-12.78367684		0.989439558	0.0006804550192	
-12.76853927		0.9895941879	0.0006864518602	
-12.7534017		0.9897489	0.0006925435669	
-12.73826413		0.9899036694	0.0006987334133	
-12.72312656		0.9900584689	0.0007050245607	
-12.70798899		0.9902132673	0.0007114198671	
-12.69285143		0.9903680298	0.0007179218762	
-12.67771386		0.9905227186	0.000724533003	
-12.66257629		0.9906772955	0.0007312558404	
-12.64743872		0.9908317237	0.0007380934525	
-12.63230115		0.9909859679	0.0007450495112	
-12.61716358		0.9911399945	0.0007521281993	
-12.60202601		0.991293769	0.000759333909	
-12.58688844		0.9914472542	0.0007666708719	
-12.57175088		0.9916004088	0.0007741428982	
-12.55661331		0.9917531873	0.0007817533581	
-12.54147574		0.9919055414	0.0007895054331	
-12.52633817		0.9920574221	0.0007974025334	
-12.5112006		0.9922087817	0.0008054486951	
-12.49606303		0.9923595746	0.0008136487655	
-12.48092546		0.9925097564	0.0008220082699	
-12.46578789		0.992659282	0.0008305330093	
-12.45065033		0.9928081035	0.0008392285736	
-12.43551276		0.992956169	0.0008481000153	
-12.42037519		0.9931034222	0.0008571518569	
-12.40523762		0.9932498048	0.0008663884517	
-12.39010005		0.993395258	0.0008758145441	
-12.37496248		0.9935397244	0.0008854357712	
-12.35982491		0.993683149	0.0008952588565	
-12.34468734		0.9938254777	0.000905291378	
-12.32954977		0.9939666554	0.0009155412032	
-12.31441221		0.9941066243	0.0009260158559	
-12.29927464		0.9942453225	0.0009367221387	
-12.28413707		0.9943826844	0.0009476662151	
-12.2689995		0.994518643	0.0009588541358	
-12.25386193		0.9946531312	0.000970292573	
-12.23872436		0.9947860837	0.0009819894096	
-12.22358679		0.9949174375	0.0009939538806	
-12.20844922		0.9950471301	0.001006196166	
-12.19331166		0.9951750981	0.001018726619	
-12.17817409		0.9953012751	0.001031555004	
-12.16303652		0.9954255917	0.001044690165	
-12.14789895		0.9955479762	0.001058140298	
-12.13276138		0.995668356	0.001071913747	
-12.11762381		0.99578666	0.001086019917	
-12.10248624		0.995902819	0.001100469879	
-12.08734867		0.996016766	0.001115276307	
-12.07221111		0.9961284346	0.001130452778	
-12.05707354		0.9962377575	0.001146012744	
-12.04193597		0.9963446652	0.001161968754	
-12.0267984		0.9964490867	0.001178332328	
-12.01166083		0.99655095	0.001195114611	
-11.99652326		0.9966501843	0.001212327476	
-11.98138569		0.9967467209	0.001229984548	
-11.96624812		0.9968404937	0.001248101583	
-11.95111056		0.9969314388	0.001266695988	
-11.93597299		0.9970194928	0.001285785695	
-11.92083542		0.9971045924	0.001305387993	
-11.90569785		0.9971866734	0.001325518963	
-11.89056028		0.9972656716	0.001346193853	
-11.87542271		0.9973415244	0.001367428225	
-11.86028514		0.9974141715	0.001389239288	
-11.84514757		0.9974835556	0.001411646698	
-11.83001001		0.9975496227	0.001434672375	
-11.81487244		0.9976123208	0.001458339411	
-11.79973487		0.9976715993	0.001482670654	
-11.7845973		0.9977274087	0.00150768778	
-11.76945973		0.9977797004	0.001533411382	
-11.75432216		0.9978284281	0.001559862066	
-11.73918459		0.9978735484	0.001587061962	
-11.72404702		0.9979150215	0.001615035818	
-11.70890945		0.9979528112	0.001643811062	
-11.69377189		0.9979868846	0.001673416783	
-11.67863432		0.9980172116	0.001703882224	
-11.66349675		0.9980437642	0.001735235645	
-11.64835918		0.9980665168	0.001767504242	
-11.63322161		0.9980854465	0.00180071518	
-11.61808404		0.9981005339	0.001834897141	
-11.60294647		0.9981117634	0.001870081516	
-11.5878089		0.9981191237	0.001906302561	
-11.57267134		0.9981226073	0.001943596447	
-11.55753377		0.9981222099	0.001981999775	
-11.5423962		0.9981179307	0.00202154847	
-11.52725863		0.9981097714	0.002062277693	
-11.51212106		0.9980977374	0.002104222806	
-11.49698349		0.9980818374	0.002147420814	
-11.48184592		0.9980620845	0.002191911413	
-11.46670835		0.9980384956	0.002237737054	
-11.45157079		0.9980110918	0.002284942032	
-11.43643322		0.9979798978	0.002333571196	
-11.42129565		0.9979449415	0.002383669057	
-11.40615808		0.9979062541	0.002435279832	
-11.39102051		0.9978638699	0.002488448326	
-11.37588294		0.9978178269	0.002543221087	
-11.36074537		0.9977681669	0.002599647121	
-11.3456078		0.9977149353	0.002657777774	
-11.33047024		0.9976581811	0.002717665925	
-11.31533267		0.9975979566	0.002779365014	
-11.3001951		0.9975343169	0.002842928511	
-11.28505753		0.9974673201	0.002908410091	
-11.26991996		0.9973970272	0.002975864334	
-11.25478239		0.9973235019	0.003045347473	
-11.23964482		0.9972468111	0.003116917719	
-11.22450725		0.9971670247	0.003190635011	
-11.20936968		0.9970842151	0.003266560404	
-11.19423212		0.9969984574	0.003344755477	
-11.17909455		0.9969098288	0.003425282111	
-11.16395698		0.9968184084	0.003508202684	
-11.14881941		0.9967242778	0.00359358049	
-11.13368184		0.9966275204	0.003681480072	
-11.11854427		0.9965282214	0.003771967255	
-11.1034067		0.9964264678	0.00386510888	
-11.08826913		0.996322348	0.00396097241	
-11.07313157		0.9962159506	0.00405962563	
-11.057994		0.9961073646	0.004161136549	
-11.04285643		0.995996678	0.004265573484	
-11.02771886		0.9958839789	0.004373005191	
-11.01258129		0.9957693615	0.004483500922	
-10.99744372		0.9956529335	0.00459713035	
-10.98230615		0.9955348141	0.004713963347	
-10.96716858		0.9954151153	0.00483406966	
-10.95203102		0.995293934	0.004957518689	
-10.93689345		0.9951713602	0.00508437942	
-10.92175588		0.9950474856	0.005214720403	
-10.90661831		0.9949224053	0.005348609702	
-10.89148074		0.9947962165	0.005486114772	
-10.87634317		0.9946690179	0.005627302307	
-10.8612056		0.9945409085	0.00577223805	
-10.84606803		0.9944119874	0.005920986617	
-10.83093047		0.9942823533	0.006073611335	
-10.8157929		0.9941521044	0.00623017409	
-10.80065533		0.9940213385	0.00639073518	
-10.78551776		0.9938901526	0.006555353172	
-10.77038019		0.9937586428	0.006724084738	
-10.75524262		0.9936269042	0.006896984495	
-10.74010505		0.9934950312	0.007074104838	
-10.72496748		0.9933631168	0.007255495773	
-10.70982991		0.9932312529	0.007441204743	
-10.69469235		0.99309953	0.007631276463	
-10.67955478		0.9929680374	0.007825752753	
-10.66441721		0.9928368629	0.008024672378	
-10.64927964		0.9927060926	0.0082280709	
-10.63414207		0.9925758113	0.008435980524	
-10.6190045		0.9924461019	0.008648429956	
-10.60386693		0.9923170457	0.008865444265	
-10.58872936		0.9921887222	0.009087044735	
-10.5735918		0.992061209	0.009313248744	
-10.55845423		0.9919345819	0.009544069634	
-10.54331666		0.9918089148	0.009779516608	
-10.52817909		0.9916842795	0.01001959463	
-10.51304152		0.9915607459	0.01026430435	
-10.49790395		0.9914383817	0.01051364201	
-10.48276638		0.9913172528	0.0107675994	
-10.46762881		0.9911974228	0.01102616378	
-10.45249125		0.9910789533	0.01128931787	
-10.43735368		0.9909619035	0.01155703979	
-10.42221611		0.9908463308	0.01182930309	
-10.40707854		0.9907322902	0.01210607671	
-10.39194097		0.9906198347	0.01238732503	
-10.3768034		0.990509015	0.01267300789	
-10.36166583		0.9903998797	0.01296308066	
-10.34652826		0.9902924751	0.01325749425	
-10.3313907		0.9901868456	0.01355619524	
-10.31625313		0.9900830332	0.01385912594	
-10.30111556		0.989981078	0.0141662245	
-10.28597799		0.9898810177	0.01447742503	
-10.27084042		0.9897828882	0.01479265772	
-10.25570285		0.9896867231	0.01511184902	
-10.24056528		0.9895925541	0.01543492173	
-10.22542771		0.9895004107	0.01576179523	
-10.21029015		0.9894103206	0.01609238561	
-10.19515258		0.9893223095	0.01642660588	
-10.18001501		0.9892364009	0.01676436616	
-10.16487744		0.9891526168	0.01710557386	
-10.14973987		0.9890709771	0.01745013393	
-10.1346023		0.9889914999	0.01779794902	
-10.11946473		0.9889142015	0.01814891976	
-10.10432716		0.9888390966	0.01850294491	
-10.08918959		0.9887661979	0.01885992164	
-10.07405203		0.9886955168	0.01921974574	
-10.05891446		0.9886270627	0.01958231182	
-10.04377689		0.9885608436	0.01994751358	
-10.02863932		0.9884968661	0.02031524398	
-10.01350175		0.988435135	0.02068539552	
-9.998364182		0.9883756538	0.02105786039	
-9.983226613		0.9883184247	0.02143253072	
-9.968089045		0.9882634483	0.02180929881	
-9.952951476		0.988210724	0.02218805726	
-9.937813907		0.98816025	0.02256869922	
-9.922676338		0.988112023	0.02295111856	
-9.907538769		0.9880660388	0.02333521004	
-9.892401201		0.9880222918	0.02372086946	
-9.877263632		0.9879807755	0.02410799386	
-9.862126063		0.9879414821	0.02449648164	
-9.846988494		0.9879044031	0.02488623271	
-9.831850925		0.9878695286	0.02527714858	
-9.816713357		0.9878368481	0.02566913254	
-9.801575788		0.98780635	0.02606208971	
-9.786438219		0.9877780219	0.02645592717	
-9.77130065		0.9877518505	0.02685055402	
-9.756163082		0.9877278218	0.02724588148	
-9.741025513		0.987705921	0.02764182291	
-9.725887944		0.9876861324	0.02803829391	
-9.710750375		0.98766844	0.02843521232	
-9.695612806		0.9876528267	0.02883249829	
-9.680475238		0.9876392752	0.02923007427	
-9.665337669		0.9876277673	0.02962786504	
-9.6502001		0.9876182843	0.03002579768	
-9.635062531		0.987610807	0.03042380162	
-9.619924962		0.9876053159	0.03082180858	
-9.604787394		0.9876017907	0.03121975258	
-9.589649825		0.9876002108	0.03161756987	
-9.574512256		0.9876005552	0.03201519894	
-9.559374687		0.9876028025	0.03241258045	
-9.544237119		0.9876069311	0.03280965718	
-9.52909955		0.9876129187	0.033206374	
-9.513961981		0.987620743	0.03360267777	
-9.498824412		0.9876303812	0.03399851733	
-9.483686843		0.9876418105	0.03439384338	
-9.468549275		0.9876550076	0.03478860848	
-9.453411706		0.9876699491	0.03518276688	
-9.438274137		0.9876866114	0.03557627452	
-9.423136568		0.9877049705	0.03596908895	
-9.407998999		0.9877250026	0.0363611692	
-9.392861431		0.9877466836	0.03675247575	
-9.377723862		0.9877699891	0.03714297043	
-9.362586293		0.9877948948	0.03753261632	
-9.347448724		0.9878213762	0.03792137772	
-9.332311156		0.9878494089	0.03830922	
-9.317173587		0.987878968	0.0386961096	
-9.302036018		0.9879100291	0.03908201386	
-9.286898449		0.9879425673	0.03946690103	
-9.27176088		0.987976558	0.03985074012	
-9.256623312		0.9880119764	0.04023350089	
-9.241485743		0.9880487977	0.04061515371	
-9.226348174		0.9880869972	0.04099566955	
-9.211210605		0.9881265502	0.04137501988	
-9.196073037		0.988167432	0.04175317658	
-9.180935468		0.9882096179	0.04213011194	
-9.165797899		0.9882530834	0.04250579855	
-9.15066033		0.9882978038	0.04288020925	
-9.135522761		0.9883437546	0.04325331708	
-9.120385193		0.9883909113	0.04362509523	
-9.105247624		0.9884392494	0.04399551697	
-9.090110055		0.9884887441	0.04436455562	
-9.074972486		0.9885393704	0.04473218448	
-9.059834917		0.988591102	0.04509837676	
-9.044697349		0.9886439111	0.04546310552	
-9.02955978		0.988697768	0.04582634361	
-9.014422211		0.9887526437	0.04618806378	
-8.999284642		0.9888085165	0.04654823894	
-8.984147074		0.9888653765	0.04690684236	
-8.969009505		0.988923215	0.04726384718	
-8.953871936		0.9889820136	0.04761922586	
-8.938734367		0.9890417459	0.04797295022	
-8.923596798		0.9891023843	0.04832499176	
-8.90845923		0.9891639022	0.04867532174	
-8.893321661		0.9892262751	0.04902391124	
-8.878184092		0.9892894793	0.0493707311	
-8.863046523		0.989353492	0.0497157519	
-8.847908954		0.9894182909	0.05005894395	
-8.832771386		0.9894838539	0.05040027729	
-8.817633817		0.9895501592	0.05073972171	
-8.802496248		0.9896171851	0.0510772467	
-8.787358679		0.9896849102	0.05141282151	
-8.772221111		0.9897533133	0.05174641517	
-8.757083542		0.9898223735	0.05207799644	
-8.741945973		0.9898920698	0.05240753388	
-8.726808404		0.9899623816	0.05273499587	
-8.711670835		0.9900332884	0.05306035059	
-8.696533267		0.9901047701	0.05338356606	
-8.681395698		0.9901768065	0.05370461019	
-8.666258129		0.9902493778	0.05402345075	
-8.65112056		0.9903224645	0.05434005543	
-8.635982991		0.990396047	0.05465439188	
-8.620845423		0.9904701062	0.0549664277	
-8.605707854		0.990544623	0.05527613049	
-8.590570285		0.9906195787	0.05558346787	
-8.575432716		0.9906949548	0.05588840754	
-8.560295148		0.9907707329	0.05619091726	
-8.545157579		0.9908468949	0.05649096492	
-8.53002001		0.9909234229	0.05678851858	
-8.514882441		0.9910002993	0.05708354646	
-8.499744872		0.9910775066	0.05737601702	
-8.484607304		0.9911550276	0.05766589897	
-8.469469735		0.9912328454	0.05795316128	
-8.454332166		0.9913109432	0.05823777329	
-8.439194597		0.9913893045	0.05851970466	
-8.424057029		0.9914679129	0.05879892546	
-8.40891946		0.9915467525	0.05907540617	
-8.393781891		0.9916258072	0.05934911774	
-8.378644322		0.9917050615	0.05962003161	
-8.363506753		0.9917845	0.05988811975	
-8.348369185		0.9918641073	0.06015335469	
-8.333231616		0.9919438683	0.06041570955	
-8.318094047		0.9920237684	0.06067515806	
-8.302956478		0.9921037926	0.06093167465	
-8.287818909		0.9921839266	0.06118523439	
-8.272681341		0.992264156	0.0614358131	
-8.257543772		0.9923444666	0.06168338733	
-8.242406203		0.9924248443	0.06192793441	
-8.227268634		0.9925052752	0.0621694325	
-8.212131066		0.9925857456	0.06240786056	
-8.196993497		0.9926662417	0.06264319842	
-8.181855928		0.9927467501	0.06287542681	
-8.166718359		0.9928272572	0.06310452734	
-8.15158079		0.9929077498	0.06333048258	
-8.136443222		0.9929882144	0.06355327605	
-8.121305653		0.9930686379	0.06377289224	
-8.106168084		0.9931490072	0.06398931663	
-8.091030515		0.9932293091	0.06420253575	
-8.075892946		0.9933095307	0.06441253713	
-8.060755378		0.9933896588	0.06461930937	
-8.045617809		0.9934696807	0.06482284214	
-8.03048024		0.9935495832	0.0650231262	
-8.015342671		0.9936293536	0.06522015339	
-8.000205103		0.993708979	0.06541391668	
-7.985067534		0.9937884465	0.06560441016	
-7.969929965		0.9938677434	0.06579162902	
-7.954792396		0.9939468567	0.06597556965	
-7.939654827		0.9940257739	0.06615622953	
-7.924517259		0.9941044821	0.06633360735	
-7.90937969		0.9941829686	0.06650770292	
-7.894242121		0.9942612207	0.06667851723	
-7.879104552		0.9943392258	0.06684605245	
-7.863966983		0.9944169712	0.0670103119	
-7.848829415		0.9944944443	0.0671713001	
-7.833691846		0.9945716327	0.0673290227	
-7.818554277		0.9946485236	0.06748348656	
-7.803416708		0.9947251048	0.06763469966	
-7.78827914		0.9948013638	0.06778267118	
-7.773141571		0.9948772882	0.06792741142	
-7.758004002		0.9949528658	0.06806893186	
-7.742866433		0.9950280842	0.06820724509	
-7.727728864		0.9951029313	0.06834236484	
-7.712591296		0.9951773951	0.06847430597	
-7.697453727		0.9952514635	0.06860308442	
-7.682316158		0.9953251246	0.06872871725	
-7.667178589		0.9953983664	0.06885122259	
-7.652041021		0.9954711774	0.06897061961	
-7.636903452		0.9955435456	0.06908692858	
-7.621765883		0.9956154597	0.06920017074	
-7.606628314		0.995686908	0.06931036839	
-7.591490745		0.9957578791	0.06941754478	
-7.576353177		0.9958283618	0.06952172417	
-7.561215608		0.9958983448	0.06962293174	
-7.546078039		0.995967817	0.0697211936	
-7.53094047		0.9960367673	0.06981653678	
-7.515802901		0.9961051849	0.06990898916	
-7.500665333		0.9961730587	0.06999857951	
-7.485527764		0.9962403782	0.07008533738	
-7.470390195		0.9963071325	0.07016929316	
-7.455252626		0.9963733111	0.070250478	
-7.440115058		0.9964389035	0.07032892378	
-7.424977489		0.9965038991	0.0704046631	
-7.40983992		0.9965682876	0.07047772926	
-7.394702351		0.9966320587	0.0705481562	
-7.379564782		0.996695202	0.07061597848	
-7.364427214		0.9967577073	0.07068123128	
-7.349289645		0.9968195643	0.0707439503	
-7.334152076		0.996880763	0.0708041718	
-7.319014507		0.9969412932	0.07086193252	
-7.303876938		0.9970011447	0.07091726969	
-7.28873937		0.9970603073	0.07097022094	
-7.273601801		0.997118771	0.07102082432	
-7.258464232		0.9971765256	0.07106911823	
-7.243326663		0.9972335608	0.07111514141	
-7.228189095		0.9972898665	0.07115893292	
-7.213051526		0.9973454324	0.07120053206	
-7.197913957		0.9974002483	0.07123997838	
-7.182776388		0.9974543036	0.07127731164	
-7.167638819		0.997507588	0.07131257176	
-7.152501251		0.997560091	0.07134579882	
-7.137363682		0.9976118018	0.07137703299	
-7.122226113		0.9976627099	0.07140631454	
-7.107088544		0.9977128044	0.07143368378	
-7.091950975		0.9977620743	0.07145918105	
-7.076813407		0.9978105085	0.0714828467	
-7.061675838		0.997858096	0.07150472102	
-7.046538269		0.9979048253	0.07152484426	
-7.0314007		0.9979506851	0.07154325658	
-7.016263132		0.9979956636	0.07155999804	
-7.001125563		0.9980397492	0.07157510853	
-6.985987994		0.99808293	0.07158862782	
-6.970850425		0.998125194	0.07160059547	
-6.955712856		0.9981665288	0.07161105083	
-6.940575288		0.9982069223	0.07162003303	
-6.925437719		0.9982463619	0.07162758093	
-6.91030015		0.998284835	0.07163373312	
-6.895162581		0.9983223288	0.07163852788	
-6.880025013		0.9983588305	0.07164200315	
-6.864887444		0.9983943269	0.07164419655	
-6.849749875		0.9984288048	0.07164514528	
-6.834612306		0.9984622511	0.07164488619	
-6.819474737		0.9984946523	0.07164345569	
-6.804337169		0.9985259949	0.07164088976	
-6.7891996		0.9985562652	0.07163722394	
-6.774062031		0.9985854495	0.07163249324	
-6.758924462		0.9986135341	0.07162673223	
-6.743786893		0.998640505	0.07161997492	
-6.728649325		0.9986663483	0.0716122548	
-6.713511756		0.99869105	0.07160360485	
-6.698374187		0.998714596	0.07159405747	
-6.683236618		0.9987369722	0.07158364452	
-6.66809905		0.9987581643	0.07157239728	
-6.652961481		0.9987781582	0.07156034649	
-6.637823912		0.9987969396	0.07154752228	
-6.622686343		0.9988144943	0.07153395424	
-6.607548774		0.9988308078	0.07151967139	
-6.592411206		0.998845866	0.0715047022	
-6.577273637		0.9988596545	0.07148907459	
-6.562136068		0.9988721588	0.07147281595	
-6.546998499		0.9988833648	0.07145595311	
-6.53186093		0.9988932579	0.07143851235	
-6.516723362		0.9989018239	0.0714205194	
-6.501585793		0.9989090484	0.07140199941	
-6.486448224		0.998914917	0.07138297694	
-6.471310655		0.9989194154	0.07136347596	
-6.456173087		0.9989225293	0.07134351974	
-6.441035518		0.9989242445	0.07132313087	
-6.425897949		0.9989245465	0.07130233115	
-6.41076038		0.9989234211	0.07128114151	
-6.395622811		0.9989208542	0.07125958197	
-6.380485243		0.9989168314	0.07123767154	
-6.365347674		0.9989113387	0.07121542812	
-6.350210105		0.9989043618	0.07119286845	
-6.335072536		0.9988958865	0.07117000802	
-6.319934967		0.9988858988	0.07114686102	
-6.304797399		0.9988743845	0.07112344027	
-6.28965983		0.9988613295	0.07109975723	
-6.274522261		0.9988467196	0.071075822	
-6.259384692		0.9988305408	0.07105164335	
-6.244247124		0.9988127788	0.0710272288	
-6.229109555		0.9987934194	0.07100258473	
-6.213971986		0.9987724483	0.07097771651	
-6.198834417		0.9987498513	0.07095262863	
-6.183696848		0.9987256138	0.07092732488	
-6.16855928		0.9986997213	0.07090180852	
-6.153421711		0.9986721592	0.07087608248	
-6.138284142		0.9986429123	0.07085014951	
-6.123146573		0.9986119654	0.0708240123	
-6.108009005		0.9985793023	0.07079767363	
-6.092871436		0.9985449056	0.07077113634	
-6.077733867		0.9985087552	0.07074440337	
-6.062596298		0.9984708269	0.07071747757	
-6.047458729		0.9984310898	0.07069036156	
-6.032321161		0.9983895071	0.07066305767	
-6.017183592		0.9983460479	0.07063556873	
-6.002046023		0.998300716	0.07060789992	
-5.986908454		0.9982535599	0.07058005942	
-5.971770885		0.998204626	0.07055205491	
-5.956633317		0.9981539103	0.07052389006	
-5.941495748		0.9981013728	0.07049556547	
-5.926358179		0.99804697	0.07046708083	
-5.91122061		0.9979906676	0.07043843585	
-5.896083042		0.9979324397	0.07040963009	
-5.880945473		0.9978722655	0.07038066278	
-5.865807904		0.9978101266	0.07035153262	
-5.850670335		0.9977460059	0.07032223775	
-5.835532766		0.9976798865	0.07029277571	
-5.820395198		0.9976117519	0.07026314352	
-5.805257629		0.9975415856	0.07023333768	
-5.79012006		0.9974693709	0.07020335421	
-5.774982491		0.9973950913	0.0701731887	
-5.759844922		0.9973187299	0.07014283631	
-5.744707354		0.9972402699	0.07011229175	
-5.729569785		0.9971596943	0.07008154929	
-5.714432216		0.9970769859	0.07005060274	
-5.699294647		0.9969921276	0.07001944535	
-5.684157079		0.9969051021	0.06998806983	
-5.66901951		0.9968158919	0.06995646823	
-5.653881941		0.9967244796	0.06992463194	
-5.638744372		0.9966308474	0.0698925516	
-5.623606803		0.9965349778	0.06986021704	
-5.608469235		0.9964368529	0.06982761726	
-5.593331666		0.9963364549	0.06979474039	
-5.578194097		0.9962337659	0.06976157368	
-5.563056528		0.9961287678	0.06972810344	
-5.547918959		0.9960214428	0.06969431512	
-5.532781391		0.9959117725	0.06966019324	
-5.517643822		0.9957997391	0.06962572148	
-5.502506253		0.9956853241	0.06959088265	
-5.487368684		0.9955685095	0.06955565877	
-5.472231116		0.9954492769	0.06952003112	
-5.457093547		0.9953276081	0.06948398023	
-5.441955978		0.9952034846	0.069447486	
-5.426818409		0.9950768882	0.0694105277	
-5.41168084		0.9949478003	0.06937308404	
-5.396543272		0.9948162026	0.06933513321	
-5.381405703		0.9946820765	0.06929665294	
-5.366268134		0.9945454035	0.06925762054	
-5.351130565		0.994406165	0.06921801292	
-5.335992996		0.9942643425	0.06917780665	
-5.320855428		0.9941199172	0.06913697799	
-5.305717859		0.9939728706	0.06909550289	
-5.29058029		0.9938231838	0.06905335706	
-5.275442721		0.9936708382	0.06901051598	
-5.260305153		0.993515815	0.0689669549	
-5.245167584		0.9933580954	0.06892264887	
-5.230030015		0.9931976605	0.06887757277	
-5.214892446		0.9930344914	0.0688317013	
-5.199754877		0.9928685694	0.06878500904	
-5.184617309		0.9926998753	0.06873747039	
-5.16947974		0.9925283904	0.06868905966	
-5.154342171		0.9923540956	0.06863975104	
-5.139204602		0.9921769718	0.06858951862	
-5.124067034		0.9919970001	0.06853833641	
-5.108929465		0.9918141613	0.06848617836	
-5.093791896		0.9916284364	0.06843301834	
-5.078654327		0.9914398062	0.06837883023	
-5.063516758		0.9912482515	0.06832358785	
-5.04837919		0.9910537532	0.06826726502	
-5.033241621		0.9908562919	0.06820983558	
-5.018104052		0.9906558484	0.06815127341	
-5.002966483		0.9904524034	0.06809155242	
-4.987828914		0.9902459375	0.0680306466	
-4.972691346		0.9900364313	0.06796853002	
-4.957553777		0.9898238652	0.06790517685	
-4.942416208		0.9896082197	0.0678405614	
-4.927278639		0.9893894753	0.06777465812	
-4.912141071		0.9891676123	0.0677074416	
-4.897003502		0.9889426108	0.06763888664	
-4.881865933		0.9887144512	0.06756896822	
-4.866728364		0.9884831134	0.06749766157	
-4.851590795		0.9882485775	0.06742494213	
-4.836453227		0.9880108234	0.06735078562	
-4.821315658		0.9877698308	0.067275168	
-4.806178089		0.9875255796	0.06719806558	
-4.79104052		0.9872780492	0.06711945493	
-4.775902951		0.9870272191	0.06703931298	
-4.760765383		0.9867730687	0.06695761701	
-4.745627814		0.986515577	0.06687434464	
-4.730490245		0.9862547232	0.06678947388	
-4.715352676		0.985990486	0.06670298315	
-4.700215108		0.9857228442	0.06661485128	
-4.685077539		0.9854517763	0.06652505751	
-4.66993997		0.9851772606	0.06643358154	
-4.654802401		0.9848992753	0.06634040351	
-4.639664832		0.9846177983	0.06624550406	
-4.624527264		0.9843328072	0.0661488643	
-4.609389695		0.9840442796	0.06605046583	
-4.594252126		0.9837521927	0.06595029077	
-4.579114557		0.9834565235	0.06584832178	
-4.563976988		0.9831572486	0.06574454204	
-4.54883942		0.9828543445	0.06563893528	
-4.533701851		0.9825477874	0.06553148579	
-4.518564282		0.982237553	0.06542217844	
-4.503426713		0.9819236168	0.06531099867	
-4.488289145		0.9816059541	0.06519793251	
-4.473151576		0.9812845396	0.06508296659	
-4.458014007		0.9809593478	0.06496608816	
-4.442876438		0.9806303528	0.06484728506	
-4.427738869		0.9802975282	0.06472654578	
-4.412601301		0.9799608474	0.06460385941	
-4.397463732		0.979620283	0.06447921568	
-4.382326163		0.9792758076	0.06435260499	
-4.367188594		0.978927393	0.06422401834	
-4.352051026		0.9785750106	0.06409344739	
-4.336913457		0.9782186315	0.06396088447	
-4.321775888		0.9778582261	0.06382632254	
-4.306638319		0.9774937641	0.06368975521	
-4.29150075		0.977125215	0.06355117676	
-4.276363182		0.9767525475	0.0634105821	
-4.261225613		0.9763757298	0.06326796683	
-4.246088044		0.9759947293	0.06312332715	
-4.230950475		0.9756095131	0.06297665994	
-4.215812906		0.9752200474	0.06282796271	
-4.200675338		0.9748262978	0.06267723362	
-4.185537769		0.974428229	0.06252447144	
-4.1704002		0.9740258054	0.0623696756	
-4.155262631		0.9736189901	0.06221284612	
-4.140125063		0.9732077459	0.06205398363	
-4.124987494		0.9727920342	0.06189308935	
-4.109849925		0.9723718155	0.0617301651	
-4.094712356		0.9719470486	0.0615652132	
-4.079574787		0.9715176897	0.06139823646	
-4.064437219		0.9710836911	0.06122923801	
-4.04929965		0.9706449978	0.06105822117	
-4.034162081		0.9702015458	0.06088518929	
-4.019024512		0.9697532667	0.06071014601	
-4.003886943		0.9693001106	0.06053309673	
-3.988749375		0.9688420703	0.06035405004	
-3.973611806		0.9683791596	0.06017301633	
-3.958474237		0.9679113625	0.05999000464	
-3.943336668		0.9674386246	0.05980502211	
-3.9281991		0.9669608769	0.05961807543	
-3.913061531		0.9664780523	0.0594291719	
-3.897923962		0.9659900884	0.05923831953	
-3.882786393		0.9654969261	0.05904552699	
-3.867648824		0.9649985079	0.0588508034	
-3.852511256		0.9644947762	0.05865415826	
-3.837373687		0.9639856731	0.0584556014	
-3.822236118		0.9634711397	0.05825514291	
-3.807098549		0.9629511161	0.05805279309	
-3.79196098		0.9624255409	0.05784856246	
-3.776823412		0.9618943519	0.05764246168	
-3.761685843		0.9613574853	0.05743450157	
-3.746548274		0.9608148758	0.05722469304	
-3.731410705		0.9602664572	0.05701304705	
-3.716273137		0.9597121613	0.05679957465	
-3.701135568		0.959151919	0.05658428684	
-3.685997999		0.9585856594	0.05636719465	
-3.67086043		0.9580133102	0.05614830902	
-3.655722861		0.9574347975	0.05592764082	
-3.640585293		0.9568500462	0.05570520076	
-3.625447724		0.956258979	0.05548099944	
-3.610310155		0.9556615176	0.05525504722	
-3.595172586		0.9550575817	0.05502735425	
-3.580035018		0.9544470893	0.05479793041	
-3.564897449		0.9538299569	0.05456678527	
-3.54975988		0.953206099	0.05433392806	
-3.534622311		0.9525754284	0.05409936763	
-3.519484742		0.9519378561	0.05386311242	
-3.504347174		0.9512932911	0.0536251704	
-3.489209605		0.9506416405	0.05338554905	
-3.474072036		0.9499828094	0.05314425531	
-3.458934467		0.9493167008	0.05290129557	
-3.443796898		0.9486432155	0.05265667559	
-3.42865933		0.9479622522	0.05241040049	
-3.413521761		0.9472737075	0.05216247471	
-3.398384192		0.9465774752	0.05191290193	
-3.383246623		0.945873447	0.05166168513	
-3.368109055		0.9451615121	0.05140882643	
-3.352971486		0.9444415569	0.05115432715	
-3.337833917		0.9437134651	0.05089818774	
-3.322696348		0.9429771177	0.05064040773	
-3.307558779		0.9422323927	0.05038098573	
-3.292421211		0.9414791649	0.05011991937	
-3.277283642		0.9407173061	0.04985720529	
-3.262146073		0.9399466846	0.0495928391	
-3.247008504		0.9391671655	0.04932681535	
-3.231870935		0.9383786099	0.04905912752	
-3.216733367		0.9375808753	0.04878976798	
-3.201595798		0.9367738155	0.04851872799	
-3.186458229		0.9359572797	0.04824599768	
-3.17132066		0.9351311133	0.04797156599	
-3.156183092		0.9342951569	0.04769542075	
-3.141045523		0.9334492465	0.04741754858	
-3.125907954		0.9325932136	0.04713793494	
-3.110770385		0.9317268841	0.04685656413	
-3.095632816		0.9308500791	0.04657341924	
-3.080495248		0.9299626141	0.04628848225	
-3.065357679		0.9290642989	0.04600173396	
-3.05022011		0.9281549376	0.04571315404	
-3.035082541		0.927234328	0.04542272107	
-3.019944972		0.9263022617	0.04513041255	
-3.004807404		0.9253585239	0.04483620493	
-2.989669835		0.9244028928	0.04454007368	
-2.974532266		0.9234351399	0.04424199331	
-2.959394697		0.9224550294	0.04394193742	
-2.944257129		0.9214623181	0.0436398788	
-2.92911956		0.9204567553	0.04333578946	
-2.913981991		0.9194380822	0.04302964073	
-2.898844422		0.9184060323	0.04272140333	
-2.883706853		0.9173603306	0.04241104747	
-2.868569285		0.9163006937	0.04209854297	
-2.853431716		0.9152268297	0.04178385933	
-2.838294147		0.9141384374	0.04146696588	
-2.823156578		0.9130352072	0.04114783191	
-2.80801901		0.9119168196	0.04082642678	
-2.792881441		0.9107829461	0.04050272011	
-2.777743872		0.9096332486	0.04017668188	
-2.762606303		0.9084673791	0.03984828267	
-2.747468734		0.9072849797	0.03951749377	
-2.732331166		0.9060856825	0.03918428741	
-2.717193597		0.9048691096	0.03884863693	
-2.702056028		0.9036348727	0.03851051702	
-2.686918459		0.9023825729	0.03816990389	
-2.67178089		0.9011118011	0.03782677556	
-2.656643322		0.8998221375	0.03748111202	
-2.641505753		0.8985131519	0.03713289556	
-2.626368184		0.8971844032	0.03678211095	
-2.611230615		0.8958354398	0.03642874574	
-2.596093047		0.8944657994	0.03607279053	
-2.580955478		0.893075009	0.03571423924	
-2.565817909		0.8916625851	0.03535308939	
-2.55068034		0.8902280337	0.0349893424	
-2.535542771		0.8887708505	0.03462300386	
-2.520405203		0.8872905209	0.03425408387	
-2.505267634		0.8857865201	0.03388259729	
-2.490130065		0.8842583135	0.03350856406	
-2.474992496		0.8827053572	0.03313200951	
-2.459854927		0.8811270975	0.03275296463	
-2.444717359		0.8795229721	0.03237146637	
-2.42957979		0.8778924099	0.03198755793	
-2.414442221		0.8762348318	0.03160128903	
-2.399304652		0.8745496509	0.03121271616	
-2.384167084		0.8728362732	0.03082190288	
-2.369029515		0.8710940981	0.03042891996	
-2.353891946		0.8693225194	0.03003384572	
-2.338754377		0.8675209255	0.02963676613	
-2.323616808		0.8656887005	0.029237775	
-2.30847924		0.8638252252	0.02883697419	
-2.293341671		0.8619298778	0.02843447365	
-2.278204102		0.8600020349	0.02803039153	
-2.263066533		0.8580410731	0.02762485428	
-2.247928964		0.8560463695	0.0272179966	
-2.232791396		0.8540173036	0.02680996146	
-2.217653827		0.8519532582	0.02640090002	
-2.202516258		0.8498536213	0.02599097152	
-2.187378689		0.8477177875	0.02558034314	
-2.172241121		0.8455451596	0.0251691898	
-2.157103552		0.8433351505	0.02475769389	
-2.141965983		0.8410871851	0.02434604502	
-2.126828414		0.8388007025	0.0239344396	
-2.111690845		0.8364751574	0.02352308053	
-2.096553277		0.8341100233	0.02311217668	
-2.081415708		0.8317047942	0.02270194244	
-2.066278139		0.829258987	0.02229259715	
-2.05114057		0.8267721445	0.02188436452	
-2.036003002		0.8242438376	0.02147747201	
-2.020865433		0.8216736683	0.02107215015	
-2.005727864		0.8190612724	0.02066863181	
-1.990590295		0.8164063226	0.02026715147	
-1.975452726		0.8137085313	0.01986794447	
-1.960315158		0.8109676537	0.01947124618	
-1.945177589		0.8081834914	0.01907729119	
-1.93004002		0.8053558948	0.01868631253	
-1.914902451		0.8024847672	0.01829854075	
-1.899764882		0.7995700674	0.01791420318	
-1.884627314		0.7966118133	0.01753352304	
-1.869489745		0.7936100855	0.01715671865	
-1.854352176		0.7905650297	0.01678400262	
-1.839214607		0.787476861	0.01641558111	
-1.824077039		0.7843458662	0.01605165309	
-1.80893947		0.7811724074	0.01569240962	
-1.793801901		0.7779569249	0.0153380332	
-1.778664332		0.7746999397	0.01498869721	
-1.763526763		0.7714020569	0.01464456531	
-1.748389195		0.7680639675	0.01430579098	
-1.733251626		0.7646864512	0.01397251707	
-1.718114057		0.7612703782	0.01364487548	
-1.702976488		0.7578167112	0.01332298681	
-1.687838919		0.7543265069	0.01300696015	
-1.672701351		0.7508009171	0.01269689296	
-1.657563782		0.7472411897	0.01239287089	
-1.642426213		0.7436486689	0.01209496783	
-1.627288644		0.7400247959	0.01180324592	
-1.612151076		0.7363711078	0.01151775564	
-1.597013507		0.7326892377	0.01123853597	
-1.581875938		0.7289809126	0.01096561463	
-1.566738369		0.7252479525	0.0106990083	
-1.5516008		0.7214922678	0.01043872299	
-1.536463232		0.7177158567	0.01018475433	
-1.521325663		0.7139208021	0.009937088014	
-1.506188094		0.7101092679	0.009695700192	
-1.491050525		0.706283495	0.00946055794	
-1.475912956		0.7024457964	0.009231619721	
-1.460775388		0.698598552	0.009008835885	
-1.445637819		0.6947442035	0.008792149166	
-1.43050025		0.6908852476	0.008581495196	
-1.415362681		0.6870242302	0.008376803022	
-1.400225113		0.6831637391	0.00817799562	
-1.385087544		0.6793063969	0.007984990408	
-1.369949975		0.6754548533	0.00779769975	
-1.354812406		0.6716117777	0.007616031456	
-1.339674837		0.6677798505	0.007439889262	
-1.324537269		0.6639617552	0.007269173301	
-1.3093997		0.66016017	0.007103780557	
-1.294262131		0.6563777591	0.006943605302	
-1.279124562		0.6526171642	0.006788539509	
-1.263986993		0.6488809958	0.00663847325	
-1.248849425		0.6451718245	0.00649329507	
-1.233711856		0.6414921718	0.006352892335	
-1.218574287		0.6378445	0.006217151552	
-1.203436718		0.6342312012	0.006085958649	
-1.18829915		0.6306545817	0.0059591992	
-1.173161581		0.6271168387	0.00583675856	
-1.158024012		0.6236200209	0.005718521838	
-1.142886443		0.6201659541	0.005604373548	
-1.127748874		0.6167560955	0.005494196667	
-1.112611306		0.6133912452	0.005387870496	
-1.097473737		0.6100709741	0.005285266234	
-1.082336168		0.6067925277	0.005186238423	
-1.067198599		0.6035488936	0.005090609979	
-1.052061031		0.6003260801	0.004998151785	
-1.036923462		0.5971018006	0.004908575305	
-1.021785893		0.5938535678	0.004821602036	
-1.006648324		0.5905865352	0.00473718618	
-0.9915107554		0.5873606805	0.004655716312	
-0.9763731866		0.5842581797	0.004577734919	
-0.9612356178		0.5813153023	0.004503402955	
-0.946098049		0.5785153193	0.004432467544	
-0.9309604802		0.5758263673	0.004364571714	
-0.9158229115		0.5732243164	0.004299431286	
-0.9006853427		0.5706954159	0.004236850529	
-0.8855477739		0.5682327269	0.004176691356	
-0.8704102051		0.5658328948	0.004118846956	
-0.8552726363		0.5634942621	0.004063226709	
-0.8401350675		0.5612159146	0.004009748652	
-0.8249974987		0.5589972299	0.003958335936	
-0.80985993		0.5568376697	0.003908915189	
-0.7947223612		0.5547366879	0.00386141576	
-0.7795847924		0.5526936907	0.003815769374	
-0.7644472236		0.5507080224	0.003771909951	
-0.7493096548		0.5487789602	0.003729773519	
-0.734172086		0.546905716	0.003689298148	
-0.7190345173		0.5450874389	0.003650423911	
-0.7038969485		0.5433232196	0.003613092837	
-0.6887593797		0.5416120947	0.003577248875	
-0.6736218109		0.5399530518	0.003542837856	
-0.6584842421		0.5383450336	0.003509807453	
-0.6433466733		0.5367869426	0.00347810714	
-0.6282091046		0.5352776461	0.003447688152	
-0.6130715358		0.5338159794	0.003418503444	
-0.597933967		0.5324007511	0.003390507649	
-0.5827963982		0.5310307461	0.003363657039	
-0.5676588294		0.5297047302	0.003337909475	
-0.5525212606		0.5284214528	0.003313224377	
-0.5373836918		0.5271796509	0.00328956267	
-0.5222461231		0.5259780522	0.003266886752	
-0.5071085543		0.5248153776	0.003245160447	
-0.4919709855		0.5236903443	0.003224348968	
-0.4768334167		0.5226016685	0.003204418872	
-0.4616958479		0.5215480671	0.003185338025	
-0.4465582791		0.5205282604	0.00316707556	
-0.4314207104		0.5195409737	0.003149601841	
-0.4162831416		0.5185849389	0.003132888421	
-0.4011455728		0.5176588964	0.003116908009	
-0.386008004		0.5167615961	0.003101634431	
-0.3708704352		0.5158917986	0.003087042597	
-0.3557328664		0.5150482762	0.003073108462	
-0.3405952976		0.5142298136	0.003059808997	
-0.3254577289		0.5134352088	0.003047122154	
-0.3103201601		0.5126632732	0.003035026832	
-0.2951825913		0.5119128322	0.003023502848	
-0.2800450225		0.5111827255	0.003012530904	
-0.2649074537		0.5104718068	0.003002092562	
-0.2497698849		0.5097789439	0.002992170209	
-0.2346323162		0.5091030189	0.002982747035	
-0.2194947474		0.5084429274	0.002973807	
-0.2043571786		0.5077975784	0.002965334813	
-0.1892196098		0.5071658938	0.002957315904	
-0.174082041		0.5065468078	0.002949736399	
-0.1589444722		0.5059392666	0.002942583098	
-0.1438069035		0.5053422271	0.002935843451	
-0.1286693347		0.5047546568	0.002929505534	
-0.1135317659		0.5041755325	0.002923558031	
-0.0983941971		0.5036038396	0.002917990211	
-0.08325662831		0.5030385713	0.002912791908	
-0.06811905953		0.5024787277	0.002907953504	
-0.05298149075		0.5019233143	0.002903465905	
-0.03784392196		0.5013713418	0.002899320531	
-0.02270635318		0.5008218243	0.002895509292	
-0.007568784392		0.5002737788	0.002892024574	
0.007568784392		0.4997262238	0.002888859223	
0.02270635318		0.4991781782	0.002886006529	
0.03784392196		0.4986286608	0.002883460213	
0.05298149075		0.4980766882	0.00288121441	
0.06811905953		0.4975212749	0.002879263656	
0.08325662831		0.4969614312	0.002877602878	
0.0983941971		0.4963961629	0.002876227376	
0.1135317659		0.4958244699	0.002875132816	
0.1286693347		0.4952453454	0.002874315212	
0.1438069035		0.4946577749	0.002873770922	
0.1589444722		0.4940607352	0.002873496633	
0.174082041		0.4934531936	0.00287348935	
0.1892196098		0.4928341072	0.002873746388	
0.2043571786		0.492202422	0.002874265362	
0.2194947474		0.4915570723	0.002875044175	
0.2346323162		0.49089698	0.002876081013	
0.2497698849		0.490221054	0.002877374334	
0.2649074537		0.4895281901	0.00287892286	
0.2800450225		0.4888172702	0.002880725569	
0.2951825913		0.4880871622	0.002882781689	
0.3103201601		0.4873367199	0.002885090686	
0.3254577289		0.4865647829	0.002887652259	
0.3405952976		0.4857701767	0.002890466338	
0.3557328664		0.4849517128	0.002893533066	
0.3708704352		0.4841081892	0.002896852802	
0.386008004		0.4832383907	0.002900426112	
0.4011455728		0.4823410897	0.002904253758	
0.4162831416		0.4814150469	0.002908336699	
0.4314207104		0.4804590124	0.002912676076	
0.4465582791		0.4794717263	0.002917273216	
0.4616958479		0.478451921	0.002922129616	
0.4768334167		0.4773983217	0.002927246945	
0.4919709855		0.4763096486	0.002932627031	
0.5071085543		0.475184619	0.002938271861	
0.5222461231		0.4740219486	0.002944183571	
0.5373836918		0.4728203548	0.00295036444	
0.5525212606		0.4715785585	0.002956816887	
0.5676588294		0.4702952871	0.002963543461	
0.5827963982		0.4689692774	0.002970546835	
0.597933967		0.4675992787	0.002977829803	
0.6130715358		0.4661840564	0.002985395269	
0.6282091046		0.4647223952	0.002993246241	
0.6433466733		0.4632131032	0.003001385827	
0.6584842421		0.4616550158	0.003009817224	
0.6736218109		0.4600469995	0.003018543712	
0.6887593797		0.4583879567	0.003027568646	
0.7038969485		0.45667683	0.003036895446	
0.7190345173		0.4549126065	0.003046527593	
0.734172086		0.453094323	0.003056468614	
0.7493096548		0.4512210701	0.003066722075	
0.7644472236		0.4492919971	0.003077291566	
0.7795847924		0.4473063159	0.003088180688	
0.7947223612		0.4452633044	0.003099393027	
0.80985993		0.4431623071	0.003110932114	
0.8249974987		0.441002731	0.003122801343	
0.8401350675		0.4387840305	0.003135003816	
0.8552726363		0.4365056682	0.003147541995	
0.8704102051		0.4341670222	0.003160416954	
0.8855477739		0.4317671792	0.003173626743	
0.9006853427		0.4293044823	0.003187162832	
0.9158229115		0.4267755774	0.003201002573	
0.9309604802		0.4241735261	0.003215094086	
0.946098049		0.421484578	0.003229329879	
0.9612356178		0.4186846031	0.003243515996	
0.9763731866		0.4157417378	0.003257387643	
0.9915107554		0.4126392528	0.00327078602	
1.006648324		0.409413417	0.003283967997	
1.021785893		0.4061464056	0.003297573754	
1.036923462		0.4028981955	0.003312091247	
1.052061031		0.3996739394	0.003327575662	
1.067198599		0.3964511489	0.003343850978	
1.082336168		0.3932075364	0.003360732519	
1.097473737		0.3899291092	0.003378096281	
1.112611306		0.3866088542	0.003395871396	
1.127748874		0.3832440161	0.003414019568	
1.142886443		0.3798341654	0.003432519923	
1.158024012		0.3763801018	0.003451360264	
1.173161581		0.3728832828	0.003470532429	
1.18829915		0.369345534	0.003490029926	
1.203436718		0.3657689047	0.003509846737	
1.218574287		0.3621555926	0.003529976701	
1.233711856		0.3585079046	0.003550413202	
1.248849425		0.3548282337	0.003571148988	
1.263986993		0.351119043	0.003592176066	
1.279124562		0.3473828548	0.003613485637	
1.294262131		0.3436222404	0.003635068037	
1.3093997		0.3398398112	0.003656912699	
1.324537269		0.3360382095	0.003679008115	
1.339674837		0.3322201	0.0037013418	
1.354812406		0.3283881612	0.003723900259	
1.369949975		0.3245450769	0.003746668966	
1.385087544		0.3206935277	0.003769632331	
1.400225113		0.3168361827	0.003792773684	
1.415362681		0.3129756917	0.003816075255	
1.43050025		0.3091146768	0.00383951816	
1.445637819		0.3052557257	0.003863082398	
1.460775388		0.3014013838	0.003886746843	
1.475912956		0.2975541474	0.003910489253	
1.491050525		0.2937164578	0.003934286276	
1.506188094		0.2898906944	0.00395811347	
1.521325663		0.2860791701	0.003981945327	
1.536463232		0.282284125	0.004005755309	
1.5516008		0.278507723	0.004029515883	
1.566738369		0.2747520467	0.004053198579	
1.581875938		0.2710190941	0.004076774041	
1.597013507		0.2673107755	0.004100212099	
1.612151076		0.2636289107	0.004123481843	
1.627288644		0.2599752269	0.004146551705	
1.642426213		0.2563513569	0.004169389556	
1.657563782		0.2527588381	0.004191962801	
1.672701351		0.2491991116	0.004214238489	
1.687838919		0.2456735219	0.004236183426	
1.702976488		0.2421833168	0.004257764292	
1.718114057		0.2387296485	0.00427894777	
1.733251626		0.2353135735	0.004299700669	
1.748389195		0.2319360549	0.004319990056	
1.763526763		0.2285979629	0.004339783388	
1.778664332		0.2253000773	0.004359048646	
1.793801901		0.2220430893	0.004377754464	
1.80893947		0.2188276039	0.004395870262	
1.824077039		0.2156541423	0.004413366368	
1.839214607		0.212523145	0.004430214147	
1.854352176		0.2094349738	0.004446386108	
1.869489745		0.206389916	0.004461856024	
1.884627314		0.2033881862	0.004476599027	
1.899764882		0.2004299305	0.004490591705	
1.914902451		0.1975152293	0.004503812186	
1.93004002		0.1946441006	0.004516240215	
1.945177589		0.1918165032	0.004527857214	
1.960315158		0.1890323402	0.004538646341	
1.975452726		0.1862914623	0.004548592531	
1.990590295		0.1835936708	0.004557682525	
2.005727864		0.180938721	0.004565904896	
2.020865433		0.1783263252	0.004573250054	
2.036003002		0.1757561561	0.004579710248	
2.05114057		0.1732278496	0.004585279554	
2.066278139		0.1707410074	0.004589953853	
2.081415708		0.1682952007	0.004593730802	
2.096553277		0.1658899721	0.004596609794	
2.111690845		0.1635248385	0.00459859191	
2.126828414		0.161199294	0.004599679868	
2.141965983		0.1589128118	0.004599877956	
2.157103552		0.156664847	0.004599191972	
2.172241121		0.1544548384	0.004597629145	
2.187378689		0.1522822109	0.004595198064	
2.202516258		0.1501463775	0.004591908597	
2.217653827		0.148046741	0.004587771808	
2.232791396		0.145982696	0.004582799872	
2.247928964		0.1439536303	0.004577005992	
2.263066533		0.141958927	0.004570404312	
2.278204102		0.1399979654	0.00456300983	
2.293341671		0.1380701228	0.004554838312	
2.30847924		0.1361747755	0.00454590621	
2.323616808		0.1343113003	0.004536230579	
2.338754377		0.1324790754	0.004525828995	
2.353891946		0.1306774815	0.004514719477	
2.369029515		0.1289059028	0.004502920414	
2.384167084		0.1271637278	0.00449045049	
2.399304652		0.12545035	0.004477328616	
2.414442221		0.1237651691	0.004463573864	
2.42957979		0.1221075909	0.004449205407	
2.444717359		0.1204770287	0.004434242457	
2.459854927		0.1188729033	0.004418704215	
2.474992496		0.1172946436	0.004402609817	
2.490130065		0.1157416871	0.004385978288	
2.505267634		0.1142134806	0.0043688285	
2.520405203		0.1127094797	0.00435117913	
2.535542771		0.11122915	0.004333048629	
2.55068034		0.1097719668	0.004314455184	
2.565817909		0.1083374154	0.004295416694	
2.580955478		0.1069249915	0.004275950742	
2.596093047		0.1055342011	0.004256074576	
2.611230615		0.1041645607	0.004235805083	
2.626368184		0.1028155973	0.004215158783	
2.641505753		0.1014868486	0.004194151805	
2.656643322		0.100177863	0.004172799883	
2.67178089		0.09888819954	0.004151118346	
2.686918459		0.09761742779	0.004129122111	
2.702056028		0.09636512803	0.004106825676	
2.717193597		0.09513089108	0.004084243125	
2.732331166		0.09391431822	0.004061388118	
2.747468734		0.09271502112	0.004038273903	
2.762606303		0.09153262173	0.004014913306	
2.777743872		0.09036675219	0.003991318746	
2.792881441		0.08921705464	0.003967502234	
2.80801901		0.08808318116	0.003943475379	
2.823156578		0.08696479353	0.003919249397	
2.838294147		0.08586156316	0.003894835118	
2.853431716		0.08477317085	0.003870242993	
2.868569285		0.08369930664	0.003845483105	
2.883706853		0.08263966961	0.003820565175	
2.898844422		0.08159396773	0.003795498575	
2.913981991		0.08056191762	0.003770292338	
2.92911956		0.07954324435	0.003744955163	
2.944257129		0.07853768127	0.003719495431	
2.959394697		0.07754496975	0.003693921213	
2.974532266		0.07656485901	0.003668240281	
2.989669835		0.07559710588	0.003642460114	
3.004807404		0.07464147457	0.003616587915	
3.019944972		0.0736977365	0.003590630615	
3.035082541		0.07276567002	0.003564594886	
3.05022011		0.07184506024	0.003538487151	
3.065357679		0.07093569876	0.003512313587	
3.080495248		0.07003738351	0.003486080145	
3.095632816		0.06914991847	0.003459792549	
3.110770385		0.0682731135	0.003433456308	
3.125907954		0.06740678413	0.003407076727	
3.141045523		0.06655075129	0.00338065891	
3.156183092		0.06570484119	0.003354207773	
3.17132066		0.06486888506	0.003327728046	
3.186458229		0.06404271897	0.003301224285	
3.201595798		0.06322618363	0.003274700877	
3.216733367		0.06241912422	0.003248162048	
3.231870935		0.0616213902	0.003221611867	
3.247008504		0.06083283513	0.003195054254	
3.262146073		0.06005331651	0.00316849299	
3.277283642		0.05928269562	0.003141931716	
3.292421211		0.05852083735	0.003115373943	
3.307558779		0.05776761006	0.00308882306	
3.322696348		0.05702288547	0.003062282333	
3.337833917		0.05628653845	0.003035754919	
3.352971486		0.05555844697	0.003009243864	
3.368109055		0.05483849195	0.002982752112	
3.383246623		0.05412655712	0.00295628251	
3.398384192		0.05342252894	0.002929837812	
3.413521761		0.05272629652	0.002903420686	
3.42865933		0.05203775147	0.002877033716	
3.443796898		0.05135678785	0.002850679409	
3.458934467		0.05068330208	0.002824360199	
3.474072036		0.05001719284	0.002798078451	
3.489209605		0.04935836104	0.002771836466	
3.504347174		0.0487067097	0.002745636487	
3.519484742		0.04806214392	0.002719480698	
3.534622311		0.04742457081	0.002693371236	
3.54975988		0.04679389945	0.002667310186	
3.564897449		0.04617004079	0.002641299593	
3.580035018		0.04555290765	0.00261534146	
3.595172586		0.04494241467	0.002589437753	
3.610310155		0.04433847823	0.002563590407	
3.625447724		0.04374101643	0.002537801326	
3.640585293		0.04314994906	0.002512072385	
3.655722861		0.04256519757	0.00248640544	
3.67086043		0.04198668501	0.002460802321	
3.685997999		0.041414336	0.002435264843	
3.701135568		0.04084807671	0.002409794803	
3.716273137		0.04028783485	0.002384393987	
3.731410705		0.03973353959	0.002359064165	
3.746548274		0.03918512157	0.002333807102	
3.761685843		0.03864251288	0.002308624553	
3.776823412		0.03810564699	0.002283518268	
3.79196098		0.03757445878	0.002258489992	
3.807098549		0.03704888444	0.002233541467	
3.822236118		0.03652886152	0.002208674432	
3.837373687		0.03601432881	0.002183890622	
3.852511256		0.03550522631	0.002159191769	
3.867648824		0.03500149513	0.002134579595	
3.882786393		0.03450307726	0.002110055804	
3.897923962		0.03400991524	0.002085622059	
3.913061531		0.03352195144	0.00206127994	
3.9281991		0.03303912681	0.002037030873	
3.943336668		0.03256137904	0.002012876007	
3.958474237		0.03208864093	0.001988816118	
3.973611806		0.03162084356	0.0019648518	
3.988749375		0.03115793245	0.001940984469	
4.003886943		0.03069989167	0.001917217886	
4.019024512		0.03024673513	0.001893557635	
4.034162081		0.02979845559	0.001870007952	
4.04929965		0.02935500305	0.001846570342	
4.064437219		0.0289163093	0.0018232451	
4.079574787		0.02848231026	0.001800032708	
4.094712356		0.02805295107	0.00177693416	
4.109849925		0.02762818381	0.001753950826	
4.124987494		0.02720796481	0.001731084281	
4.140125063		0.02679225289	0.001708336203	
4.155262631		0.02638100847	0.001685708312	
4.1704002		0.02597419314	0.001663202346	
4.185537769		0.02557176942	0.001640820047	
4.200675338		0.02517370068	0.001618563151	
4.215812906		0.02477995106	0.001596433391	
4.230950475		0.02439048541	0.001574432486	
4.246088044		0.02400526931	0.001552562147	
4.261225613		0.023624269	0.001530824073	
4.276363182		0.0232474514	0.001509219947	
4.29150075		0.02287478403	0.001487751438	
4.306638319		0.02250623506	0.001466420199	
4.321775888		0.02214177324	0.001445227864	
4.336913457		0.02178136788	0.00142417605	
4.352051026		0.02142498888	0.001403266353	
4.367188594		0.02107260664	0.001382500347	
4.382326163		0.02072419212	0.001361879584	
4.397463732		0.02037971675	0.001341405594	
4.412601301		0.02003915244	0.00132107988	
4.427738869		0.01970247159	0.00130090392	
4.442876438		0.01936964703	0.001280879163	
4.458014007		0.01904065202	0.001261007033	
4.473151576		0.01871546023	0.001241288923	
4.488289145		0.01839404575	0.001221726194	
4.503426713		0.01807638302	0.001202320178	
4.518564282		0.01776244686	0.001183072174	
4.533701851		0.01745221246	0.001163983448	
4.54883942		0.0171456553	0.001145055231	
4.563976988		0.01684275123	0.001126288719	
4.579114557		0.01654347638	0.001107685073	
4.594252126		0.01624780717	0.001089245417	
4.609389695		0.01595572031	0.001070970837	
4.624527264		0.01566719279	0.001052862382	
4.639664832		0.01538220182	0.001034921061	
4.654802401		0.01510072489	0.001017147846	
4.66993997		0.01482273969	0.0009995436677	
4.685077539		0.01454822415	0.000982109416	
4.700215108		0.0142771564	0.000964845941	
4.715352676		0.01400951477	0.0009477540515	
4.730490245		0.01374527777	0.0009308345147	
4.745627814		0.0134844241	0.0009140880562	
4.760765383		0.01322693261	0.0008975153594	
4.775902951		0.01297278233	0.0008811170656	
4.79104052		0.01272195241	0.0008648937737	
4.806178089		0.01247442218	0.0008488460401	
4.821315658		0.01223017106	0.0008329743788	
4.836453227		0.01198917863	0.000817279261	
4.851590795		0.01175142458	0.0008017611156	
4.866728364		0.01151688868	0.0007864203292	
4.881865933		0.01128555086	0.0007712572458	
4.897003502		0.01105739109	0.0007562721676	
4.912141071		0.01083238946	0.0007414653548	
4.927278639		0.01061052616	0.0007268370258	
4.942416208		0.01039178143	0.0007123873579	
4.957553777		0.0101761356	0.0006981164873	
4.972691346		0.009963569062	0.0006840245095	
4.987828914		0.009754062286	0.0006701114801	
5.002966483		0.009547595793	0.0006563774144	
5.018104052		0.009344150166	0.0006428222888	
5.033241621		0.009143706038	0.0006294460406	
5.04837919		0.008946244094	0.0006162485689	
5.063516758		0.008751745065	0.0006032297351	
5.078654327		0.008560189725	0.0005903893632	
5.093791896		0.008371558888	0.0005777272408	
5.108929465		0.008185833406	0.0005652431193	
5.124067034		0.008002994166	0.0005529367149	
5.139204602		0.007823022088	0.0005408077088	
5.154342171		0.007645898123	0.0005288557482	
5.16947974		0.007471603249	0.000517080447	
5.184617309		0.007300118473	0.0005054813863	
5.199754877		0.007131424827	0.0004940581151	
5.214892446		0.006965503365	0.000482810151	
5.230030015		0.006802335167	0.0004717369813	
5.245167584		0.006641901333	0.0004608380634	
5.260305153		0.006484182986	0.0004501128255	
5.275442721		0.006329161269	0.0004395606679	
5.29058029		0.006176817348	0.0004291809634	
5.305717859		0.00602713241	0.0004189730583	
5.320855428		0.005880087666	0.0004089362734	
5.335992996		0.005735664349	0.0003990699049	
5.351130565		0.00559384372	0.0003893732252	
5.366268134		0.005454607068	0.0003798454844	
5.381405703		0.005317935711	0.0003704859105	
5.396543272		0.005183811	0.0003612937114	
5.41168084		0.005052214326	0.0003522680753	
5.426818409		0.004923127115	0.0003434081722	
5.441955978		0.004796530843	0.0003347131548	
5.457093547		0.004672407029	0.0003261821598	
5.472231116		0.004550737246	0.0003178143087	
5.487368684		0.004431503126	0.0003096087094	
5.502506253		0.004314686357	0.0003015644566	
5.517643822		0.004200268694	0.0002936806336	
5.532781391		0.004088231958	0.0002859563125	
5.547918959		0.003978558042	0.0002783905555	
5.563056528		0.003871228909	0.0002709824157	
5.578194097		0.003766226599	0.0002637309377	
5.593331666		0.003663533224	0.0002566351584	
5.608469235		0.003563130972	0.0002496941071	
5.623606803		0.003465002107	0.0002429068067	
5.638744372		0.003369128963	0.0002362722736	
5.653881941		0.003275493945	0.000229789518	
5.66901951		0.003184079528	0.0002234575445	
5.684157079		0.00309486825	0.0002172753521	
5.699294647		0.003007842713	0.0002112419348	
5.714432216		0.002922985578	0.0002053562816	
5.729569785		0.002840279564	0.000199617377	
5.744707354		0.002759707446	0.0001940242014	
5.759844922		0.002681252056	0.0001885757318	
5.774982491		0.00260489628	0.0001832709423	
5.79012006		0.002530623065	0.0001781088048	
5.805257629		0.002458415413	0.00017308829	
5.820395198		0.002388256386	0.0001682083675	
5.835532766		0.002320129099	0.0001634680066	
5.850670335		0.002254016698	0.0001588661752	
5.865807904		0.002189902303	0.0001544018365	
5.880945473		0.002127768881	0.0001500739403	
5.896083042		0.002067598948	0.0001458814025	
5.91122061		0.002009373915	0.0001418230597	
5.926358179		0.001953072754	0.0001378975744	
5.941495748		0.001898669522	0.0001341032608	
5.956633317		0.001846129915	0.0001304378402	
5.971770885		0.001795410433	0.0001268983812	
5.986908454		0.001746471161	0.0001234822024	
6.002046023		0.001699308421	0.0001201891815	
6.017183592		0.001653968825	0.0001170227545	
6.032321161		0.001610501311	0.0001139865262	
6.047458729		0.001568909762	0.0001110809161	
6.062596298		0.001529163894	0.000108303923	
6.077733867		0.001491227229	0.0001056531033	
6.092871436		0.00145506921	0.0001031264283	
6.108009005		0.001420665826	0.0001007223291	
6.123146573		0.001387997389	9.843953953e-05	
6.138284142		0.001357046635	9.627696196e-05	
6.153421711		0.001327797575	9.423358594e-05	
6.16855928		0.001300234873	9.230844453e-05	
6.183696848		0.001274343537	9.050059197e-05	
6.198834417		0.001250108753	8.880909244e-05	
6.213971986		0.001227515814	8.723301473e-05	
6.229109555		0.001206550076	8.577142957e-05	
6.244247124		0.001187196944	8.442340853e-05	
6.259384692		0.001169441866	8.318802351e-05	
6.274522261		0.001153270329	8.206434667e-05	
6.28965983		0.001138667859	8.105145031e-05	
6.304797399		0.001125620023	8.014840697e-05	
6.319934967		0.001114112428	7.935428929e-05	
6.335072536		0.00110413072	7.866816995e-05	
6.350210105		0.001095660589	7.808912143e-05	
6.365347674		0.001088687757	7.761621567e-05	
6.380485243		0.001083197985	7.724852371e-05	
6.395622811		0.001079177061	7.698511509e-05	
6.41076038		0.001076610801	7.682505736e-05	
6.425897949		0.001075485039	7.676741535e-05	
6.441035518		0.001075785625	7.681125059e-05	
6.456173087		0.001077498416	7.695562052e-05	
6.471310655		0.00108060927	7.719957788e-05	
6.486448224		0.001085104043	7.754216997e-05	
6.501585793		0.001090968583	7.798243805e-05	
6.516723362		0.001098188724	7.851941672e-05	
6.53186093		0.001106750283	7.915213341e-05	
6.546998499		0.00111663906	7.987960788e-05	
6.562136068		0.001127840834	8.07008519e-05	
6.577273637		0.001140341365	8.161486893e-05	
6.592411206		0.001154126392	8.262065394e-05	
6.607548774		0.001169181642	8.371719329e-05	
6.622686343		0.001185492825	8.490346468e-05	
6.637823912		0.001203045647	8.617843718e-05	
6.652961481		0.00122182581	8.754107135e-05	
6.66809905		0.001241819019	8.89903194e-05	
6.683236618		0.001263010993	9.052512544e-05	
6.698374187		0.001285387471	9.214442575e-05	
6.713511756		0.001308934219	9.384714909e-05	
6.728649325		0.001333637042	9.563221711e-05	
6.743786893		0.001359481793	9.749854461e-05	
6.758924462		0.001386454379	9.944504e-05	
6.774062031		0.001414540775	0.0001014706056	
6.7891996		0.001443727029	0.000103574138	
6.804337169		0.001473999276	0.0001057545286	
6.819474737		0.001505343742	0.0001080106636	
6.834612306		0.001537746757	0.0001103414247	
6.849749875		0.00157119476	0.0001127456893	
6.864887444		0.001605674306	0.0001152223303	
6.880025013		0.001641172077	0.0001177702171	
6.895162581		0.001677674883	0.0001203882151	
6.91030015		0.001715169671	0.0001230751859	
6.925437719		0.001753643526	0.0001258299877	
6.940575288		0.001793083681	0.000128651475	
6.955712856		0.001833477513	0.0001315384989	
6.970850425		0.00187481255	0.0001344899065	
6.985987994		0.001917076471	0.0001375045414	
7.001125563		0.001960257106	0.0001405812428	
7.016263132		0.002004342434	0.000143718846	
7.0314007		0.002049320587	0.0001469161816	
7.046538269		0.00209517984	0.000150172075	
7.061675838		0.002141908617	0.0001534853467	
7.076813407		0.002189495479	0.0001568548113	
7.091950975		0.002237929126	0.0001602792772	
7.107088544		0.002287198387	0.0001637575462	
7.122226113		0.002337292218	0.0001672884128	
7.137363682		0.002388199694	0.0001708706638	
7.152501251		0.002439910001	0.0001745030775	
7.167638819		0.00249241243	0.0001781844234	
7.182776388		0.002545696366	0.000181913461	
7.197913957		0.002599751285	0.0001856889398	
7.213051526		0.002654566742	0.0001895095985	
7.228189095		0.00271013236	0.0001933741642	
7.243326663		0.002766437827	0.0001972813518	
7.258464232		0.002823472879	0.0002012298636	
7.273601801		0.002881227295	0.0002052183884	
7.28873937		0.00293969089	0.0002092456011	
7.303876938		0.002998853499	0.0002133101621	
7.319014507		0.003058704972	0.0002174107167	
7.334152076		0.003119235165	0.0002215458949	
7.349289645		0.003180433929	0.0002257143104	
7.364427214		0.003242291102	0.000229914561	
7.379564782		0.003304796503	0.0002341452275	
7.394702351		0.003367939918	0.0002384048737	
7.40983992		0.003431711099	0.0002426920463	
7.424977489		0.003496099751	0.0002470052742	
7.440115058		0.003561095529	0.000251343069	
7.455252626		0.003626688029	0.0002557039243	
7.470390195		0.003692866785	0.0002600863165	
7.485527764		0.00375962126	0.0002644887037	
7.500665333		0.003826940842	0.0002689095271	
7.515802901		0.003894814843	0.0002733472101	
7.53094047		0.003963232489	0.0002778001593	
7.546078039		0.004032182924	0.0002822667643	
7.561215608		0.004101655201	0.0002867453983	
7.576353177		0.004171638282	0.0002912344188	
7.591490745		0.004242121039	0.0002957321674	
7.606628314		0.00431309225	0.0003002369713	
7.621765883		0.0043845406	0.0003047471432	
7.636903452		0.004456454678	0.0003092609824	
7.652041021		0.004528822984	0.0003137767755	
7.667178589		0.004601633924	0.000318292797	
7.682316158		0.004674875815	0.0003228073105	
7.697453727		0.004748536885	0.0003273185691	
7.712591296		0.004822605277	0.0003318248172	
7.727728864		0.004897069051	0.0003363242905	
7.742866433		0.004971916189	0.0003408152179	
7.758004002		0.005047134596	0.0003452958221	
7.773141571		0.005122712106	0.000349764321	
7.78827914		0.005198636483	0.0003542189286	
7.803416708		0.005274895429	0.0003586578563	
7.818554277		0.005351476585	0.0003630793137	
7.833691846		0.005428367537	0.0003674815106	
7.848829415		0.005505555821	0.0003718626572	
7.863966983		0.005583028925	0.000376220966	
7.879104552		0.005660774294	0.0003805546527	
7.894242121		0.005738779336	0.0003848619373	
7.90937969		0.00581703142	0.0003891410455	
7.924517259		0.005895517887	0.0003933902093	
7.939654827		0.005974226045	0.0003976076688	
7.954792396		0.006053143178	0.0004017916724	
7.969929965		0.006132256542	0.0004059404787	
7.985067534		0.006211553372	0.0004100523567	
8.000205103		0.006291020877	0.0004141255872	
8.015342671		0.006370646244	0.0004181584633	
8.03048024		0.006450416636	0.0004221492917	
8.045617809		0.006530319189	0.0004260963928	
8.060755378		0.006610341013	0.0004299981019	
8.075892946		0.006690469184	0.0004338527698	
8.091030515		0.006770690747	0.000437658763	
8.106168084		0.006850992705	0.0004414144645	
8.121305653		0.006931362015	0.0004451182742	
8.136443222		0.007011785585	0.0004487686095	
8.15158079		0.007092250265	0.0004523639051	
8.166718359		0.00717274284	0.000455902614	
8.181855928		0.007253250023	0.0004593832073	
8.196993497		0.007333758442	0.0004628041746	
8.212131066		0.00741425464	0.0004661640239	
8.227268634		0.007494725057	0.0004694612824	
8.242406203		0.007575156027	0.0004726944961	
8.257543772		0.007655533763	0.0004758622299	
8.272681341		0.007735844354	0.0004789630682	
8.287818909		0.00781607375	0.0004819956146	
8.302956478		0.007896207754	0.0004849584923	
8.318094047		0.007976232016	0.0004878503438	
8.333231616		0.00805613202	0.0004906698315	
8.348369185		0.008135893079	0.0004934156379	
8.363506753		0.008215500325	0.0004960864652	
8.378644322		0.008294938701	0.000498681036	
8.393781891		0.008374192957	0.0005011980937	
8.40891946		0.008453247644	0.000503636402	
8.424057029		0.008532087103	0.0005059947461	
8.439194597		0.008610695468	0.0005082719321	
8.454332166		0.008689056653	0.0005104667883	
8.469469735		0.008767154359	0.0005125781647	
8.484607304		0.008844972061	0.0005146049339	
8.499744872		0.008922493011	0.0005165459915	
8.514882441		0.008999700236	0.0005184002562	
8.53002001		0.009076576538	0.0005201666707	
8.545157579		0.009153104488	0.0005218442018	
8.560295148		0.009229266434	0.0005234318411	
8.575432716		0.009305044495	0.0005249286054	
8.590570285		0.009380420564	0.0005263335373	
8.605707854		0.009455376312	0.0005276457055	
8.620845423		0.009529893183	0.0005288642057	
8.635982991		0.009603952405	0.0005299881608	
8.65112056		0.009677534982	0.0005310167212	
8.666258129		0.009750621706	0.0005319490662	
8.681395698		0.009823193152	0.0005327844033	
8.696533267		0.009895229686	0.0005335219698	
8.711670835		0.009966711463	0.0005341610326	
8.726808404		0.01003761843	0.0005347008891	
8.741945973		0.01010793035	0.0005351408674	
8.757083542		0.01017762676	0.000535480327	
8.772221111		0.01024668701	0.0005357186592	
8.787358679		0.01031509026	0.0005358552876	
8.802496248		0.01038281548	0.0005358896687	
8.817633817		0.01044984145	0.0005358212919	
8.832771386		0.01051614675	0.0005356496801	
8.847908954		0.01058170977	0.0005353743898	
8.863046523		0.01064650868	0.0005349950106	
8.878184092		0.01071052142	0.0005345111641	
8.893321661		0.01077372562	0.000533922501	
8.90845923		0.01083609843	0.0005332286948	
8.923596798		0.01089761633	0.0005324294297	
8.938734367		0.01095825459	0.0005315243809	
8.953871936		0.01101798686	0.0005305131925	
8.969009505		0.01107678534	0.0005293954908	
8.984147074		0.01113462372	0.0005281710269	
8.999284642		0.01119148362	0.0005268399766	
9.014422211		0.01124735637	0.0005254030114	
9.02955978		0.01130223191	0.0005238607627	
9.044697349		0.01135608876	0.0005222133672	
9.059834917		0.01140889782	0.0005204606595	
9.074972486		0.01146062934	0.0005186025025	
9.090110055		0.01151125552	0.0005166389041	
9.105247624		0.01156075022	0.0005145700042	
9.120385193		0.01160908829	0.0005123960396	
9.135522761		0.011656245	0.0005101173202	
9.15066033		0.01170219581	0.000507734217	
9.165797899		0.01174691621	0.0005052471566	
9.180935468		0.01179038167	0.0005026566192	
9.196073037		0.01183256762	0.0004999631386	
9.211210605		0.01187344945	0.0004971673029	
9.226348174		0.0119130025	0.0004942697548	
9.241485743		0.01195120207	0.0004912711935	
9.256623312		0.01198802343	0.0004881723755	
9.27176088		0.01202344185	0.0004849741157	
9.286898449		0.01205743257	0.0004816772891	
9.302036018		0.01208997084	0.000478282832	
9.317173587		0.01212103193	0.0004747917429	
9.332311156		0.01215059112	0.0004712050845	
9.347448724		0.01217862375	0.0004675239844	
9.362586293		0.0122051052	0.0004637496369	
9.377723862		0.01223001092	0.0004598833037	
9.392861431		0.01225331644	0.0004559263157	
9.407998999		0.0122749974	0.0004518800739	
9.423136568		0.01229502953	0.0004477460505	
9.438274137		0.0123133887	0.0004435257904	
9.453411706		0.01233005094	0.0004392209117	
9.468549275		0.01234499243	0.000434833107	
9.483686843		0.01235818953	0.0004303641442	
9.498824412		0.01236961882	0.0004258158672	
9.513961981		0.01237925709	0.0004211901966	
9.52909955		0.01238708138	0.0004164891304	
9.544237119		0.01239306899	0.0004117147441	
9.559374687		0.01239719753	0.0004068691911	
9.574512256		0.0123994449	0.0004019547028	
9.589649825		0.01239978934	0.0003969735887	
9.604787394		0.01239820946	0.0003919282358	
9.619924962		0.01239468424	0.0003868211084	
9.635062531		0.0123891931	0.0003816547473	
9.6502001		0.01238171588	0.0003764317692	
9.665337669		0.0123722329	0.0003711548653	
9.680475238		0.01236072497	0.0003658267999	
9.695612806		0.01234717344	0.0003604504095	
9.710750375		0.0123315602	0.0003550285999	
9.725887944		0.01231386775	0.000349564345	
9.741025513		0.01229407921	0.0003440606841	
9.756163082		0.01227217834	0.0003385207193	
9.77130065		0.01224814961	0.0003329476124	
9.786438219		0.0122219782	0.0003273445821	
9.801575788		0.01219365007	0.0003217149001	
9.816713357		0.01216315195	0.0003160618878	
9.831850925		0.01213047142	0.0003103889118	
9.846988494		0.01209559694	0.0003046993802	
9.862126063		0.01205851786	0.0002989967371	
9.877263632		0.0120192245	0.000293284459	
9.892401201		0.01197770814	0.0002875660487	
9.907538769		0.01193396113	0.0002818450303	
9.922676338		0.01188797686	0.0002761249439	
9.937813907		0.01183974985	0.0002704093398	
9.952951476		0.01178927575	0.0002647017722	
9.968089045		0.01173655144	0.0002590057934	
9.983226613		0.01168157502	0.0002533249475	
9.998364182		0.01162434586	0.000247662764	
10.01350175		0.01156486469	0.0002420227512	
10.02863932		0.01150313359	0.0002364083897	
10.04377689		0.01143915604	0.0002308231258	
10.05891446		0.01137293699	0.0002252703648	
10.07405203		0.0113044829	0.0002197534642	
10.08918959		0.01123380176	0.0002142757275	
10.10432716		0.01116090313	0.000208840397	
10.11946473		0.01108579822	0.0002034506479	
10.1346023		0.01100849991	0.0001981095816	
10.14973987		0.01092902276	0.0001928202199	
10.16487744		0.01084738312	0.0001875854983	
10.18001501		0.01076359909	0.0001824082609	
10.19515258		0.01067769064	0.0001772912546	
10.21029015		0.01058967955	0.0001722371237	
10.22542771		0.01049958956	0.0001672484049	
10.24056528		0.01040744628	0.000162327523	
10.25570285		0.01031327735	0.0001574767862	
10.27084042		0.01021711235	0.0001526983821	
10.28597799		0.01011898292	0.0001479943743	
10.30111556		0.01001892275	0.0001433666995	
10.31625313		0.009916967574	0.0001388171641	
10.3313907		0.009813155262	0.0001343474423	
10.34652826		0.009707525781	0.0001299590742	
10.36166583		0.009600121233	0.0001256534643	
10.3768034		0.009490985869	0.0001214318801	
10.39194097		0.009380166099	0.0001172954522	
10.40707854		0.009267710495	0.0001132451736	
10.42221611		0.009153669801	0.0001092819005	
10.43735368		0.009038096929	0.0001054063526	
10.45249125		0.008921046961	0.0001016191147	
10.46762881		0.008802577139	9.792063795e-05	
10.48276638		0.008682746859	9.431124199e-05	
10.49790395		0.008561617656	9.079111721e-05	
10.51304152		0.008439253185	8.736032747e-05	
10.52817909		0.008315719203	8.401881315e-05	
10.54331666		0.008191083538	8.076639462e-05	
10.55845423		0.00806541606	7.760277596e-05	
10.5735918		0.00793878865	7.452754896e-05	
10.58872936		0.00781127516	7.154019724e-05	
10.60386693		0.007682951378	6.864010054e-05	
10.6190045		0.007553894979	6.582653919e-05	
10.63414207		0.007424185475	6.309869892e-05	
10.64927964		0.007293904155	6.045567584e-05	
10.66441721		0.007163134024	5.789648176e-05	
10.67955478		0.007031959735	5.542004945e-05	
10.69469235		0.006900467529	5.302523783e-05	
10.70982991		0.00676874517	5.071083696e-05	
10.72496748		0.006636881881	4.847557299e-05	
10.74010505		0.006504968264	4.63181131e-05	
10.75524262		0.00637309621	4.423707088e-05	
10.77038019		0.0062413588	4.223101186e-05	
10.78551776		0.006109850198	4.029845912e-05	
10.80065533		0.005978665563	3.843789855e-05	
10.8157929		0.005847900969	3.664778348e-05	
10.83093047		0.005717653325	3.492653883e-05	
10.84606803		0.005588020291	3.3272565e-05	
10.8612056		0.005459100151	3.16842421e-05	
10.87634317		0.005330991645	3.015993452e-05	
10.89148074		0.005203793752	2.86979957e-05	
10.90661831		0.005077605396	2.729677212e-05	
10.92175588		0.004952525024	2.595460569e-05	
10.93689345		0.004828649897	2.466983362e-05	
10.95203102		0.004706074988	2.344078621e-05	
10.96716858		0.004584892019	2.226578618e-05	
10.98230615		0.00446519122	2.114316255e-05	
10.99744372		0.004347069524	2.007129376e-05	
11.01258129		0.004230639115	1.904864677e-05	
11.02771886		0.004116018956	1.807373494e-05	
11.04285643		0.004003316803	1.714503945e-05	
11.057994		0.003892626623	1.626100532e-05	
11.07313157		0.003784036932	1.542008239e-05	
11.08826913		0.003677636133	1.462075001e-05	
11.1034067		0.003573513381	1.386152264e-05	
11.11854427		0.003471757797	1.314094994e-05	
11.13368184		0.003372457604	1.245761676e-05	
11.14881941		0.003275699573	1.181014292e-05	
11.16395698		0.003181568804	1.119718214e-05	
11.17909455		0.003090148684	1.061742007e-05	
11.19423212		0.003001520851	1.006957274e-05	
11.20936968		0.002915765043	9.552386231e-06	
11.22450725		0.00283295878	9.064638162e-06	
11.23964482		0.002753176992	8.605140079e-06	
11.25478239		0.002676491731	8.172739495e-06	
11.26991996		0.0026029721	7.766320286e-06	
11.28505753		0.002532684377	7.384801201e-06	
11.3001951		0.002465692224	7.027133342e-06	
11.31533267		0.002402056784	6.692298049e-06	
11.33047024		0.002341836545	6.37930635e-06	
11.3456078		0.002285086974	6.087200136e-06	
11.36074537		0.002231860091	5.815054125e-06	
11.37588294		0.002182204194	5.561977178e-06	
11.39102051		0.002136163866	5.327111887e-06	
11.40615808		0.00209378024	5.109632386e-06	
11.42129565		0.002055091345	4.908741354e-06	
11.43643322		0.002020132288	4.723667636e-06	
11.45157079		0.001988935124	4.553665506e-06	
11.46670835		0.001961528443	4.398015607e-06	
11.48184592		0.001937936894	4.256026603e-06	
11.49698349		0.001918180882	4.127036179e-06	
11.51212106		0.001902276644	4.010410405e-06	
11.52725863		0.00189023665	3.905541434e-06	
11.5423962		0.001882070108	3.81184447e-06	
11.55753377		0.0018777833	3.728755311e-06	
11.57267134		0.001877379523	3.655729484e-06	
11.5878089		0.00188085866	3.592243026e-06	
11.60294647		0.001888216619	3.537794081e-06	
11.61808404		0.001899444973	3.491903999e-06	
11.63322161		0.001914531037	3.454116927e-06	
11.64835918		0.001933458414	3.423997739e-06	
11.66349675		0.00195620774	3.401129083e-06	
11.67863432		0.001982757262	3.385108827e-06	
11.69377189		0.002013082937	3.375548974e-06	
11.70890945		0.002047157995	3.372076323e-06	
11.72404702		0.002084952225	3.374334175e-06	
11.73918459		0.002126431429	3.381983809e-06	
11.75432216		0.002171557421	3.394704576e-06	
11.76945973		0.002220288678	3.412192215e-06	
11.7845973		0.002272581379	3.434156001e-06	
11.79973487		0.002328390335	3.460315987e-06	
11.81487244		0.002387669326	3.490401574e-06	
11.83001001		0.002450370672	3.52415197e-06	
11.84514757		0.002516444286	3.561318027e-06	
11.86028514		0.002585836797	3.601664207e-06	
11.87542271		0.0026584913	3.644969324e-06	
11.89056028		0.002734348012	3.691025388e-06	
11.90569785		0.002813345587	3.739634909e-06	
11.92083542		0.002895422469	3.790607882e-06	
11.93597299		0.002980517589	3.843759872e-06	
11.95111056		0.003068570038	3.898912052e-06	
11.96624812		0.003159517899	3.955893007e-06	
11.98138569		0.003253296915	4.014541115e-06	
11.99652326		0.003349839812	4.074706033e-06	
12.01166083		0.003449076736	4.136248264e-06	
12.0267984		0.003550936712	4.199036856e-06	
12.04193597		0.003655349415	4.262946292e-06	
12.05707354		0.003762246372	4.327854052e-06	
12.07221111		0.003871560954	4.393640027e-06	
12.08734867		0.003983227165	4.460187965e-06	
12.10248624		0.004097177892	4.527388019e-06	
12.11762381		0.004213343625	4.595138904e-06	
12.13276138		0.004331652401	4.663348358e-06	
12.14789895		0.004452031099	4.731931574e-06	
12.16303652		0.004574407458	4.800808312e-06	
12.17817409		0.00469871183	4.869900105e-06	
12.19331166		0.004824877759	4.939128912e-06	
12.20844922		0.004952841064	5.008417822e-06	
12.22358679		0.005082537926	5.077693327e-06	
12.23872436		0.005213903017	5.146887845e-06	
12.25386193		0.005346868702	5.215941083e-06	
12.2689995		0.005481365762	5.284799462e-06	
12.28413707		0.005617325298	5.353413895e-06	
12.29927464		0.005754680865	5.421737006e-06	
12.31441221		0.005893369775	5.489721126e-06	
12.32954977		0.006033332899	5.557317998e-06	
12.34468734		0.006174513081	5.624480245e-06	
12.35982491		0.006316852999	5.691163717e-06	
12.37496248		0.006460293623	5.757329422e-06	
12.39010005		0.006604774071	5.822943984e-06	
12.40523762		0.006750232913	5.887978432e-06	
12.42037519		0.006896610264	5.952405941e-06	
12.43551276		0.00704384962	6.016199615e-06	
12.45065033		0.007191898559	6.079331343e-06	
12.46578789		0.007340707962	6.14177222e-06	
12.48092546		0.007490230146	6.203494216e-06	
12.49606303		0.007640416899	6.26447218e-06	
12.5112006		0.007791218422	6.324685092e-06	
12.52633817		0.007942583661	6.38411596e-06	
12.54147574		0.008094461813	6.442750483e-06	
12.55661331		0.008246804214	6.500575154e-06	
12.57175088		0.008399565718	6.557575725e-06	
12.58688844		0.008552704905	6.613736695e-06	
12.60202601		0.008706183015	6.669042023e-06	
12.61716358		0.008859962151	6.723476663e-06	
12.63230115		0.009014003636	6.777028105e-06	
12.64743872		0.009168267349	6.829687146e-06	
12.66257629		0.009322712276	6.881447558e-06	
12.67771386		0.009477297948	6.932304886e-06	
12.69285143		0.009631986051	6.982254969e-06	
12.70798899		0.009786741497	7.031292819e-06	
12.72312656		0.009941532494	7.079412316e-06	
12.73826413		0.01009632961	7.126606795e-06	
12.7534017		0.01025110428	7.172870192e-06	
12.76853927		0.01040582753	7.218198145e-06	
12.78367684		0.01056046945	7.262588527e-06	
12.79881441		0.01071499969	7.306041186e-06	
12.81395198		0.01086938853	7.348557095e-06	
12.82908954		0.01102360815	7.390137327e-06	
12.84422711		0.01117763341	7.430782294e-06	
12.85936468		0.01133144186	7.47049154e-06	
12.87450225		0.01148501304	7.509264164e-06	
12.88963982		0.01163832726	7.547099657e-06	
12.90477739		0.0117913645	7.583998743e-06	
12.91991496		0.01194410394	7.619963828e-06	
12.93505253		0.01209652421	7.654998893e-06	
12.9501901		0.01224860426	7.689108932e-06	
12.96532766		0.01240032429	7.722299201e-06	
12.98046523		0.01255166662	7.754574555e-06	
12.9956028		0.01270261594	7.785939112e-06	
13.01074037		0.01285315901	7.816396354e-06	
13.02587794		0.01300328375	7.845949614e-06	
13.04101551		0.01315297831	7.87460274e-06	
13.05615308		0.01330223024	7.902360636e-06	
13.07129065		0.01345102624	7.929229499e-06	
13.08642821		0.01359935244	7.955216702e-06	
13.10156578		0.01374719489	7.980330428e-06	
13.11670335		0.01389454034	8.004579198e-06	
13.13184092		0.0140413768	8.027971414e-06	
13.14697849		0.01418769393	8.050515051e-06	
13.16211606		0.01433348297	8.072217578e-06	
13.17725363		0.01447873647	8.093086095e-06	
13.1923912		0.01462344776	8.113127585e-06	
13.20752876		0.01476761054	8.132349157e-06	
13.22266633		0.01491121865	8.150758204e-06	
13.2378039		0.01505426595	8.168362444e-06	
13.25294147		0.01519674642	8.185169878e-06	
13.26807904		0.01533865431	8.201188672e-06	
13.28321661		0.01547998435	8.216427019e-06	
13.29835418		0.01562073192	8.230893003e-06	
13.31349175		0.01576089311	8.244594522e-06	
13.32862931		0.01590046471	8.257539254e-06	
13.34376688		0.01603944414	8.269734677e-06	
13.35890445		0.0161778293	8.281188118e-06	
13.37404202		0.01631561843	8.291906794e-06	
13.38917959		0.01645281006	8.301897865e-06	
13.40431716		0.01658940287	8.311168461e-06	
13.41945473		0.01672539567	8.319725706e-06	
13.4345923		0.01686078734	8.32757673e-06	
13.44972986		0.0169955768	8.334728669e-06	
13.46486743		0.01712976303	8.341188671e-06	
13.480005		0.01726334502	8.346963887e-06	
13.49514257		0.01739632178	8.35206147e-06	
13.51028014		0.01752869237	8.356488566e-06	
13.52541771		0.01766045583	8.360252315e-06	
13.54055528		0.01779161127	8.363359837e-06	
13.55569285		0.01792215779	8.365818239e-06	
13.57083042		0.01805209453	8.3676346e-06	
13.58596798		0.01818142066	8.368815978e-06	
13.60110555		0.01831013539	8.369369401e-06	
13.61624312		0.01843823796	8.369301871e-06	
13.63138069		0.01856572764	8.368620358e-06	
13.64651826		0.01869260376	8.367331801e-06	
13.66165583		0.0188188657	8.365443112e-06	
13.6767934		0.01894451288	8.362961168e-06	
13.69193097		0.01906954478	8.359892819e-06	
13.70706853		0.01919396094	8.356244886e-06	
13.7222061		0.01931776098	8.352024158e-06	
13.73734367		0.01944094457	8.347237401e-06	
13.75248124		0.01956351146	8.341891349e-06	
13.76761881		0.01968546151	8.335992715e-06	
13.78275638		0.01980679461	8.329548183e-06	
13.79789395		0.01992751079	8.322564414e-06	
13.81303152		0.02004761015	8.315048048e-06	
13.82816908		0.02016709287	8.307005695e-06	
13.84330665		0.02028595926	8.298443943e-06	
13.85844422		0.02040420966	8.289369346e-06	
13.87358179		0.02052184451	8.279788418e-06	
13.88871936		0.0206388642	8.269707602e-06	
13.90385693		0.02075526904	8.259133231e-06	
13.9189945		0.02087105895	8.248071432e-06	
13.93413207		0.0209862331	8.236527981e-06	
13.94926963		0.02110078938	8.224508101e-06	
13.9644072		0.02121472429	8.212016448e-06	
13.97954477		0.021328035	8.199057921e-06	
13.99468234		0.02144072543	8.18563996e-06	
14.00981991		0.02155281076	8.171774191e-06	
14.02495748		0.02166430903	8.157473092e-06	
14.04009505		0.02177522782	8.142745005e-06	
14.05523262		0.02188556478	8.127594453e-06	
14.07037019		0.0219953156	8.112025218e-06	
14.08550775		0.02210447814	8.09604187e-06	
14.10064532		0.02221305257	8.07964981e-06	
14.11578289		0.02232104064	8.062854956e-06	
14.13092046		0.02242844499	8.045663492e-06	
14.14605803		0.02253526878	8.028081727e-06	
14.1611956		0.02264151555	8.010116034e-06	
14.17633317		0.0227471891	7.991772812e-06	
14.19147074		0.02285229348	7.97305848e-06	
14.2066083		0.02295683297	7.953979466e-06	
14.22174587		0.02306081208	7.934542214e-06	
14.23688344		0.02316423552	7.914753174e-06	
14.25202101		0.02326710824	7.894618812e-06	
14.26715858		0.02336943543	7.874145608e-06	
14.28229615		0.02347122249	7.853340057e-06	
14.29743372		0.02357247505	7.832208674e-06	
14.31257129		0.023673199	7.81075799e-06	
14.32770885		0.02377340042	7.788994562e-06	
14.34284642		0.02387308568	7.766924968e-06	
14.35798399		0.02397226134	7.744555814e-06	
14.37312156		0.02407093423	7.721893731e-06	
14.38825913		0.0241691114	7.69894538e-06	
14.4033967		0.02426680013	7.675717457e-06	
14.41853427		0.02436400797	7.652216686e-06	
14.43367184		0.02446074267	7.628449831e-06	
14.4488094		0.02455701222	7.604423689e-06	
14.46394697		0.02465282485	7.580145099e-06	
14.47908454		0.024748189	7.555620938e-06	
14.49422211		0.02484311335	7.530858126e-06	
14.50935968		0.02493760677	7.505863626e-06	
14.52449725		0.02503167836	7.480644444e-06	
14.53963482		0.02512533741	7.455207633e-06	
14.55477239		0.02521859343	7.429560293e-06	
14.56990995		0.02531145608	7.403709569e-06	
14.58504752		0.02540393523	7.377662655e-06	
14.60018509		0.02549604091	7.351426793e-06	
14.61532266		0.02558778329	7.325009273e-06	
14.63046023		0.02567917271	7.298417431e-06	
14.6455978		0.02577021963	7.271658652e-06	
14.66073537		0.02586093461	7.244740368e-06	
14.67587294		0.02595132835	7.217670055e-06	
14.69101051		0.02604141159	7.190455232e-06	
14.70614807		0.02613119519	7.163103462e-06	
14.72128564		0.02622069001	7.135622346e-06	
14.73642321		0.02630990698	7.108019523e-06	
14.75156078		0.02639885702	7.080302667e-06	
14.76669835		0.02648755105	7.052479482e-06	
14.78183592		0.02657599996	7.0245577e-06	
14.79697349		0.02666421458	6.996545074e-06	
14.81211106		0.02675220565	6.968449378e-06	
14.82724862		0.02683998384	6.940278398e-06	
14.84238619		0.02692755967	6.91203993e-06	
14.85752376		0.02701494351	6.883741769e-06	
14.87266133		0.02710214554	6.85539171e-06	
14.8877989		0.02718917577	6.826997535e-06	
14.90293647		0.02727604393	6.79856701e-06	
14.91807404		0.02736275953	6.770107876e-06	
14.93321161		0.02744933177	6.741627842e-06	
14.94834917		0.02753576953	6.713134577e-06	
14.96348674		0.02762208138	6.684635701e-06	
14.97862431		0.02770827548	6.656138777e-06	
14.99376188		0.02779435962	6.627651304e-06	
15.00889945		0.02788034115	6.599180704e-06	
15.02403702		0.02796622699	6.570734316e-06	
15.03917459		0.02805202357	6.542319388e-06	
15.05431216		0.02813773682	6.513943063e-06	
15.06944972		0.02822337215	6.485612374e-06	
15.08458729		0.02830893444	6.457334232e-06	
15.09972486		0.02839442799	6.429115418e-06	
15.11486243		0.0284798565	6.400962573e-06	
15.13		0.02856522311	6.372882189e-06	
