-15.13		0.9544876903	0.0001790192678	
-15.11486243		0.9545396561	0.0001797880413	
-15.09972486		0.9545930723	0.0001805615615	
-15.08458729		0.9546479568	0.0001813398941	
-15.06944972		0.9547043273	0.0001821231062	
-15.05431216		0.9547622014	0.0001829112658	
-15.03917459		0.9548215967	0.0001837044425	
-15.02403702		0.9548825309	0.0001845027068	
-15.00889945		0.9549450214	0.0001853061307	
-14.99376188		0.9550090857	0.0001861147874	
-14.97862431		0.9550747413	0.0001869287515	
-14.96348674		0.9551420054	0.0001877480988	
-14.94834917		0.9552108954	0.0001885729065	
-14.93321161		0.9552814285	0.0001894032532	
-14.91807404		0.955353622	0.000190239219	
-14.90293647		0.9554274929	0.0001910808851	
-14.8877989		0.9555030583	0.0001919283346	
-14.87266133		0.9555803353	0.0001927816517	
-14.85752376		0.9556593408	0.0001936409224	
-14.84238619		0.9557400916	0.0001945062339	
-14.82724862		0.9558226046	0.0001953776754	
-14.81211106		0.9559068965	0.0001962553372	
-14.79697349		0.9559929841	0.0001971393117	
-14.78183592		0.9560808839	0.0001980296927	
-14.76669835		0.9561706124	0.0001989265757	
-14.75156078		0.9562621862	0.0001998300581	
-14.73642321		0.9563556217	0.0002007402389	
-14.72128564		0.956450935	0.0002016572191	
-14.70614807		0.9565481425	0.0002025811014	
-14.69101051		0.9566472603	0.0002035119905	
-14.67587294		0.9567483044	0.000204449993	
-14.66073537		0.9568512908	0.0002053952176	
-14.6455978		0.9569562353	0.000206347775	
-14.63046023		0.9570631537	0.0002073077778	
-14.61532266		0.9571720615	0.0002082753412	
-14.60018509		0.9572829743	0.0002092505824	
-14.58504752		0.9573959074	0.0002102336206	
-14.56990995		0.9575108762	0.0002112245779	
-14.55477239		0.9576278956	0.0002122235783	
-14.53963482		0.9577469806	0.0002132307487	
-14.52449725		0.9578681461	0.0002142462182	
-14.50935968		0.9579914065	0.0002152701188	
-14.49422211		0.9581167764	0.000216302585	
-14.47908454		0.9582442698	0.0002173437543	
-14.46394697		0.9583739009	0.0002183937669	
-14.4488094		0.9585056832	0.0002194527661	
-14.43367184		0.9586396304	0.0002205208981	
-14.41853427		0.9587757556	0.0002215983124	
-14.4033967		0.9589140718	0.0002226851618	
-14.38825913		0.9590545916	0.0002237816023	
-14.37312156		0.9591973271	0.0002248877934	
-14.35798399		0.9593422904	0.0002260038984	
-14.34284642		0.9594894928	0.0002271300842	
-14.32770885		0.9596389456	0.0002282665214	
-14.31257129		0.9597906592	0.0002294133848	
-14.29743372		0.9599446438	0.0002305708531	
-14.28229615		0.960100909	0.0002317391096	
-14.26715858		0.9602594638	0.0002329183417	
-14.25202101		0.9604203167	0.0002341087413	
-14.23688344		0.9605834754	0.0002353105053	
-14.22174587		0.9607489469	0.0002365238354	
-14.2066083		0.9609167376	0.0002377489383	
-14.19147074		0.9610868531	0.0002389860259	
-14.17633317		0.961259298	0.0002402353157	
-14.1611956		0.961434076	0.0002414970306	
-14.14605803		0.9616111901	0.0002427713997	
-14.13092046		0.9617906419	0.0002440586578	
-14.11578289		0.9619724323	0.0002453590461	
-14.10064532		0.9621565606	0.0002466728123	
-14.08550775		0.9623430254	0.0002480002107	
-14.07037019		0.9625318235	0.0002493415029	
-14.05523262		0.9627229507	0.0002506969574	
-14.04009505		0.9629164012	0.0002520668503	
-14.02495748		0.9631121676	0.0002534514655	
-14.00981991		0.963310241	0.0002548510948	
-13.99468234		0.9635106109	0.0002562660386	
-13.97954477		0.9637132648	0.0002576966057	
-13.9644072		0.9639181885	0.0002591431139	
-13.94926963		0.9641253659	0.0002606058903	
-13.93413207		0.9643347787	0.0002620852717	
-13.9189945		0.9645464065	0.0002635816047	
-13.90385693		0.9647602269	0.0002650952462	
-13.88871936		0.9649762149	0.000266626564	
-13.87358179		0.9651943435	0.0002681759369	
-13.85844422		0.9654145828	0.000269743755	
-13.84330665		0.9656369005	0.0002713304204	
-13.82816908		0.965861262	0.0002729363478	
-13.81303152		0.9660876294	0.0002745619645	
-13.79789395		0.9663159625	0.0002762077109	
-13.78275638		0.9665462179	0.0002778740417	
-13.76761881		0.9667783496	0.0002795614255	
-13.75248124		0.9670123082	0.0002812703461	
-13.73734367		0.9672480417	0.0002830013028	
-13.7222061		0.9674854948	0.0002847548111	
-13.70706853		0.9677246091	0.0002865314034	
-13.69193097		0.967965323	0.0002883316299	
-13.6767934		0.9682075718	0.0002901560593	
-13.66165583		0.9684512879	0.0002920052799	
-13.64651826		0.9686964	0.0002938799006	
-13.63138069		0.9689428343	0.0002957805519	
-13.61624312		0.9691905134	0.0002977078875	
-13.60110555		0.9694393573	0.0002996625856	
-13.58596798		0.9696892828	0.0003016453504	
-13.57083042		0.9699402039	0.000303656914	
-13.55569285		0.9701920319	0.0003056980383	
-13.54055528		0.9704446756	0.0003077695166	
-13.52541771		0.9706980408	0.0003098721753	
-13.51028014		0.9709520314	0.0003120068751	
-13.49514257		0.9712065484	0.0003141745104	
-13.480005		0.9714614905	0.0003163760073	
-13.46486743		0.9717167533	0.0003186123172	
-13.44972986		0.9719722293	0.0003208844057	
-13.4345923		0.9722278066	0.0003231932355	
-13.41945473		0.9724833683	0.0003255397441	
-13.40431716		0.9727387912	0.0003279248225	
-13.38917959		0.9729939462	0.0003303493084	
-13.37404202		0.9732486994	0.0003328140089	
-13.35890445		0.9735029157	0.0003353197645	
-13.34376688		0.9737564632	0.000337867534	
-13.32862931		0.974009215	0.0003404584517	
-13.31349175		0.9742610473	0.0003430938008	
-13.29835418		0.9745118323	0.000345774891	
-13.28321661		0.9747614303	0.0003485029024	
-13.26807904		0.9750096881	0.0003512788189	
-13.25294147		0.9752564547	0.0003541036026	
-13.2378039		0.9755016208	0.0003569786372	
-13.22266633		0.9757451499	0.0003599059922	
-13.20752876		0.9759870296	0.0003628877366	
-13.1923912		0.9762271632	0.0003659249345	
-13.17725363		0.9764653618	0.000369018065	
-13.16211606		0.9767014334	0.0003721681742	
-13.14697849		0.9769352286	0.0003753770333	
-13.13184092		0.9771666221	0.0003786464935	
-13.11670335		0.9773954831	0.0003819779144	
-13.10156578		0.9776216648	0.0003853720348	
-13.08642821		0.9778450124	0.0003888292676	
-13.07129065		0.9780653814	0.0003923502369	
-13.05615308		0.978282655	0.0003959363011	
-13.04101551		0.9784967516	0.000399589804	
-13.02587794		0.9787076166	0.0004033139132	
-13.01074037		0.9789152046	0.0004071121016	
-12.9956028		0.9791194574	0.0004109875002	
-12.98046523		0.9793202891	0.0004149424036	
-12.96532766		0.9795175835	0.0004189781292	
-12.9501901		0.9797112044	0.0004230952946	
-12.93505253		0.9799010158	0.0004272944192	
-12.91991496		0.980086902	0.0004315766209	
-12.90477739		0.9802687814	0.0004359441095	
-12.88963982		0.9804466057	0.000440400246	
-12.87450225		0.9806203469	0.000444949128	
-12.85936468		0.9807899758	0.0004495948789	
-12.84422711		0.9809554437	0.000454340952	
-12.82908954		0.9811166732	0.0004591897408	
-12.81395198		0.9812735627	0.0004641426744	
-12.79881441		0.9814260028	0.0004692007847	
-12.78367684		0.9815738969	0.0004743655352	
-12.76853927		0.9817171787	0.0004796395537	
-12.7534017		0.9818558172	0.0004850269212	
-12.73826413		0.9819898069	0.0004905328462	
-12.72312656		0.9821191472	0.000496162836	
-12.70798899		0.9822438206	0.0005019217206	
-12.69285143		0.9823637784	0.0005078129724	
-12.67771386		0.9824789415	0.0005138386555	
-12.66257629		0.9825892154	0.0005200000682	
-12.64743872		0.9826945127	0.000526298824	
-12.63230115		0.9827947725	0.0005327378983	
-12.61716358		0.982889968	0.000539322158	
-12.60202601		0.9829800944	0.0005460580935	
-12.58688844		0.9830651416	0.0005529528205	
-12.57175088		0.9831450549	0.0005600127793	
-12.55661331		0.9832196973	0.0005672427443	
-12.54147574		0.9832888325	0.0005746456456	
-12.52633817		0.983352182	0.0005822233461	
-12.5112006		0.9834096412	0.0005899781087	
-12.49606303		0.9834615699	0.0005979141218	
-12.48092546		0.9835086743	0.0006060381884	
-12.46578789		0.9835514073	0.0006143591348	
-12.45065033		0.9835897272	0.0006228864704	
-12.43551276		0.9836233742	0.0006316289193	
-12.42037519		0.9836521059	0.000640593268	
-12.40523762		0.9836757446	0.0006497840816	
-12.39010005		0.9836941623	0.0006592045328	
-12.37496248		0.9837072723	0.0006688580191	
-12.35982491		0.9837150339	0.0006787498563	
-12.34468734		0.9837174557	0.0006888882802	
-12.32954977		0.9837145858	0.0006992842284	
-12.31441221		0.9837064887	0.0007099499015	
-12.29927464		0.9836932172	0.0007208967292	
-12.28413707		0.9836747911	0.0007321337471	
-12.2689995		0.9836511942	0.000743667217	
-12.25386193		0.9836223887	0.0007555017057	
-12.23872436		0.9835883414	0.0007676421427	
-12.22358679		0.9835490488	0.0007800959273	
-12.20844922		0.9835045492	0.0007928740894	
-12.19331166		0.983454916	0.0008059908668	
-12.17817409		0.9834002346	0.0008194617921	
-12.16303652		0.9833405748	0.0008333011921	
-12.14789895		0.9832759713	0.000847520383	
-12.13276138		0.9832064236	0.0008621275158	
-12.11762381		0.9831319144	0.0008771291873	
-12.10248624		0.9830524365	0.000892533068	
-12.08734867		0.9829680168	0.0009083503036	
-12.07221111		0.9828787237	0.0009245964847	
-12.05707354		0.9827846563	0.0009412905979	
-12.04193597		0.9826859178	0.0009584523821	
-12.0267984		0.9825825893	0.0009760994207	
-12.01166083		0.9824747159	0.0009942455121	
-11.99652326		0.9823623124	0.001012901205	
-11.98138569		0.9822453858	0.001032076267	
-11.96624812		0.9821239622	0.001051782867	
-11.95111056		0.9819981043	0.001072037874	
-11.93597299		0.9818679121	0.001092863015	
-11.92083542		0.9817335044	0.001114282718	
-11.90569785		0.9815949927	0.001136320729	
-11.89056028		0.98145246	0.001158997312	
-11.87542271		0.9813059569	0.001182328593	
-11.86028514		0.9811555152	0.001206328427	
-11.84514757		0.9810011722	0.001231011798	
-11.83001001		0.9808429918	0.001256397962	
-11.81487244		0.9806810723	0.001282511622	
-11.79973487		0.9805155359	0.001309381452	
-11.7845973		0.9803465079	0.001337036766	
-11.76945973		0.9801740948	0.001365504185	
-11.75432216		0.9799983751	0.001394806183	
-11.73918459		0.9798194066	0.00142496233	
-11.72404702		0.9796372438	0.001455992482	
-11.70890945		0.979451958	0.001487920145	
-11.69377189		0.9792636466	0.001520774117	
-11.67863432		0.9790724287	0.001554587543	
-11.66349675		0.9788784298	0.00158939497	
-11.64835918		0.9786817647	0.001625229136	
-11.63322161		0.9784825275	0.001662119345	
-11.61808404		0.9782807948	0.001700092301	
-11.60294647		0.9780766381	0.001739174806	
-11.5878089		0.9778701376	0.001779396705	
-11.57267134		0.9776613909	0.001820792383	
-11.55753377		0.9774505109	0.001863400052	
-11.5423962		0.977237616	0.001907259377	
-11.52725863		0.9770228183	0.001952408907	
-11.51212106		0.976806217	0.001998884814	
-11.49698349		0.9765878993	0.002046721548	
-11.48184592		0.9763679477	0.002095953884	
-11.46670835		0.9761464495	0.002146619042	
-11.45157079		0.9759235008	0.002198757663	
-11.43643322		0.9756992066	0.002252413211	
-11.42129565		0.9754736746	0.002307630288	
-11.40615808		0.9752470086	0.002364452963	
-11.39102051		0.975019305	0.002422924057	
-11.37588294		0.9747906532	0.002483085663	
-11.36074537		0.9745611399	0.002544980442	
-11.3456078		0.974330853	0.002608652841	
-11.33047024		0.9740998845	0.002674149533	
-11.31533267		0.9738683296	0.002741518945	
-11.3001951		0.973636284	0.00281081026	
-11.28505753		0.9734038408	0.002882072529	
-11.26991996		0.9731710891	0.002955354368	
-11.25478239		0.9729381141	0.003030704291	
-11.23964482		0.9727049991	0.003108171369	
-11.22450725		0.9724718271	0.003187805766	
-11.20936968		0.9722386814	0.003269658851	
-11.19423212		0.9720056459	0.00335378289	
-11.17909455		0.9717728033	0.003440230542	
-11.16395698		0.9715402343	0.003529054465	
-11.14881941		0.9713080169	0.003620307208	
-11.13368184		0.9710762269	0.003714041355	
-11.11854427		0.9708449382	0.003810309763	
-11.1034067		0.9706142232	0.003909165697	
-11.08826913		0.9703841535	0.004010662788	
-11.07313157		0.9701547995	0.004114854831	
-11.057994		0.9699262297	0.00422179555	
-11.04285643		0.969698511	0.004331538426	
-11.02771886		0.9694717082	0.004444136643	
-11.01258129		0.9692458838	0.004559643088	
-10.99744372		0.9690210989	0.004678110365	
-10.98230615		0.9687974126	0.004799590755	
-10.96716858		0.968574882	0.004924136104	
-10.95203102		0.9683535629	0.0050517977	
-10.93689345		0.9681335088	0.005182626141	
-10.92175588		0.9679147716	0.005316671248	
-10.90661831		0.9676974009	0.005453981988	
-10.89148074		0.9674814444	0.005594606409	
-10.87634317		0.9672669479	0.005738591556	
-10.8612056		0.967053955	0.005885983369	
-10.84606803		0.9668425075	0.006036826569	
-10.83093047		0.9666326453	0.00619116456	
-10.8157929		0.9664244059	0.006349039332	
-10.80065533		0.9662178253	0.006510491377	
-10.78551776		0.9660129371	0.006675559611	
-10.77038019		0.9658097732	0.006844281272	
-10.75524262		0.9656083632	0.007016691826	
-10.74010505		0.965408735	0.007192824864	
-10.72496748		0.9652109144	0.007372712005	
-10.70982991		0.9650149251	0.007556382811	
-10.69469235		0.964820789	0.007743864711	
-10.67955478		0.9646285261	0.007935182925	
-10.66441721		0.964438154	0.00813036039	
-10.64927964		0.9642496881	0.008329417678	
-10.63414207		0.9640631409	0.008532372911	
-10.6190045		0.9638785201	0.008739241678	
-10.60386693		0.963695826	0.00895003693	
-10.58872936		0.9635150446	0.009164768856	
-10.5735918		0.9633361333	0.009383444681	
-10.55845423		0.9631589963	0.009606068333	
-10.54331666		0.9629834494	0.009832639986	
-10.52817909		0.9628092149	0.01006315585	
-10.51304152		0.962636057	0.01029760946	
-10.49790395		0.9624641173	0.01053599539	
-10.48276638		0.9622940458	0.0107783111	
-10.46762881		0.9621264962	0.0110245519	
-10.45249125		0.9619616487	0.0112747053	
-10.43735368		0.9617993348	0.01152875192	
-10.42221611		0.9616393271	0.01178666862	
-10.40707854		0.9614814611	0.01204842992	
-10.39194097		0.9613256392	0.01231400814	
-10.3768034		0.9611718078	0.01258337325	
-10.36166583		0.9610199369	0.01285649264	
-10.34652826		0.9608700092	0.01313333109	
-10.3313907		0.9607220137	0.01341385068	
-10.31625313		0.9605759427	0.01369801088	
-10.30111556		0.9604317902	0.01398576853	
-10.28597799		0.9602895517	0.01427707794	
-10.27084042		0.9601492235	0.01457189092	
-10.25570285		0.9600108027	0.01487015686	
-10.24056528		0.9598742877	0.01517182284	
-10.22542771		0.9597396777	0.01547683367	
-10.21029015		0.9596069731	0.01578513204	
-10.19515258		0.9594761756	0.01609665855	
-10.18001501		0.9593472883	0.01641135184	
-10.16487744		0.9592203157	0.01672914871	
-10.14973987		0.9590952639	0.0170499842	
-10.1346023		0.9589721407	0.01737379171	
-10.11946473		0.9588509557	0.01770050311	
-10.10432716		0.9587317202	0.01803004884	
-10.08918959		0.9586144475	0.01836235808	
-10.07405203		0.958499153	0.01869735877	
-10.05891446		0.958385854	0.01903497783	
-10.04377689		0.9582745702	0.0193751412	
-10.02863932		0.9581653233	0.019717774	
-10.01350175		0.9580581379	0.02006280065	
-9.998364182		0.9579530407	0.02041014495	
-9.983226613		0.9578500616	0.02075973027	
-9.968089045		0.9577492338	0.02111147958	
-9.952951476		0.957650594	0.02146531567	
-9.937813907		0.9575541835	0.02182116121	
-9.922676338		0.9574600489	0.02217893893	
-9.907538769		0.9573682428	0.02253857177	
-9.892401201		0.9572788244	0.02289998304	
-9.877263632		0.9571918585	0.02326309659	
-9.862126063		0.9571074083	0.02362783696	
-9.846988494		0.9570255151	0.02399412925	
-9.831850925		0.9569461488	0.02436189832	
-9.816713357		0.9568691165	0.02473106658	
-9.801575788		0.9567939751	0.02510155012	
-9.786438219		0.9567201494	0.02547325746	
-9.77130065		0.9566474211	0.02584609876	
-9.756163082		0.956576295	0.0262200006	
-9.741025513		0.9565075963	0.02659490524	
-9.725887944		0.9564418658	0.02697075625	
-9.710750375		0.956379253	0.02734749069	
-9.695612806		0.9563197058	0.02772504046	
-9.680475238		0.9562631235	0.02810333563	
-9.665337669		0.9562094181	0.02848230638	
-9.6502001		0.956158527	0.02886188389	
-9.635062531		0.9561104087	0.02924200051	
-9.619924962		0.9560650365	0.02962258979	
-9.604787394		0.9560223928	0.03000358649	
-9.589649825		0.9559824654	0.03038492645	
-9.574512256		0.9559452447	0.0307665466	
-9.559374687		0.9559107219	0.03114838489	
-9.544237119		0.9558788881	0.03153038029	
-9.52909955		0.9558497334	0.03191247273	
-9.513961981		0.9558232468	0.03229460312	
-9.498824412		0.9557994151	0.03267671327	
-9.483686843		0.9557782238	0.03305874594	
-9.468549275		0.9557596562	0.03344064474	
-9.453411706		0.9557436937	0.03382235419	
-9.438274137		0.9557303158	0.03420381964	
-9.423136568		0.9557195	0.03458498726	
-9.407998999		0.955711222	0.03496580405	
-9.392861431		0.9557054558	0.03534621776	
-9.377723862		0.9557021737	0.03572617692	
-9.362586293		0.9557013462	0.0361056308	
-9.347448724		0.9557029427	0.03648452938	
-9.332311156		0.9557069307	0.03686282331	
-9.317173587		0.9557132769	0.03724046392	
-9.302036018		0.9557219466	0.0376174032	
-9.286898449		0.955732904	0.03799359374	
-9.27176088		0.9557461124	0.03836898871	
-9.256623312		0.9557615343	0.0387435419	
-9.241485743		0.9557791313	0.03911720762	
-9.226348174		0.9557988645	0.03948994071	
-9.211210605		0.9558206943	0.03986169654	
-9.196073037		0.9558445806	0.04023243095	
-9.180935468		0.9558704832	0.04060210026	
-9.165797899		0.9558983613	0.04097066125	
-9.15066033		0.955928174	0.04133807113	
-9.135522761		0.9559598801	0.04170428751	
-9.120385193		0.9559934386	0.04206926843	
-9.105247624		0.9560288082	0.0424329723	
-9.090110055		0.9560659479	0.04279535791	
-9.074972486		0.9561048166	0.04315638441	
-9.059834917		0.9561453735	0.04351601129	
-9.044697349		0.9561875778	0.04387419838	
-9.02955978		0.9562313891	0.04423090585	
-9.014422211		0.9562767673	0.04458609417	
-8.999284642		0.9563236725	0.04493972414	
-8.984147074		0.9563720653	0.04529175686	
-8.969009505		0.9564219065	0.04564215371	
-8.953871936		0.9564731574	0.0459908764	
-8.938734367		0.9565257797	0.0463378869	
-8.923596798		0.9565797356	0.04668314749	
-8.90845923		0.9566349876	0.04702662072	
-8.893321661		0.9566914989	0.04736826946	
-8.878184092		0.9567492329	0.04770805684	
-8.863046523		0.9568081538	0.04804594629	
-8.847908954		0.9568682259	0.04838190154	
-8.832771386		0.9569294145	0.04871588662	
-8.817633817		0.956991685	0.04904786585	
-8.802496248		0.9570550034	0.04937780388	
-8.787358679		0.9571193362	0.04970566566	
-8.772221111		0.9571846506	0.05003141647	
-8.757083542		0.9572509139	0.05035502192	
-8.741945973		0.9573180944	0.05067644796	
-8.726808404		0.9573861603	0.0509956609	
-8.711670835		0.9574550809	0.05131262739	
-8.696533267		0.9575248254	0.05162731448	
-8.681395698		0.9575953639	0.05193968959	
-8.666258129		0.9576666666	0.05224972054	
-8.65112056		0.9577387046	0.05255737556	
-8.635982991		0.9578114489	0.05286262331	
-8.620845423		0.9578848714	0.05316543287	
-8.605707854		0.9579589441	0.05346577379	
-8.590570285		0.9580336397	0.05376361608	
-8.575432716		0.9581089309	0.05405893023	
-8.560295148		0.9581847911	0.05435168725	
-8.545157579		0.9582611941	0.05464185864	
-8.53002001		0.9583381138	0.05492941642	
-8.514882441		0.9584155247	0.0552143332	
-8.499744872		0.9584934016	0.0554965821	
-8.484607304		0.9585717195	0.05577613686	
-8.469469735		0.9586504538	0.05605297179	
-8.454332166		0.9587295804	0.05632706183	
-8.439194597		0.958809075	0.05659838253	
-8.424057029		0.9588889142	0.05686691011	
-8.40891946		0.9589690745	0.05713262142	
-8.393781891		0.9590495327	0.05739549402	
-8.378644322		0.9591302659	0.05765550613	
-8.363506753		0.9592112515	0.05791263671	
-8.348369185		0.9592924672	0.05816686542	
-8.333231616		0.9593738906	0.05841817268	
-8.318094047		0.9594555	0.05866653964	
-8.302956478		0.9595372734	0.05891194826	
-8.287818909		0.9596191895	0.05915438123	
-8.272681341		0.9597012268	0.05939382209	
-8.257543772		0.9597833641	0.05963025516	
-8.242406203		0.9598655804	0.05986366559	
-8.227268634		0.959947855	0.06009403936	
-8.212131066		0.9600301672	0.0603213633	
-8.196993497		0.9601124963	0.06054562512	
-8.181855928		0.9601948221	0.06076681338	
-8.166718359		0.9602771242	0.06098491751	
-8.15158079		0.9603593826	0.06119992786	
-8.136443222		0.9604415773	0.06141183564	
-8.121305653		0.9605236883	0.06162063299	
-8.106168084		0.960605696	0.06182631297	
-8.091030515		0.9606875806	0.06202886955	
-8.075892946		0.9607693225	0.06222829761	
-8.060755378		0.9608509023	0.062424593	
-8.045617809		0.9609323006	0.06261775246	
-8.03048024		0.9610134979	0.06280777372	
-8.015342671		0.9610944752	0.06299465541	
-8.000205103		0.9611752132	0.06317839712	
-7.985067534		0.9612556927	0.06335899941	
-7.969929965		0.9613358948	0.06353646376	
-7.954792396		0.9614158004	0.06371079261	
-7.939654827		0.9614953905	0.06388198934	
-7.924517259		0.9615746464	0.06405005829	
-7.90937969		0.961653549	0.06421500473	
-7.894242121		0.9617320795	0.06437683488	
-7.879104552		0.9618102193	0.06453555588	
-7.863966983		0.9618879494	0.06469117584	
-7.848829415		0.9619652512	0.06484370375	
-7.833691846		0.962042106	0.06499314956	
-7.818554277		0.9621184951	0.06513952412	
-7.803416708		0.9621943998	0.06528283918	
-7.78827914		0.9622698014	0.0654231074	
-7.773141571		0.9623446813	0.06556034232	
-7.758004002		0.962419021	0.06569455838	
-7.742866433		0.9624928017	0.06582577086	
-7.727728864		0.9625660049	0.06595399592	
-7.712591296		0.9626386119	0.06607925058	
-7.697453727		0.9627106041	0.06620155265	
-7.682316158		0.962781963	0.06632092082	
-7.667178589		0.96285267	0.06643737454	
-7.652041021		0.9629227063	0.06655093408	
-7.636903452		0.9629920534	0.06666162049	
-7.621765883		0.9630606928	0.06676945559	
-7.606628314		0.9631286056	0.06687446192	
-7.591490745		0.9631957734	0.06697666278	
-7.576353177		0.9632621775	0.06707608219	
-7.561215608		0.9633277992	0.06717274485	
-7.546078039		0.9633926199	0.06726667615	
-7.53094047		0.9634566209	0.06735790215	
-7.515802901		0.9635197834	0.06744644954	
-7.500665333		0.9635820889	0.06753234565	
-7.485527764		0.9636435186	0.0676156184	
-7.470390195		0.9637040537	0.06769629632	
-7.455252626		0.9637636756	0.06777440848	
-7.440115058		0.9638223655	0.06784998452	
-7.424977489		0.9638801046	0.06792305458	
-7.40983992		0.9639368741	0.06799364934	
-7.394702351		0.9639926553	0.06806179992	
-7.379564782		0.9640474293	0.06812753794	
-7.364427214		0.9641011773	0.06819089544	
-7.349289645		0.9641538805	0.06825190488	
-7.334152076		0.96420552	0.06831059912	
-7.319014507		0.9642560769	0.06836701141	
-7.303876938		0.9643055324	0.06842117532	
-7.28873937		0.9643538674	0.06847312479	
-7.273601801		0.9644010632	0.06852289403	
-7.258464232		0.9644471007	0.06857051758	
-7.243326663		0.9644919609	0.06861603022	
-7.228189095		0.9645356249	0.06865946697	
-7.213051526		0.9645780736	0.06870086311	
-7.197913957		0.964619288	0.06874025407	
-7.182776388		0.964659249	0.06877767551	
-7.167638819		0.9646979376	0.06881316322	
-7.152501251		0.9647353345	0.06884675316	
-7.137363682		0.9647714207	0.06887848137	
-7.122226113		0.964806177	0.06890838402	
-7.107088544		0.9648395842	0.06893649737	
-7.091950975		0.964871623	0.06896285771	
-7.076813407		0.9649022743	0.06898750141	
-7.061675838		0.9649315187	0.06901046482	
-7.046538269		0.964959337	0.06903178434	
-7.0314007		0.9649857099	0.06905149633	
-7.016263132		0.965010618	0.06906963712	
-7.001125563		0.965034042	0.06908624299	
-6.985987994		0.9650559625	0.06910135016	
-6.970850425		0.9650763604	0.06911499473	
-6.955712856		0.9650952161	0.06912721273	
-6.940575288		0.9651125105	0.06913804003	
-6.925437719		0.9651282241	0.06914751236	
-6.91030015		0.9651423378	0.06915566528	
-6.895162581		0.9651548323	0.06916253415	
-6.880025013		0.9651656884	0.06916815411	
-6.864887444		0.9651748869	0.06917256008	
-6.849749875		0.9651824087	0.0691757867	
-6.834612306		0.9651882348	0.06917786833	
-6.819474737		0.9651923462	0.06917883901	
-6.804337169		0.9651947239	0.06917873247	
-6.7891996		0.9651953491	0.06917758207	
-6.774062031		0.9651942029	0.06917542078	
-6.758924462		0.9651912666	0.0691722812	
-6.743786893		0.9651865215	0.06916819546	
-6.728649325		0.9651799488	0.06916319531	
-6.713511756		0.9651715298	0.06915731201	
-6.698374187		0.965161246	0.06915057635	
-6.683236618		0.9651490785	0.06914301867	
-6.66809905		0.9651350088	0.06913466878	
-6.652961481		0.965119018	0.06912555606	
-6.637823912		0.9651010874	0.06911570935	
-6.622686343		0.9650811979	0.06910515702	
-6.607548774		0.9650593307	0.06909392698	
-6.592411206		0.9650354665	0.06908204664	
-6.577273637		0.9650095861	0.06906954294	
-6.562136068		0.96498167	0.06905644239	
-6.546998499		0.9649516989	0.06904277101	
-6.53186093		0.9649196531	0.06902855439	
-6.516723362		0.9648855127	0.06901381765	
-6.501585793		0.9648492582	0.06899858547	
-6.486448224		0.9648108696	0.068982882	
-6.471310655		0.9647703272	0.06896673092	
-6.456173087		0.9647276113	0.06895015534	
-6.441035518		0.9646827022	0.06893317774	
-6.425897949		0.9646355808	0.06891581998	
-6.41076038		0.9645862278	0.06889810314	
-6.395622811		0.9645346244	0.0688800475	
-6.380485243		0.9644807525	0.06886167243	
-6.365347674		0.9644245938	0.0688429963	
-6.350210105		0.9643661311	0.06882403641	
-6.335072536		0.9643053473	0.06880480889	
-6.319934967		0.9642422259	0.06878532866	
-6.304797399		0.9641767508	0.06876560938	
-6.28965983		0.9641089064	0.06874566341	
-6.274522261		0.9640386773	0.06872550181	
-6.259384692		0.9639660485	0.06870513443	
-6.244247124		0.9638910051	0.06868456992	
-6.229109555		0.9638135321	0.06866381584	
-6.213971986		0.9637336144	0.0686428788	
-6.198834417		0.9636512369	0.0686217646	
-6.183696848		0.963566384	0.06860047839	
-6.16855928		0.9634790395	0.06857902484	
-6.153421711		0.9633891868	0.06855740831	
-6.138284142		0.9632968088	0.06853563299	
-6.123146573		0.9632018877	0.06851370303	
-6.108009005		0.9631044051	0.06849162265	
-6.092871436		0.963004342	0.06846939621	
-6.077733867		0.962901679	0.06844702819	
-6.062596298		0.9627963963	0.0684245232	
-6.047458729		0.9626884739	0.06840188592	
-6.032321161		0.9625778916	0.06837912096	
-6.017183592		0.9624646294	0.06835623281	
-6.002046023		0.9623486674	0.06833322565	
-5.986908454		0.962229986	0.06831010321	
-5.971770885		0.9621085658	0.06828686866	
-5.956633317		0.9619843884	0.06826352445	
-5.941495748		0.9618574353	0.06824007226	
-5.926358179		0.9617276891	0.06821651287	
-5.91122061		0.9615951325	0.06819284617	
-5.896083042		0.9614597489	0.06816907113	
-5.880945473		0.9613215221	0.06814518584	
-5.865807904		0.9611804363	0.06812118755	
-5.850670335		0.9610364757	0.06809707273	
-5.835532766		0.9608896249	0.0680728372	
-5.820395198		0.9607398687	0.06804847618	
-5.805257629		0.9605871915	0.06802398437	
-5.79012006		0.9604315782	0.06799935607	
-5.774982491		0.9602730131	0.06797458521	
-5.759844922		0.9601114808	0.06794966541	
-5.744707354		0.9599469655	0.06792459004	
-5.729569785		0.9597794517	0.06789935216	
-5.714432216		0.9596089234	0.06787394456	
-5.699294647		0.9594353647	0.06784835974	
-5.684157079		0.9592587598	0.06782258983	
-5.66901951		0.9590790927	0.06779662656	
-5.653881941		0.9588963475	0.06777046118	
-5.638744372		0.9587105084	0.06774408444	
-5.623606803		0.9585215597	0.06771748648	
-5.608469235		0.9583294854	0.06769065678	
-5.593331666		0.95813427	0.06766358413	
-5.578194097		0.9579358978	0.06763625656	
-5.563056528		0.9577343531	0.06760866132	
-5.547918959		0.9575296203	0.06758078487	
-5.532781391		0.9573216839	0.06755261282	
-5.517643822		0.9571105281	0.06752412998	
-5.502506253		0.9568961375	0.06749532037	
-5.487368684		0.9566784964	0.06746616721	
-5.472231116		0.9564575895	0.06743665296	
-5.457093547		0.9562334012	0.0674067594	
-5.441955978		0.9560059165	0.06737646761	
-5.426818409		0.9557751201	0.06734575807	
-5.41168084		0.9555409973	0.06731461068	
-5.396543272		0.9553035334	0.06728300482	
-5.381405703		0.9550627142	0.0672509194	
-5.366268134		0.9548185258	0.06721833291	
-5.351130565		0.9545709547	0.06718522346	
-5.335992996		0.9543199876	0.06715156879	
-5.320855428		0.9540656117	0.06711734635	
-5.305717859		0.9538078145	0.06708253329	
-5.29058029		0.953546584	0.0670471065	
-5.275442721		0.9532819083	0.0670110426	
-5.260305153		0.9530137757	0.06697431798	
-5.245167584		0.9527421748	0.06693690877	
-5.230030015		0.9524670943	0.06689879088	
-5.214892446		0.952188523	0.06685993999	
-5.199754877		0.9519064496	0.0668203315	
-5.184617309		0.9516208629	0.06677994062	
-5.16947974		0.9513317515	0.06673874229	
-5.154342171		0.9510391042	0.06669671121	
-5.139204602		0.9507429093	0.06665382184	
-5.124067034		0.9504431554	0.06661004841	
-5.108929465		0.9501398307	0.06656536492	
-5.093791896		0.9498329235	0.06651974516	
-5.078654327		0.949522422	0.06647316269	
-5.063516758		0.9492083141	0.0664255909	
-5.04837919		0.9488905882	0.06637700301	
-5.033241621		0.9485692324	0.06632737205	
-5.018104052		0.9482442347	0.06627667096	
-5.002966483		0.9479155837	0.06622487251	
-4.987828914		0.9475832676	0.06617194943	
-4.972691346		0.9472472751	0.06611787434	
-4.957553777		0.9469075948	0.06606261982	
-4.942416208		0.9465642157	0.06600615844	
-4.927278639		0.9462171269	0.06594846275	
-4.912141071		0.9458663177	0.0658895053	
-4.897003502		0.9455117776	0.0658292587	
-4.881865933		0.9451534963	0.06576769561	
-4.866728364		0.9447914637	0.06570478874	
-4.851590795		0.9444256699	0.06564051091	
-4.836453227		0.9440561051	0.06557483505	
-4.821315658		0.9436827598	0.06550773421	
-4.806178089		0.9433056245	0.06543918158	
-4.79104052		0.9429246901	0.06536915049	
-4.775902951		0.9425399472	0.06529761447	
-4.760765383		0.942151387	0.0652245472	
-4.745627814		0.9417590004	0.06514992259	
-4.730490245		0.9413627787	0.06507371474	
-4.715352676		0.9409627131	0.064995898	
-4.700215108		0.9405587949	0.06491644694	
-4.685077539		0.9401510156	0.06483533639	
-4.66993997		0.9397393666	0.06475254146	
-4.654802401		0.9393238396	0.06466803755	
-4.639664832		0.938904426	0.06458180032	
-4.624527264		0.9384811177	0.06449380579	
-4.609389695		0.9380539065	0.06440403028	
-4.594252126		0.9376227841	0.06431245045	
-4.579114557		0.9371877425	0.06421904332	
-4.563976988		0.9367487738	0.06412378629	
-4.54883942		0.9363058699	0.06402665712	
-4.533701851		0.9358590232	0.06392763399	
-4.518564282		0.9354082259	0.06382669548	
-4.503426713		0.9349534703	0.0637238206	
-4.488289145		0.934494749	0.06361898879	
-4.473151576		0.9340320545	0.06351217995	
-4.458014007		0.9335653795	0.06340337444	
-4.442876438		0.9330947169	0.06329255309	
-4.427738869		0.9326200595	0.06317969724	
-4.412601301		0.9321414004	0.0630647887	
-4.397463732		0.9316587328	0.06294780983	
-4.382326163		0.9311720499	0.06282874347	
-4.367188594		0.9306813451	0.06270757304	
-4.352051026		0.9301866119	0.06258428245	
-4.336913457		0.929687844	0.06245885622	
-4.321775888		0.9291850352	0.06233127938	
-4.306638319		0.9286781794	0.06220153757	
-4.29150075		0.9281672705	0.062069617	
-4.276363182		0.9276523029	0.06193550444	
-4.261225613		0.9271332706	0.06179918729	
-4.246088044		0.9266101683	0.06166065354	
-4.230950475		0.9260829903	0.06151989176	
-4.215812906		0.9255517315	0.06137689117	
-4.200675338		0.9250163866	0.06123164158	
-4.185537769		0.9244769505	0.06108413344	
-4.1704002		0.9239334184	0.0609343578	
-4.155262631		0.9233857855	0.06078230636	
-4.140125063		0.9228340471	0.06062797144	
-4.124987494		0.9222781988	0.06047134599	
-4.109849925		0.9217182362	0.0603124236	
-4.094712356		0.921154155	0.06015119849	
-4.079574787		0.9205859512	0.05998766551	
-4.064437219		0.9200136208	0.05982182015	
-4.04929965		0.9194371601	0.05965365854	
-4.034162081		0.9188565655	0.05948317742	
-4.019024512		0.9182718334	0.05931037417	
-4.003886943		0.9176829605	0.05913524678	
-3.988749375		0.9170899437	0.0589577939	
-3.973611806		0.9164927799	0.05877801475	
-3.958474237		0.9158914662	0.0585959092	
-3.943336668		0.915286	0.05841147768	
-3.9281991		0.9146763786	0.05822472127	
-3.913061531		0.9140625998	0.05803564161	
-3.897923962		0.9134446612	0.05784424093	
-3.882786393		0.9128225608	0.05765052204	
-3.867648824		0.9121962967	0.05745448832	
-3.852511256		0.9115658672	0.05725614369	
-3.837373687		0.9109312708	0.05705549264	
-3.822236118		0.910292506	0.05685254019	
-3.807098549		0.9096495716	0.05664729186	
-3.79196098		0.9090024665	0.05643975371	
-3.776823412		0.90835119	0.05622993228	
-3.761685843		0.9076957413	0.05601783462	
-3.746548274		0.9070361198	0.05580346822	
-3.731410705		0.9063723252	0.05558684105	
-3.716273137		0.9057043573	0.0553679615	
-3.701135568		0.9050322161	0.05514683841	
-3.685997999		0.9043559018	0.05492348101	
-3.67086043		0.9036754147	0.05469789892	
-3.655722861		0.9029907553	0.05447010216	
-3.640585293		0.9023019242	0.05424010107	
-3.625447724		0.9016089224	0.05400790636	
-3.610310155		0.9009117507	0.05377352904	
-3.595172586		0.9002104104	0.05353698043	
-3.580035018		0.8995049029	0.05329827213	
-3.564897449		0.8987952296	0.05305741601	
-3.54975988		0.8980813922	0.05281442415	
-3.534622311		0.8973633925	0.05256930888	
-3.519484742		0.8966412324	0.05232208274	
-3.504347174		0.8959149142	0.05207275841	
-3.489209605		0.89518444	0.05182134875	
-3.474072036		0.8944498123	0.05156786677	
-3.458934467		0.8937110337	0.05131232558	
-3.443796898		0.8929681068	0.05105473839	
-3.42865933		0.8922210344	0.05079511847	
-3.413521761		0.8914698195	0.05053347917	
-3.398384192		0.8907144652	0.05026983385	
-3.383246623		0.8899549746	0.05000419588	
-3.368109055		0.8891913511	0.04973657863	
-3.352971486		0.888423598	0.04946699544	
-3.337833917		0.8876517188	0.0491954596	
-3.322696348		0.8868757171	0.04892198432	
-3.307558779		0.8860955966	0.04864658273	
-3.292421211		0.885311361	0.04836926785	
-3.277283642		0.884523014	0.04809005259	
-3.262146073		0.8837305595	0.0478089497	
-3.247008504		0.8829340015	0.04752597178	
-3.231870935		0.8821333438	0.04724113125	
-3.216733367		0.8813285903	0.04695444035	
-3.201595798		0.8805197451	0.04666591111	
-3.186458229		0.8797068121	0.04637555538	
-3.17132066		0.8788897953	0.04608338473	
-3.156183092		0.8780686985	0.04578941055	
-3.141045523		0.8772435256	0.04549364395	
-3.125907954		0.8764142804	0.04519609582	
-3.110770385		0.8755809667	0.04489677679	
-3.095632816		0.8747435882	0.04459569722	
-3.080495248		0.8739021483	0.04429286723	
-3.065357679		0.8730566505	0.04398829669	
-3.05022011		0.8722070981	0.04368199519	
-3.035082541		0.8713534941	0.04337397209	
-3.019944972		0.8704958414	0.04306423653	
-3.004807404		0.8696341429	0.04275279738	
-2.989669835		0.8687684008	0.04243966334	
-2.974532266		0.8678986174	0.04212484287	
-2.959394697		0.8670247946	0.04180834427	
-2.944257129		0.8661469339	0.04149017567	
-2.92911956		0.8652650365	0.04117034509	
-2.913981991		0.8643791033	0.04084886041	
-2.898844422		0.8634891346	0.04052572946	
-2.883706853		0.8625951304	0.04020096002	
-2.868569285		0.86169709	0.03987455988	
-2.853431716		0.8607950122	0.03954653687	
-2.838294147		0.8598888955	0.0392168989	
-2.823156578		0.8589787372	0.03888565405	
-2.80801901		0.8580645345	0.03855281057	
-2.792881441		0.8571462833	0.03821837698	
-2.777743872		0.8562239791	0.03788236212	
-2.762606303		0.8552976162	0.03754477523	
-2.747468734		0.8543671883	0.037205626	
-2.732331166		0.8534326877	0.03686492468	
-2.717193597		0.8524941058	0.03652268213	
-2.702056028		0.8515514328	0.03617890993	
-2.686918459		0.8506046577	0.03583362047	
-2.67178089		0.8496537679	0.03548682704	
-2.656643322		0.8486987497	0.03513854393	
-2.641505753		0.8477395874	0.03478878654	
-2.626368184		0.8467762639	0.0344375715	
-2.611230615		0.8458087603	0.03408491678	
-2.596093047		0.8448370555	0.03373084179	
-2.580955478		0.8438611267	0.03337536755	
-2.565817909		0.8428809484	0.03301851676	
-2.55068034		0.8418964931	0.03266031397	
-2.535542771		0.8409077307	0.03230078571	
-2.520405203		0.8399146281	0.03193996061	
-2.505267634		0.8389171496	0.03157786955	
-2.490130065		0.8379152562	0.03121454582	
-2.474992496		0.8369089055	0.03085002522	
-2.459854927		0.8358980518	0.03048434624	
-2.444717359		0.8348826452	0.03011755019	
-2.42957979		0.8338626322	0.02974968134	
-2.414442221		0.8328379545	0.02938078707	
-2.399304652		0.8318085496	0.029010918	
-2.384167084		0.8307743497	0.02864012814	
-2.369029515		0.8297352821	0.02826847499	
-2.353891946		0.8286912683	0.02789601972	
-2.338754377		0.827642224	0.02752282723	
-2.323616808		0.8265880584	0.02714896631	
-2.30847924		0.8255286741	0.02677450971	
-2.293341671		0.8244639668	0.02639953427	
-2.278204102		0.8233938242	0.02602412096	
-2.263066533		0.8223181263	0.02564835498	
-2.247928964		0.8212367444	0.02527232581	
-2.232791396		0.8201495409	0.02489612724	
-2.217653827		0.8190563685	0.02451985739	
-2.202516258		0.8179570698	0.02414361874	
-2.187378689		0.8168514766	0.02376751805	
-2.172241121		0.8157394092	0.02339166642	
-2.157103552		0.8146206757	0.0230161791	
-2.141965983		0.8134950714	0.02264117552	
-2.126828414		0.8123623777	0.02226677907	
-2.111690845		0.8112223612	0.02189311702	
-2.096553277		0.8100747728	0.02152032029	
-2.081415708		0.8089193463	0.02114852324	
-2.066278139		0.8077557969	0.0207778634	
-2.05114057		0.8065838198	0.02040848116	
-2.036003002		0.8054030879	0.02004051941	
-2.020865433		0.8042132492	0.01967412308	
-2.005727864		0.8030139235	0.01930943861	
-1.990590295		0.801804698	0.01894661338	
-1.975452726		0.8005851214	0.01858579487	
-1.960315158		0.7993546964	0.01822712979	
-1.945177589		0.7981128679	0.01787076282	
-1.93004002		0.7968590079	0.01751683511	
-1.914902451		0.7955923927	0.01716548214	
-1.899764882		0.7943121702	0.01681683093	
-1.884627314		0.7930173111	0.01647099605	
-1.869489745		0.7917065369	0.01612807405	
-1.854352176		0.7903782141	0.01578813546	
-1.839214607		0.789030201	0.01545121388	
-1.824077039		0.7876596414	0.01511729186	
-1.80893947		0.7862627358	0.01478628663	
-1.793801901		0.7848346479	0.01445804861	
-1.778664332		0.7833700656	0.01413241185	
-1.763526763		0.7818656924	0.01380938772	
-1.748389195		0.7803265065	0.01348962109	
-1.733251626		0.7787743519	0.01317496554	
-1.718114057		0.7772459198	0.01286821989	
-1.702976488		0.7757665076	0.0125711668	
-1.687838919		0.7743257701	0.01228296496	
-1.672701351		0.7728915018	0.01200132508	
-1.657563782		0.7714368377	0.01172447317	
-1.642426213		0.7699488564	0.01145168137	
-1.627288644		0.7684240585	0.01118288653	
-1.612151076		0.7668629452	0.0109182861	
-1.597013507		0.765267085	0.01065812983	
-1.581875938		0.7636379713	0.01040264302	
-1.566738369		0.7619767059	0.01015200784	
-1.5516008		0.7602839844	0.009906364843	
-1.536463232		0.7585601696	0.009665819612	
-1.521325663		0.7568053746	0.009430449512	
-1.506188094		0.7550195339	0.009200309191	
-1.491050525		0.7532024599	0.008975434759	
-1.475912956		0.7513538841	0.008755846896	
-1.460775388		0.74947349	0.008541553155	
-1.445637819		0.7475609372	0.008332549703	
-1.43050025		0.7456158798	0.008128822657	
-1.415362681		0.7436379823	0.007930349149	
-1.400225113		0.7416269311	0.007737098192	
-1.385087544		0.7395824451	0.007549031409	
-1.369949975		0.737504284	0.007366103668	
-1.354812406		0.735392256	0.007188263644	
-1.339674837		0.7332462242	0.007015454333	
-1.324537269		0.731066112	0.00684761352	
-1.3093997		0.7288519087	0.006684674229	
-1.294262131		0.7266036731	0.006526565134	
-1.279124562		0.7243215376	0.006373210957	
-1.263986993		0.722005711	0.006224532847	
-1.248849425		0.7196564804	0.006080448739	
-1.233711856		0.7172742125	0.005940873692	
-1.218574287		0.7148593522	0.005805720208	
-1.203436718		0.7124124186	0.005674898517	
-1.18829915		0.709933996	0.005548316812	
-1.173161581		0.7074247127	0.005425881402	
-1.158024012		0.7048851983	0.005307496702	
-1.142886443		0.7023159971	0.005193064925	
-1.127748874		0.6997173897	0.005082485154	
-1.112611306		0.6970890347	0.004975651252	
-1.097473737		0.6944292526	0.004872447477	
-1.082336168		0.6917336516	0.004772740013	
-1.067198599		0.6889927031	0.004676362189	
-1.052061031		0.6861883295	0.0045830945	
-1.036923462		0.6832922631	0.004492658075	
-1.021785893		0.6802762264	0.004404785163	
-1.006648324		0.6771468797	0.004319441179	
-0.9915107554		0.6739798696	0.004237021773	
-0.9763731866		0.6708787669	0.004158068254	
-0.9612356178		0.6678895918	0.004082736157	
-0.946098049		0.6649920133	0.004010769345	
-0.9309604802		0.6621469088	0.003941810654	
-0.9158229115		0.6593250386	0.003875576766	
-0.9006853427		0.6565103337	0.003811872485	
-0.8855477739		0.6536953972	0.0037505595	
-0.8704102051		0.6508774404	0.003691530028	
-0.8552726363		0.6480559046	0.003634691835	
-0.8401350675		0.6452312553	0.003579960824	
-0.8249974987		0.6424044046	0.003527257578	
-0.80985993		0.6395764424	0.003476505793	
-0.7947223612		0.6367485106	0.003427631589	
-0.7795847924		0.6339217444	0.003380563209	
-0.7644472236		0.6310972439	0.003335230888	
-0.7493096548		0.6282760605	0.003291566798	
-0.734172086		0.6254591891	0.003249505029	
-0.7190345173		0.622647564	0.003208981573	
-0.7038969485		0.6198420571	0.003169934315	
-0.6887593797		0.6170434757	0.003132303026	
-0.6736218109		0.6142525629	0.003096029344	
-0.6584842421		0.6114699964	0.003061056763	
-0.6433466733		0.6086963898	0.003027330614	
-0.6282091046		0.6059322924	0.002994798041	
-0.6130715358		0.6031781911	0.002963407979	
-0.597933967		0.6004345107	0.00293311113	
-0.5827963982		0.5977016165	0.00290385993	
-0.5676588294		0.5949798152	0.002875608521	
-0.5525212606		0.5922693575	0.002848312723	
-0.5373836918		0.5895704397	0.002821929996	
-0.5222461231		0.5868832064	0.002796419411	
-0.5071085543		0.5842077523	0.002771741608	
-0.4919709855		0.5815441253	0.00274785877	
-0.4768334167		0.5788923281	0.002724734579	
-0.4616958479		0.5762523216	0.002702334182	
-0.4465582791		0.5736240264	0.002680624155	
-0.4314207104		0.571007326	0.002659572466	
-0.4162831416		0.568402069	0.002639148436	
-0.4011455728		0.5658080714	0.002619322707	
-0.386008004		0.5632251186	0.002600067199	
-0.3708704352		0.5606529684	0.002581355078	
-0.3557328664		0.5580913522	0.00256316072	
-0.3405952976		0.5555399779	0.002545459674	
-0.3254577289		0.5529985314	0.002528228627	
-0.3103201601		0.5504666785	0.002511445374	
-0.2951825913		0.5479440668	0.002495088778	
-0.2800450225		0.5454303274	0.002479138744	
-0.2649074537		0.5429250761	0.002463576183	
-0.2497698849		0.5404279153	0.002448382979	
-0.2346323162		0.5379384353	0.002433541966	
-0.2194947474		0.5354562151	0.00241903689	
-0.2043571786		0.5329808243	0.002404852388	
-0.1892196098		0.5305118234	0.002390973955	
-0.174082041		0.5280487656	0.002377387919	
-0.1589444722		0.5255911969	0.002364081416	
-0.1438069035		0.5231386577	0.002351042367	
-0.1286693347		0.5206906829	0.002338259449	
-0.1135317659		0.518246803	0.002325722076	
-0.0983941971		0.5158065447	0.002313420376	
-0.08325662831		0.5133694312	0.002301345171	
-0.06811905953		0.5109349832	0.002289487954	
-0.05298149075		0.5085027189	0.002277840875	
-0.03784392196		0.506072155	0.002266396717	
-0.02270635318		0.5036428066	0.002255148882	
-0.007568784392		0.5012141879	0.002244091374	
0.007568784392		0.4987858124	0.002233218784	
0.02270635318		0.4963571936	0.002222526274	
0.03784392196		0.4939278451	0.002212009564	
0.05298149075		0.4914972812	0.002201664919	
0.06811905953		0.4890650169	0.002191489138	
0.08325662831		0.4866305689	0.00218147954	
0.0983941971		0.4841934554	0.002171633955	
0.1135317659		0.481753197	0.002161950716	
0.1286693347		0.479309317	0.002152428645	
0.1438069035		0.4768613422	0.002143067051	
0.1589444722		0.4744088028	0.002133865717	
0.174082041		0.4719512341	0.002124824898	
0.1892196098		0.4694881762	0.002115945308	
0.2043571786		0.4670191753	0.002107228123	
0.2194947474		0.4645437844	0.002098674967	
0.2346323162		0.4620615642	0.002090287915	
0.2497698849		0.4595720842	0.002082069486	
0.2649074537		0.4570749234	0.002074022638	
0.2800450225		0.4545696722	0.002066150768	
0.2951825913		0.4520559327	0.002058457709	
0.3103201601		0.4495333212	0.002050947728	
0.3254577289		0.4470014684	0.002043625522	
0.3405952976		0.444460022	0.002036496222	
0.3557328664		0.4419086479	0.002029565387	
0.3708704352		0.4393470319	0.002022839009	
0.386008004		0.4367748819	0.002016323506	
0.4011455728		0.4341919293	0.00201002573	
0.4162831416		0.4315979318	0.002003952959	
0.4314207104		0.428992675	0.001998112905	
0.4465582791		0.4263759749	0.001992513711	
0.4616958479		0.4237476799	0.001987163949	
0.4768334167		0.4211076735	0.001982072627	
0.4919709855		0.4184558764	0.001977249184	
0.5071085543		0.4157922494	0.001972703495	
0.5222461231		0.4131167954	0.001968445865	
0.5373836918		0.4104295619	0.001964487038	
0.5525212606		0.407730644	0.00196083819	
0.5676588294		0.405020186	0.00195751093	
0.5827963982		0.4022983845	0.001954517303	
0.597933967		0.39956549	0.001951869783	
0.6130715358		0.3968218092	0.001949581277	
0.6282091046		0.3940677074	0.001947665118	
0.6433466733		0.3913036096	0.001946135066	
0.6584842421		0.3885300024	0.0019450053	
0.6736218109		0.3857474354	0.001944290418	
0.6887593797		0.382956522	0.001944005428	
0.7038969485		0.3801579402	0.001944165745	
0.7190345173		0.3773524328	0.001944787178	
0.734172086		0.3745408074	0.001945885927	
0.7493096548		0.3717239357	0.001947478568	
0.7644472236		0.3689027521	0.00194958204	
0.7795847924		0.3660782516	0.00195221363	
0.7947223612		0.3632514853	0.001955390939	
0.80985993		0.3604235536	0.001959131846	
0.8249974987		0.3575955917	0.001963454418	
0.8401350675		0.3547687415	0.001968376752	
0.8552726363		0.3519440927	0.001973916631	
0.8704102051		0.3491225576	0.001980090772	
0.8855477739		0.3463046016	0.001986913215	
0.9006853427		0.3434896659	0.001994391785	
0.9158229115		0.3406749619	0.002002520609	
0.9309604802		0.3378530925	0.002011265043	
0.946098049		0.3350079888	0.002020535219	
0.9612356178		0.332110411	0.002030154701	
0.9763731866		0.3291212366	0.00203987463	
0.9915107554		0.3260201344	0.00204954848	
1.006648324		0.3228531247	0.00205944254	
1.021785893		0.3197237782	0.002070209875	
1.036923462		0.3167077416	0.002082358714	
1.052061031		0.3138116752	0.002095967689	
1.067198599		0.3110073015	0.002110882715	
1.082336168		0.3082663528	0.002126938821	
1.097473737		0.3055707517	0.002144030413	
1.112611306		0.3029109693	0.002162104503	
1.127748874		0.300282614	0.00218114048	
1.142886443		0.2976840062	0.002201135061	
1.158024012		0.2951148045	0.002222093538	
1.173161581		0.2925752897	0.002244025104	
1.18829915		0.2900660058	0.002266940443	
1.203436718		0.2875875827	0.002290850488	
1.218574287		0.2851406486	0.002315765767	
1.233711856		0.2827257877	0.002341696041	
1.248849425		0.2803435194	0.002368650092	
1.263986993		0.2779942884	0.002396635571	
1.279124562		0.2756784614	0.002425658897	
1.294262131		0.2733963256	0.002455725155	
1.3093997		0.2711480896	0.002486838022	
1.324537269		0.2689338859	0.002518999686	
1.339674837		0.2667537735	0.00255221077	
1.354812406		0.2646077414	0.002586470265	
1.369949975		0.2624957132	0.002621775459	
1.385087544		0.2604175519	0.002658121877	
1.400225113		0.2583730658	0.002695503218	
1.415362681		0.2563620146	0.002733911301	
1.43050025		0.254384117	0.002773336016	
1.445637819		0.2524390596	0.002813765283	
1.460775388		0.2505265068	0.002855185011	
1.475912956		0.2486461129	0.00289757908	
1.491050525		0.2467975372	0.002940929316	
1.506188094		0.2449804633	0.002985215492	
1.521325663		0.2431946229	0.003030415337	
1.536463232		0.2414398281	0.003076504568	
1.5516008		0.2397160136	0.003123456945	
1.566738369		0.2380232924	0.003171244363	
1.581875938		0.2363620273	0.003219837002	
1.597013507		0.234732914	0.003269203558	
1.612151076		0.2331370541	0.003319311591	
1.627288644		0.2315759412	0.003370128057	
1.642426213		0.2300511436	0.003421619993	
1.657563782		0.2285631627	0.003473755133	
1.672701351		0.2271084989	0.003526501361	
1.687838919		0.2256742309	0.003579822327	
1.702976488		0.2242334937	0.00363366636	
1.718114057		0.2227540817	0.003687955693	
1.733251626		0.2212256499	0.003742599273	
1.748389195		0.2196734954	0.0037975286	
1.763526763		0.2181343096	0.003852709354	
1.778664332		0.2166299365	0.003908119069	
1.793801901		0.2151653543	0.003963728115	
1.80893947		0.2137372663	0.004019496723	
1.824077039		0.2123403608	0.004075378557	
1.839214607		0.2109698011	0.004131324149	
1.854352176		0.2096217879	0.004187282905	
1.869489745		0.208293465	0.004243204105	
1.884627314		0.2069826906	0.004299037402	
1.899764882		0.2056878313	0.004354733077	
1.914902451		0.2044076086	0.004410242209	
1.93004002		0.2031409933	0.004465516789	
1.945177589		0.2018871331	0.004520509831	
1.960315158		0.2006453043	0.004575175466	
1.975452726		0.199414879	0.004629469032	
1.990590295		0.1981953023	0.004683347161	
2.005727864		0.1969860765	0.004736767857	
2.020865433		0.1957867505	0.00478969057	
2.036003002		0.1945969116	0.004842076263	
2.05114057		0.1934161795	0.004893887466	
2.066278139		0.1922442023	0.004945088329	
2.081415708		0.1910806528	0.004995644663	
2.096553277		0.1899252261	0.005045523974	
2.111690845		0.1887776376	0.005094695485	
2.126828414		0.187637621	0.005143130158	
2.141965983		0.1865049273	0.005190800699	
2.157103552		0.185379323	0.00523768156	
2.172241121		0.1842605896	0.005283748939	
2.187378689		0.1831485222	0.005328980759	
2.202516258		0.182042929	0.005373356658	
2.217653827		0.1809436304	0.005416857962	
2.232791396		0.1798504582	0.005459467652	
2.247928964		0.1787632548	0.005501170336	
2.263066533		0.177681873	0.005541952207	
2.278204102		0.1766061753	0.005581800998	
2.293341671		0.1755360328	0.005620705943	
2.30847924		0.1744713256	0.005658657723	
2.323616808		0.1734119416	0.005695648416	
2.338754377		0.1723577761	0.005731671445	
2.353891946		0.171308732	0.005766721523	
2.369029515		0.1702647183	0.005800794596	
2.384167084		0.1692256509	0.00583388779	
2.399304652		0.1681914511	0.005865999347	
2.414442221		0.1671620463	0.005897128575	
2.42957979		0.1661373687	0.005927275789	
2.444717359		0.1651173558	0.005956442249	
2.459854927		0.1641019493	0.005984630113	
2.474992496		0.1630910955	0.006011842375	
2.490130065		0.1620847449	0.006038082812	
2.505267634		0.1610828514	0.006063355937	
2.520405203		0.1600853728	0.006087666938	
2.535542771		0.1590922702	0.006111021637	
2.55068034		0.1581035077	0.006133426436	
2.565817909		0.1571190523	0.006154888276	
2.580955478		0.1561388739	0.006175414586	
2.596093047		0.1551629449	0.006195013245	
2.611230615		0.15419124	0.006213692539	
2.626368184		0.1532237362	0.006231461123	
2.641505753		0.1522604126	0.006248327985	
2.656643322		0.1513012501	0.006264302405	
2.67178089		0.1503462317	0.006279393932	
2.686918459		0.1493953418	0.006293612341	
2.702056028		0.1484485665	0.006306967615	
2.717193597		0.1475058934	0.006319469908	
2.732331166		0.1465673114	0.006331129523	
2.747468734		0.1456328107	0.00634195689	
2.762606303		0.1447023826	0.00635196254	
2.777743872		0.1437760197	0.006361157085	
2.792881441		0.1428537154	0.006369551199	
2.80801901		0.1419354642	0.006377155604	
2.823156578		0.1410212615	0.006383981045	
2.838294147		0.1401111033	0.006390038285	
2.853431716		0.1392049865	0.006395338085	
2.868569285		0.1383029089	0.006399891192	
2.883706853		0.1374048686	0.006403708332	
2.898844422		0.1365108644	0.006406800196	
2.913981991		0.1356208959	0.006409177433	
2.92911956		0.1347349628	0.006410850641	
2.944257129		0.1338530656	0.006411830362	
2.959394697		0.1329752051	0.006412127072	
2.974532266		0.1321013825	0.006411751179	
2.989669835		0.1312315992	0.006410713019	
3.004807404		0.1303658574	0.00640902285	
3.019944972		0.129504159	0.006406690849	
3.035082541		0.1286465065	0.006403727111	
3.05022011		0.1277929027	0.006400141644	
3.065357679		0.1269433504	0.006395944373	
3.080495248		0.1260978528	0.006391145134	
3.095632816		0.125256413	0.006385753673	
3.110770385		0.1244190346	0.006379779651	
3.125907954		0.123585721	0.006373232641	
3.141045523		0.122756476	0.006366122125	
3.156183092		0.1219313031	0.006358457501	
3.17132066		0.1211102063	0.006350248083	
3.186458229		0.1202931895	0.006341503095	
3.201595798		0.1194802565	0.006332231684	
3.216733367		0.1186714113	0.006322442911	
3.231870935		0.1178666578	0.006312145759	
3.247008504		0.117066	0.006301349133	
3.262146073		0.1162694419	0.006290061862	
3.277283642		0.1154769873	0.0062782927	
3.292421211		0.1146886402	0.006266050329	
3.307558779		0.1139044044	0.006253343363	
3.322696348		0.1131242837	0.006240180345	
3.337833917		0.1123482819	0.006226569755	
3.352971486		0.1115764025	0.006212520008	
3.368109055		0.1108086493	0.006198039458	
3.383246623		0.1100450256	0.006183136398	
3.398384192		0.1092855348	0.006167819065	
3.413521761		0.1085301803	0.006152095642	
3.42865933		0.1077789653	0.006135974254	
3.443796898		0.1070318927	0.006119462978	
3.458934467		0.1062889656	0.00610256984	
3.474072036		0.1055501868	0.006085302819	
3.489209605		0.1048155589	0.006067669844	
3.504347174		0.1040850846	0.006049678802	
3.519484742		0.1033587662	0.006031337536	
3.534622311		0.102636606	0.006012653846	
3.54975988		0.1019186062	0.005993635492	
3.564897449		0.1012047686	0.005974290194	
3.580035018		0.1004950952	0.005954625633	
3.595172586		0.09978958752	0.005934649452	
3.610310155		0.09908824715	0.00591436926	
3.625447724		0.0983910754	0.005893792627	
3.640585293		0.09769807345	0.005872927089	
3.655722861		0.0970092423	0.005851780148	
3.67086043		0.09632458279	0.005830359272	
3.685997999		0.09564409561	0.005808671894	
3.701135568		0.09496778125	0.005786725416	
3.716273137		0.09429564004	0.005764527206	
3.731410705		0.09362767216	0.005742084599	
3.746548274		0.09296387758	0.005719404897	
3.761685843		0.09230425612	0.005696495371	
3.776823412		0.09164880744	0.005673363258	
3.79196098		0.09099753099	0.005650015761	
3.807098549		0.09035042609	0.005626460052	
3.822236118		0.08970749187	0.005602703269	
3.837373687		0.08906872726	0.005578752516	
3.852511256		0.08843413108	0.005554614861	
3.867648824		0.08780370192	0.005530297341	
3.882786393		0.08717743823	0.005505806954	
3.897923962		0.0865553383	0.005481150664	
3.913061531		0.08593740022	0.005456335398	
3.9281991		0.08532362195	0.005431368046	
3.943336668		0.08471400124	0.005406255458	
3.958474237		0.08410853573	0.005381004447	
3.973611806		0.08350722285	0.005355621786	
3.988749375		0.08291005988	0.005330114206	
4.003886943		0.08231704396	0.005304488398	
4.019024512		0.08172817204	0.005278751009	
4.034162081		0.08114344094	0.005252908642	
4.04929965		0.0805628473	0.005226967856	
4.064437219		0.07998638762	0.005200935166	
4.079574787		0.07941405825	0.005174817037	
4.094712356		0.07884585537	0.005148619888	
4.109849925		0.07828177503	0.005122350089	
4.124987494		0.07772181312	0.005096013959	
4.140125063		0.0771659654	0.005069617767	
4.155262631		0.07661422746	0.005043167729	
4.1704002		0.07606659477	0.005016670009	
4.185537769		0.07552306266	0.004990130714	
4.200675338		0.07498362632	0.004963555898	
4.215812906		0.0744482808	0.004936951557	
4.230950475		0.07391702101	0.00491032363	
4.246088044		0.07338984176	0.004883677997	
4.261225613		0.07286673769	0.004857020479	
4.276363182		0.07234770336	0.004830356834	
4.29150075		0.07183273317	0.004803692762	
4.306638319		0.07132182141	0.004777033898	
4.321775888		0.07081496226	0.004750385812	
4.336913457		0.07031214978	0.004723754013	
4.352051026		0.06981337791	0.004697143941	
4.367188594		0.06931864048	0.004670560972	
4.382326163		0.0688279312	0.004644010413	
4.397463732		0.06834124369	0.004617497504	
4.412601301		0.06785857145	0.004591027416	
4.427738869		0.06737990787	0.00456460525	
4.442876438		0.06690524624	0.004538236034	
4.458014007		0.06643457973	0.004511924729	
4.473151576		0.06596790143	0.00448567622	
4.488289145		0.06550520429	0.00445949532	
4.503426713		0.06504648117	0.004433386769	
4.518564282		0.06459172482	0.004407355232	
4.533701851		0.06414092787	0.004381405296	
4.54883942		0.06369408285	0.004355541476	
4.563976988		0.06325118215	0.004329768208	
4.579114557		0.06281221807	0.004304089849	
4.594252126		0.06237718277	0.00427851068	
4.609389695		0.06194606828	0.004253034901	
4.624527264		0.06151886652	0.004227666634	
4.639664832		0.06109556927	0.00420240992	
4.654802401		0.06067616817	0.004177268719	
4.66993997		0.06026065475	0.004152246909	
4.685077539		0.05984902037	0.004127348289	
4.700215108		0.05944125629	0.004102576574	
4.715352676		0.05903735362	0.004077935397	
4.730490245		0.05863730332	0.004053428309	
4.745627814		0.05824109626	0.004029058781	
4.760765383		0.05784872315	0.0040048302	
4.775902951		0.05746017462	0.003980745872	
4.79104052		0.05707544115	0.003956809024	
4.806178089		0.05669451316	0.003933022802	
4.821315658		0.05631738096	0.003909390271	
4.836453227		0.05594403479	0.00388591442	
4.851590795		0.05557446483	0.00386259816	
4.866728364		0.05520866119	0.003839444327	
4.881865933		0.05484661397	0.00381645568	
4.897003502		0.05448831321	0.003793634906	
4.912141071		0.05413374896	0.003770984619	
4.927278639		0.05378291124	0.003748507361	
4.942416208		0.05343579007	0.003726205603	
4.957553777		0.05309237547	0.003704081748	
4.972691346		0.05275265744	0.003682138127	
4.987828914		0.05241662599	0.003660377003	
5.002966483		0.05208427107	0.003638800571	
5.018104052		0.05175558261	0.003617410953	
5.033241621		0.05143055047	0.003596210203	
5.04837919		0.0511091644	0.003575200303	
5.063516758		0.05079141405	0.003554383162	
5.078654327		0.05047728892	0.003533760613	
5.093791896		0.05016677832	0.003513334416	
5.108929465		0.04985987132	0.003493106252	
5.124067034		0.04955655678	0.003473077721	
5.139204602		0.04925682326	0.003453250346	
5.154342171		0.04896065905	0.003433625566	
5.16947974		0.0486680521	0.003414204737	
5.184617309		0.04837899006	0.003394989135	
5.199754877		0.04809346029	0.003375979951	
5.214892446		0.04781144984	0.003357178298	
5.230030015		0.04753294548	0.003338585207	
5.245167584		0.04725793375	0.003320201636	
5.260305153		0.04698640101	0.003302028467	
5.275442721		0.04671833346	0.003284066512	
5.29058029		0.04645371722	0.003266316519	
5.305717859		0.04619253835	0.003248779171	
5.320855428		0.04593478294	0.003231455098	
5.335992996		0.04568043714	0.003214344873	
5.351130565		0.04542948719	0.003197449021	
5.366268134		0.04518191946	0.003180768019	
5.381405703		0.04493772048	0.003164302302	
5.396543272		0.0446968769	0.003148052262	
5.41168084		0.04445937553	0.003132018251	
5.426818409		0.04422520332	0.003116200578	
5.441955978		0.04399434727	0.003100599515	
5.457093547		0.04376679445	0.003085215288	
5.472231116		0.04354253192	0.003070048083	
5.487368684		0.0433215467	0.003055098042	
5.502506253		0.04310382571	0.003040365258	
5.517643822		0.04288935573	0.00302584978	
5.532781391		0.04267812336	0.003011551604	
5.547918959		0.04247011499	0.00299747068	
5.563056528		0.04226531679	0.002983606906	
5.578194097		0.04206371468	0.002969960127	
5.593331666		0.04186529436	0.002956530138	
5.608469235		0.04167004125	0.002943316681	
5.623606803		0.04147794057	0.002930319445	
5.638744372		0.04128897731	0.002917538067	
5.653881941		0.04110313623	0.002904972128	
5.66901951		0.04092040188	0.00289262115	
5.684157079		0.04074075858	0.0028804846	
5.699294647		0.04056419044	0.002868561879	
5.714432216		0.0403906813	0.002856852328	
5.729569785		0.04022021475	0.002845355215	
5.744707354		0.04005277408	0.002834069744	
5.759844922		0.03988834228	0.002822995042	
5.774982491		0.03972690201	0.002812130167	
5.79012006		0.03956843557	0.002801474104	
5.805257629		0.03941292494	0.00279102577	
5.820395198		0.03926035177	0.002780784019	
5.835532766		0.03911069744	0.002770747647	
5.850670335		0.03896394307	0.002760915404	
5.865807904		0.03882006964	0.002751286007	
5.880945473		0.03867905805	0.002741858147	
5.896083042		0.03854088924	0.00273263051	
5.91122061		0.03840554427	0.002723601783	
5.926358179		0.03827300445	0.002714770678	
5.941495748		0.03814325143	0.002706135934	
5.956633317		0.0380162673	0.002697696332	
5.971770885		0.03789203463	0.002689450703	
5.986908454		0.03777053655	0.002681397928	
6.002046023		0.03765175674	0.002673536938	
6.017183592		0.03753567938	0.00266586671	
6.032321161		0.03742228916	0.002658386261	
6.047458729		0.03731157114	0.002651094629	
6.062596298		0.03720351063	0.002643990869	
6.077733867		0.03709809314	0.002637074027	
6.092871436		0.03699530413	0.002630343128	
6.108009005		0.03689512897	0.00262379716	
6.123146573		0.03679755273	0.002617435058	
6.138284142		0.03670256009	0.00261125569	
6.153421711		0.03661013526	0.00260525785	
6.16855928		0.03652026188	0.002599440248	
6.183696848		0.036432923	0.002593801514	
6.198834417		0.03634810109	0.002588340191	
6.213971986		0.03626577805	0.002583054747	
6.229109555		0.03618593528	0.002577943578	
6.244247124		0.03610855375	0.002573005019	
6.259384692		0.03603361411	0.002568237355	
6.274522261		0.0359610968	0.002563638829	
6.28965983		0.03589098213	0.002559207661	
6.304797399		0.03582325045	0.002554942047	
6.319934967		0.03575788217	0.002550840178	
6.335072536		0.03569485789	0.002546900239	
6.350210105		0.03563415846	0.002543120419	
6.365347674		0.03557576501	0.002539498908	
6.380485243		0.03551965897	0.002536033902	
6.395622811		0.03546582207	0.002532723601	
6.41076038		0.03541423634	0.0025295662	
6.425897949		0.03536488408	0.002526559891	
6.441035518		0.03531774779	0.002523702857	
6.456173087		0.03527281014	0.002520993262	
6.471310655		0.03523005389	0.002518429248	
6.486448224		0.03518946187	0.002516008929	
6.501585793		0.03515101688	0.002513730388	
6.516723362		0.03511470168	0.002511591666	
6.53186093		0.03508049888	0.002509590766	
6.546998499		0.03504839099	0.002507725647	
6.562136068		0.03501836031	0.002505994222	
6.577273637		0.03499038894	0.002504394357	
6.592411206		0.03496445879	0.002502923871	
6.607548774		0.03494055152	0.00250158054	
6.622686343		0.0349186486	0.002500362094	
6.637823912		0.0348987313	0.00249926622	
6.652961481		0.03488078069	0.002498290567	
6.66809905		0.03486477767	0.002497432746	
6.683236618		0.034850703	0.002496690333	
6.698374187		0.03483853733	0.002496060871	
6.713511756		0.03482826118	0.002495541874	
6.728649325		0.03481985502	0.002495130829	
6.743786893		0.03481329927	0.002494825197	
6.758924462		0.03480857432	0.002494622417	
6.774062031		0.03480566052	0.002494519904	
6.7891996		0.03480453827	0.002494515054	
6.804337169		0.03480518796	0.002494605244	
6.819474737		0.03480759002	0.002494787833	
6.834612306		0.03481172491	0.002495060159	
6.849749875		0.03481757315	0.002495419545	
6.864887444		0.03482511528	0.002495863295	
6.880025013		0.03483433193	0.002496388698	
6.895162581		0.03484520373	0.002496993021	
6.91030015		0.0348577114	0.002497673517	
6.925437719		0.03487183567	0.002498427419	
6.940575288		0.03488755732	0.002499251941	
6.955712856		0.03490485719	0.00250014428	
6.970850425		0.03492371611	0.002501101613	
6.985987994		0.03494411496	0.002502121098	
7.001125563		0.03496603463	0.002503199874	
7.016263132		0.03498945604	0.002504335061	
7.0314007		0.03501436012	0.002505523759	
7.046538269		0.0350407278	0.002506763049	
7.061675838		0.03506854001	0.002508049993	
7.076813407		0.03509777771	0.002509381634	
7.091950975		0.03512842184	0.002510754996	
7.107088544		0.03516045335	0.002512167087	
7.122226113		0.03519385318	0.002513614896	
7.137363682		0.03522860228	0.002515095394	
7.152501251		0.0352646816	0.002516605537	
7.167638819		0.03530207208	0.002518142265	
7.182776388		0.03534075467	0.002519702502	
7.197913957		0.03538071032	0.00252128316	
7.213051526		0.03542191998	0.002522881135	
7.228189095		0.03546436461	0.002524493311	
7.243326663		0.03550802517	0.002526116562	
7.258464232		0.03555288263	0.002527747748	
7.273601801		0.03559891798	0.002529383721	
7.28873937		0.03564611219	0.002531021324	
7.303876938		0.03569444629	0.002532657392	
7.319014507		0.03574390128	0.00253428875	
7.334152076		0.0357944582	0.002535912221	
7.349289645		0.0358460981	0.002537524621	
7.364427214		0.03589880204	0.00253912276	
7.379564782		0.0359525511	0.002540703447	
7.394702351		0.03600732639	0.002542263488	
7.40983992		0.03606310903	0.002543799688	
7.424977489		0.03611988016	0.002545308851	
7.440115058		0.03617762093	0.002546787784	
7.455252626		0.03623631252	0.002548233293	
7.470390195		0.03629593614	0.002549642189	
7.485527764		0.03635647299	0.002551011288	
7.500665333		0.03641790433	0.002552337407	
7.515802901		0.03648021139	0.002553617374	
7.53094047		0.03654337545	0.002554848021	
7.546078039		0.0366073778	0.002556026191	
7.561215608		0.03667219974	0.002557148734	
7.576353177		0.0367378226	0.002558212514	
7.591490745		0.0368042277	0.002559214402	
7.606628314		0.0368713964	0.002560151287	
7.621765883		0.03693931005	0.00256102007	
7.636903452		0.03700795002	0.002561817666	
7.652041021		0.03707729769	0.002562541008	
7.667178589		0.03714733445	0.002563187047	
7.682316158		0.03721804169	0.002563752752	
7.697453727		0.0372894008	0.002564235111	
7.712591296		0.0373613932	0.002564631135	
7.727728864		0.03743400027	0.002564937856	
7.742866433		0.03750720343	0.002565152329	
7.758004002		0.03758098407	0.002565271635	
7.773141571		0.03765532359	0.00256529288	
7.78827914		0.03773020337	0.002565213195	
7.803416708		0.03780560479	0.002565029743	
7.818554277		0.03788150922	0.002564739711	
7.833691846		0.03795789802	0.00256434032	
7.848829415		0.03803475251	0.002563828821	
7.863966983		0.03811205403	0.002563202496	
7.879104552		0.03818978386	0.002562458662	
7.894242121		0.03826792327	0.00256159467	
7.90937969		0.03834645351	0.002560607904	
7.924517259		0.03842535579	0.002559495789	
7.939654827		0.03850461128	0.002558255782	
7.954792396		0.03858420112	0.002556885382	
7.969929965		0.03866410641	0.002555382126	
7.985067534		0.03874430818	0.002553743589	
8.000205103		0.03882478744	0.00255196739	
8.015342671		0.03890552514	0.002550051188	
8.03048024		0.03898650214	0.002547992684	
8.045617809		0.03906769928	0.002545789623	
8.060755378		0.0391490973	0.002543439794	
8.075892946		0.03923067688	0.00254094103	
8.091030515		0.03931241862	0.00253829121	
8.106168084		0.03939430302	0.00253548826	
8.121305653		0.03947631051	0.00253253015	
8.136443222		0.03955842142	0.002529414898	
8.15158079		0.03964061597	0.002526140572	
8.166718359		0.03972287428	0.002522705285	
8.181855928		0.03980517635	0.002519107202	
8.196993497		0.03988750206	0.002515344533	
8.212131066		0.03996983116	0.002511415541	
8.227268634		0.04005214326	0.002507318538	
8.242406203		0.04013441785	0.002503051887	
8.257543772		0.04021663424	0.002498613998	
8.272681341		0.0402987716	0.002494003338	
8.287818909		0.04038080893	0.002489218419	
8.302956478		0.04046272505	0.002484257809	
8.318094047		0.04054449861	0.002479120126	
8.333231616		0.04062610806	0.002473804038	
8.348369185		0.04070753165	0.002468308267	
8.363506753		0.04078874742	0.002462631587	
8.378644322		0.04086973319	0.002456772824	
8.393781891		0.04095046657	0.002450730855	
8.40891946		0.0410309249	0.00244450461	
8.424057029		0.04111108531	0.002438093072	
8.439194597		0.04119092463	0.002431495276	
8.454332166		0.04127041947	0.002424710309	
8.469469735		0.04134954611	0.002417737311	
8.484607304		0.04142828059	0.002410575473	
8.499744872		0.04150659862	0.002403224041	
8.514882441		0.0415844756	0.00239568231	
8.53002001		0.04166188663	0.00238794963	
8.545157579		0.04173880646	0.002380025403	
8.560295148		0.0418152095	0.002371909083	
8.575432716		0.0418910698	0.002363600176	
8.590570285		0.04196636107	0.002355098241	
8.605707854		0.04204105661	0.002346402888	
8.620845423		0.04211512936	0.002337513784	
8.635982991		0.04218855184	0.002328430643	
8.65112056		0.04226129617	0.002319153235	
8.666258129		0.04233333407	0.002309681383	
8.681395698		0.0424046368	0.002300014963	
8.696533267		0.0424751752	0.002290153904	
8.711670835		0.04254491965	0.002280098189	
8.726808404		0.04261384009	0.002269847855	
8.741945973		0.04268190598	0.002259402993	
8.757083542		0.04274908631	0.002248763752	
8.772221111		0.04281534959	0.002237930333	
8.787358679		0.04288066384	0.002226902994	
8.802496248		0.0429449966	0.002215682053	
8.817633817		0.04300831489	0.002204267882	
8.832771386		0.04307058527	0.002192660913	
8.847908954		0.04313177375	0.002180861638	
8.863046523		0.04319184588	0.00216887061	
8.878184092		0.04325076667	0.002156688443	
8.893321661		0.04330850067	0.002144315814	
8.90845923		0.04336501191	0.002131753467	
8.923596798		0.04342026394	0.002119002208	
8.938734367		0.04347421983	0.002106062914	
8.953871936		0.04352684217	0.002092936531	
8.969009505		0.04357809312	0.002079624074	
8.984147074		0.04362793438	0.002066126635	
8.999284642		0.04367632722	0.002052445378	
9.014422211		0.04372323254	0.002038581547	
9.02955978		0.04376861084	0.002024536466	
9.044697349		0.04381242228	0.00201031154	
9.059834917		0.04385462669	0.00199590826	
9.074972486		0.04389518366	0.001981328206	
9.090110055		0.04393405248	0.001966573047	
9.105247624		0.04397119229	0.001951644547	
9.120385193		0.04400656206	0.001936544566	
9.135522761		0.04404012066	0.001921275066	
9.15066033		0.0440718269	0.001905838109	
9.165797899		0.04410163964	0.001890235865	
9.180935468		0.04412951779	0.001874470615	
9.196073037		0.04415542043	0.001858544752	
9.211210605		0.04417930685	0.001842460785	
9.226348174		0.04420113665	0.001826221345	
9.241485743		0.04422086982	0.001809829184	
9.256623312		0.0442384668	0.001793287182	
9.27176088		0.04425388863	0.001776598351	
9.286898449		0.04426709698	0.001759765832	
9.302036018		0.04427805429	0.001742792905	
9.317173587		0.04428672385	0.001725682989	
9.332311156		0.04429306992	0.001708439645	
9.347448724		0.04429705783	0.001691066577	
9.362586293		0.04429865408	0.001673567635	
9.377723862		0.04429782645	0.001655946819	
9.392861431		0.04429454412	0.001638208277	
9.407998999		0.04428877775	0.001620356309	
9.423136568		0.0442804996	0.001602395365	
9.438274137		0.04426968361	0.001584330045	
9.453411706		0.04425630551	0.001566165102	
9.468549275		0.04424034284	0.001547905435	
9.483686843		0.04422177509	0.001529556093	
9.498824412		0.04420058366	0.001511122264	
9.513961981		0.04417675191	0.00149260928	
9.52909955		0.04415026513	0.001474022602	
9.544237119		0.04412111042	0.001455367816	
9.559374687		0.04408927656	0.001436650626	
9.574512256		0.04405475371	0.001417876832	
9.589649825		0.04401753295	0.001399052319	
9.604787394		0.04397760554	0.001380183024	
9.619924962		0.04393496186	0.001361274903	
9.635062531		0.04388958964	0.001342333876	
9.6502001		0.04384147135	0.001323365749	
9.665337669		0.04379058027	0.001304376103	
9.680475238		0.04373687496	0.001285370142	
9.695612806		0.04368029267	0.001266352524	
9.710750375		0.04362074553	0.001247327271	
9.725887944		0.04355813282	0.00122829815	
9.741025513		0.04349240228	0.001209270384	
9.756163082		0.04342370368	0.001190254801	
9.77130065		0.04335257752	0.001171272682	
9.786438219		0.04327984932	0.001152352373	
9.801575788		0.04320602365	0.001133512737	
9.816713357		0.04313088225	0.001114752991	
9.831850925		0.04305384994	0.001096063248	
9.846988494		0.04297448375	0.001077437634	
9.862126063		0.04289259064	0.001058877112	
9.877263632		0.04280814054	0.001040386931	
9.892401201		0.04272117483	0.001021974108	
9.907538769		0.04263175673	0.001003646102	
9.922676338		0.04253995087	0.0009854102772	
9.937813907		0.04244581657	0.0009672737335	
9.952951476		0.04234940652	0.0009492432773	
9.968089045		0.04225076722	0.0009313254378	
9.983226613		0.04214993994	0.0009135264909	
9.998364182		0.04204696153	0.0008958524813	
10.01350175		0.04194186505	0.0008783092388	
10.02863932		0.04183468033	0.0008609023899	
10.04377689		0.04172543431	0.0008436373657	
10.05891446		0.04161415129	0.0008265194071	
10.07405203		0.04150085311	0.0008095535671	
10.08918959		0.04138555935	0.0007927447133	
10.10432716		0.04126828739	0.0007760975285	
10.11946473		0.04114905249	0.0007596165108	
10.1346023		0.04102786796	0.000743305974	
10.14973987		0.04090474514	0.0007271700474	
10.16487744		0.04077969354	0.0007112126752	
10.18001501		0.04065272091	0.0006954376172	
10.19515258		0.04052383335	0.0006798484479	
10.21029015		0.04039303536	0.0006644485571	
10.22542771		0.04026032998	0.0006492411497	
10.24056528		0.04012571891	0.0006342292459	
10.25570285		0.03998920257	0.0006194156816	
10.27084042		0.03985078025	0.0006048031085	
10.28597799		0.03971045018	0.0005903939942	
10.30111556		0.03956820966	0.0005761906223	
10.31625313		0.03942405504	0.000562195092	
10.3313907		0.03927798171	0.0005484093164	
10.34652826		0.03912998382	0.000534835019	
10.36166583		0.03898005371	0.0005214737251	
10.3768034		0.03882818041	0.000508326745	
10.39194097		0.03867434665	0.0004953951386	
10.40707854		0.0385185227	0.0004826796467	
10.42221611		0.03836065481	0.0004701805654	
10.43735368		0.03820064564	0.0004578975434	
10.45249125		0.03803833064	0.0004458293622	
10.46762881		0.03787348245	0.0004339740716	
10.48276638		0.03770593267	0.0004223304294	
10.49790395		0.03753586144	0.0004109009896	
10.51304152		0.03736392253	0.0003996930007	
10.52817909		0.03719076589	0.0003887128441	
10.54331666		0.03701653317	0.0003779609178	
10.55845423		0.03684098863	0.0003674335751	
10.5735918		0.03666385439	0.0003571268392	
10.58872936		0.0364849464	0.0003470377389	
10.60386693		0.03630416862	0.0003371641428	
10.6190045		0.03612147858	0.0003275043463	
10.63414207		0.03593686204	0.0003180567908	
10.64927964		0.03575031918	0.0003088199169	
10.66441721		0.0355618578	0.0002997920957	
10.67955478		0.03537149017	0.0002909715998	
10.69469235		0.03517923161	0.0002823565934	
10.70982991		0.03498509978	0.000273945131	
10.72496748		0.03478911444	0.0002657351601	
10.74010505		0.03459129727	0.0002577245265	
10.75524262		0.0343916719	0.0002499109785	
10.77038019		0.03419026393	0.0002422921707	
10.78551776		0.03398710105	0.0002348656673	
10.80065533		0.03378221304	0.0002276289462	
10.8157929		0.03357563177	0.000220579404	
10.83093047		0.03336739111	0.0002137143636	
10.84606803		0.03315752684	0.000207031083	
10.8612056		0.03294607652	0.000200526762	
10.87634317		0.03273307963	0.000194198548	
10.89148074		0.03251857767	0.000188043538	
10.90661831		0.03230261442	0.0001820587791	
10.92175588		0.03208523601	0.0001762412713	
10.93689345		0.03186649086	0.0001705879735	
10.95203102		0.03164642933	0.0001650958126	
10.96716858		0.03142510338	0.0001597616956	
10.98230615		0.03120256633	0.0001545825174	
10.99744372		0.03097887297	0.0001495551648	
11.01258129		0.03075408004	0.0001446765139	
11.02771886		0.03052824676	0.0001399434266	
11.04285643		0.03030143515	0.0001353527499	
11.057994		0.03007370977	0.0001309013215	
11.07313157		0.02984513693	0.0001265859831	
11.08826913		0.02961578368	0.000122403595	
11.1034067		0.02938571728	0.0001183510466	
11.11854427		0.02915500552	0.0001144252572	
11.13368184		0.02892371781	0.0001106231686	
11.14881941		0.02869192664	0.0001069417346	
11.16395698		0.02845970835	0.0001033779148	
11.17909455		0.02822714262	9.992868098e-05	
11.19423212		0.02799431072	9.659103255e-05	
11.20936968		0.02776129324	9.33620171e-05	
11.22450725		0.02752816881	9.023874382e-05	
11.23964482		0.0272950147	8.721838311e-05	
11.25478239		0.02706190922	8.429815223e-05	
11.26991996		0.02682893493	8.147529534e-05	
11.28505753		0.02659618049	7.874707053e-05	
11.3001951		0.02636373986	7.611075339e-05	
11.31533267		0.02613170872	7.356365752e-05	
11.33047024		0.02590017994	7.110316199e-05	
11.3456078		0.02566924062	6.872673063e-05	
11.36074537		0.02543897297	6.643191142e-05	
11.37588294		0.02520945892	6.421631513e-05	
11.39102051		0.02498078628	6.207758488e-05	
11.40615808		0.02475305285	6.001337441e-05	
11.42129565		0.02452636548	5.802134889e-05	
11.43643322		0.02430083392	5.609920974e-05	
11.45157079		0.02407656246	5.424473021e-05	
11.46670835		0.02385364404	5.24557816e-05	
11.48184592		0.02363216083	5.07303341e-05	
11.49698349		0.02341219172	4.906643025e-05	
11.51212106		0.02319382301	4.746214527e-05	
11.52725863		0.02297715632	4.591555631e-05	
11.5423962		0.02276230838	4.442473873e-05	
11.55753377		0.02254940197	4.298779217e-05	
11.57267134		0.02233855218	4.160288227e-05	
11.5878089		0.0221298558	4.026827405e-05	
11.60294647		0.02192339027	3.898233733e-05	
11.61808404		0.02171922377	3.774352008e-05	
11.63322161		0.02151743163	3.655030376e-05	
11.64835918		0.02131810988	3.540116511e-05	
11.66349675		0.02112137783	3.42945658e-05	
11.67863432		0.02092736704	3.32289755e-05	
11.69377189		0.02073620195	3.220291574e-05	
11.70890945		0.02054798261	3.121499932e-05	
11.72404702		0.02036277959	3.026394306e-05	
11.73918459		0.02018064474	2.934854641e-05	
11.75432216		0.02000163278	2.846764726e-05	
11.76945973		0.01982582213	2.762007905e-05	
11.7845973		0.01965332326	2.680465195e-05	
11.79973487		0.0194842688	2.602016779e-05	
11.81487244		0.0193187901	2.526545971e-05	
11.83001001		0.01915699228	2.453943409e-05	
11.84514757		0.01899894184	2.384109138e-05	
11.86028514		0.01884467396	2.316951486e-05	
11.87542271		0.01869421644	2.252383372e-05	
11.89056028		0.01854761778	2.190318022e-05	
11.90569785		0.01840496438	2.130666318e-05	
11.92083542		0.01826637688	2.073337082e-05	
11.93597299		0.01813198677	2.018240046e-05	
11.95111056		0.01800190509	1.965289794e-05	
11.96624812		0.01787620016	1.914408549e-05	
11.98138569		0.01775489632	1.86552635e-05	
11.99652326		0.01763799488	1.818578595e-05	
12.01166083		0.01752550662	1.773502267e-05	
12.0267984		0.01741747909	1.730232745e-05	
12.04193597		0.01731400423	1.688702765e-05	
12.05707354		0.01721520145	1.648843945e-05	
12.07221111		0.01712118459	1.610589999e-05	
12.08734867		0.01703202996	1.573879881e-05	
12.10248624		0.01694776246	1.538659211e-05	
12.11762381		0.01686836692	1.504879319e-05	
12.13276138		0.01679381888	1.472494458e-05	
12.14789895		0.0167241193	1.441458609e-05	
12.16303652		0.0166593156	1.411723454e-05	
12.17817409		0.01659949792	1.383238447e-05	
12.19331166		0.01654477198	1.355952887e-05	
12.20844922		0.01649522233	1.329818848e-05	
12.22358679		0.01645088539	1.304793397e-05	
12.23872436		0.0164117459	1.28083899e-05	
12.25386193		0.0163777582	1.257921936e-05	
12.2689995		0.01634888122	1.236009764e-05	
12.28413707		0.01632511007	1.215068805e-05	
12.29927464		0.01630648855	1.195063124e-05	
12.31441221		0.01629309617	1.175955254e-05	
12.32954977		0.01628501559	1.157708319e-05	
12.34468734		0.01628229736	1.140288364e-05	
12.35982491		0.01628493991	1.123665674e-05	
12.37496248		0.01629289378	1.107814428e-05	
12.39010005		0.01630608585	1.092710896e-05	
12.40523762		0.01632444854	1.07833099e-05	
12.42037519		0.01634793536	1.064648021e-05	
12.43551276		0.01637650641	1.051631115e-05	
12.45065033		0.01641007768	1.039244303e-05	
12.46578789		0.0164484589	1.027446747e-05	
12.48092546		0.01649137448	1.016197932e-05	
12.49606303		0.01653870667	1.005474003e-05	
12.5112006		0.01659080846	9.95284425e-06	
12.52633817		0.01664830982	9.856554908e-06	
12.54147574		0.01671155265	9.765930299e-06	
12.55661331		0.01678048004	9.680752306e-06	
12.57175088		0.01685490469	9.600695532e-06	
12.58688844		0.01693468239	9.525450336e-06	
12.60202601		0.01701972529	9.454758589e-06	
12.61716358		0.01710996239	9.388413574e-06	
12.63230115		0.01720531145	9.326249664e-06	
12.64743872		0.01730567669	9.268127873e-06	
12.66257629		0.01741096423	9.213920405e-06	
12.67771386		0.01752110162	9.163497916e-06	
12.69285143		0.01763605013	9.116722554e-06	
12.70798899		0.0177558027	9.073448233e-06	
12.72312656		0.01788036702	9.03352726e-06	
12.73826413		0.01800974088	8.996819773e-06	
12.7534017		0.01814389201	8.963200995e-06	
12.76853927		0.01828275235	8.932562659e-06	
12.78367684		0.01842622793	8.904808515e-06	
12.79881441		0.01857421777	8.879846785e-06	
12.81395198		0.0187266328	8.857583111e-06	
12.82908954		0.0188834079	8.837916486e-06	
12.84422711		0.01904450273	8.820739343e-06	
12.85936468		0.0192098907	8.805941584e-06	
12.87450225		0.0193795406	8.793416684e-06	
12.88963982		0.01955339993	8.783066844e-06	
12.90477739		0.01973138826	8.774804677e-06	
12.91991496		0.01991340278	8.768551001e-06	
12.93505253		0.02009933154	8.764230373e-06	
12.9501901		0.02028906781	8.761766567e-06	
12.96532766		0.02048252045	8.761079564e-06	
12.98046523		0.02067961717	8.762084853e-06	
12.9956028		0.02088029895	8.764695238e-06	
13.01074037		0.02108450737	8.768824493e-06	
13.02587794		0.02129217055	8.774391177e-06	
13.04101551		0.02150319481	8.781320728e-06	
13.05615308		0.02171746569	8.789545009e-06	
13.07129065		0.02193485631	8.798999933e-06	
13.08642821		0.02215523826	8.809622542e-06	
13.10156578		0.02237849125	8.821348557e-06	
13.11670335		0.02260450931	8.83411083e-06	
13.13184092		0.02283320135	8.847838969e-06	
13.14697849		0.02306448356	8.862460123e-06	
13.16211606		0.02329826299	8.877900386e-06	
13.17725363		0.02353441338	8.894085953e-06	
13.1923912		0.0237727499	8.910944563e-06	
13.20752876		0.0240130284	8.928410657e-06	
13.22266633		0.02425501366	8.94643522e-06	
13.2378039		0.02449858461	8.964987382e-06	
13.25294147		0.02474372963	8.98403725e-06	
13.26807904		0.02499043278	9.003540242e-06	
13.28321661		0.02523861376	9.023439333e-06	
13.29835418		0.02548814807	9.04367387e-06	
13.31349175		0.02573889745	9.064184823e-06	
13.32862931		0.02599072308	9.084916502e-06	
13.34376688		0.02624348766	9.105816745e-06	
13.35890445		0.02649705476	9.126836562e-06	
13.37404202		0.02675128825	9.147929685e-06	
13.38917959		0.02700605229	9.169052159e-06	
13.40431716		0.02726121226	9.190161942e-06	
13.41945473		0.02751663643	9.211218503e-06	
13.4345923		0.02777219756	9.23218248e-06	
13.44972986		0.0280277738	9.253015508e-06	
13.46486743		0.02828324874	9.273680219e-06	
13.480005		0.02853851075	9.29414036e-06	
13.49514257		0.0287934522	9.314360954e-06	
13.51028014		0.0290479688	9.334308432e-06	
13.52541771		0.02930195909	9.353950745e-06	
13.54055528		0.02955532418	9.373257418e-06	
13.55569285		0.02980796767	9.392199581e-06	
13.57083042		0.03005979563	9.410749977e-06	
13.58596798		0.03031071669	9.428882948e-06	
13.60110555		0.03056064213	9.446574416e-06	
13.61624312		0.03080948597	9.463801857e-06	
13.63138069		0.03105716509	9.480544266e-06	
13.64651826		0.03130359933	9.496782127e-06	
13.66165583		0.0315487115	9.512497376e-06	
13.6767934		0.03179242753	9.527673359e-06	
13.69193097		0.03203467643	9.542294803e-06	
13.70706853		0.03227539037	9.556347763e-06	
13.7222061		0.03251450468	9.569819592e-06	
13.73734367		0.03275195783	9.582698894e-06	
13.75248124		0.03298769141	9.594975482e-06	
13.76761881		0.03322165017	9.606640333e-06	
13.78275638		0.0334537819	9.617685551e-06	
13.79789395		0.03368403744	9.628104312e-06	
13.81303152		0.03391237061	9.637890829e-06	
13.82816908		0.03413873816	9.647040304e-06	
13.84330665		0.03436309968	9.655548882e-06	
13.85844422		0.03458541759	9.66341361e-06	
13.87358179		0.03480565698	9.670632389e-06	
13.88871936		0.03502378559	9.677203935e-06	
13.90385693		0.03523977374	9.683127734e-06	
13.9189945		0.03545359419	9.688403998e-06	
13.93413207		0.0356652221	9.693033625e-06	
13.94926963		0.03587463491	9.697018161e-06	
13.9644072		0.03608181229	9.700359756e-06	
13.97954477		0.03628673603	9.703061127e-06	
13.99468234		0.03648938994	9.705125522e-06	
14.00981991		0.03668975978	9.706556683e-06	
14.02495748		0.03688783317	9.707358809e-06	
14.04009505		0.03708359952	9.707536525e-06	
14.05523262		0.03727704989	9.707094847e-06	
14.07037019		0.03746817698	9.706039153e-06	
14.08550775		0.037656975	9.704375149e-06	
14.10064532		0.03784343962	9.702108847e-06	
14.11578289		0.03802756786	9.69924653e-06	
14.13092046		0.03820935806	9.695794733e-06	
14.14605803		0.03838880975	9.691760212e-06	
14.1611956		0.03856592364	9.687149925e-06	
14.17633317		0.03874070154	9.681971009e-06	
14.19147074		0.03891314626	9.676230757e-06	
14.2066083		0.03908326157	9.6699366e-06	
14.22174587		0.03925105217	9.663096087e-06	
14.23688344		0.03941652358	9.65571687e-06	
14.25202101		0.03957968215	9.647806685e-06	
14.26715858		0.03974053493	9.63937334e-06	
14.28229615		0.0398990897	9.630424695e-06	
14.29743372		0.04005535487	9.620968656e-06	
14.31257129		0.04020933948	9.611013156e-06	
14.32770885		0.04036105312	9.600566151e-06	
14.34284642		0.04051050589	9.5896356e-06	
14.35798399		0.04065770843	9.578229464e-06	
14.37312156		0.04080267179	9.566355693e-06	
14.38825913		0.04094540747	9.554022219e-06	
14.4033967		0.04108592735	9.541236946e-06	
14.41853427		0.04122424371	9.528007749e-06	
14.43367184		0.04136036913	9.514342461e-06	
14.4488094		0.04149431653	9.500248872e-06	
14.46394697		0.04162609912	9.485734723e-06	
14.47908454		0.0417557304	9.470807702e-06	
14.49422211		0.0418832241	9.455475437e-06	
14.50935968		0.0420085942	9.439745498e-06	
14.52449725		0.04213185489	9.423625389e-06	
14.53963482		0.04225302058	9.407122549e-06	
14.55477239		0.04237210585	9.390244346e-06	
14.56990995		0.04248912549	9.372998079e-06	
14.58504752		0.04260409442	9.355390973e-06	
14.60018509		0.04271702773	9.337430182e-06	
14.61532266		0.04282794067	9.319122783e-06	
14.63046023		0.0429368486	9.300475777e-06	
14.6455978		0.04304376703	9.281496091e-06	
14.66073537		0.04314871157	9.262190574e-06	
14.67587294		0.04325169797	9.242566001e-06	
14.69101051		0.04335274205	9.222629067e-06	
14.70614807		0.04345185978	9.202386393e-06	
14.72128564		0.04354906718	9.181844523e-06	
14.73642321		0.04364438039	9.161009927e-06	
14.75156078		0.04373781564	9.139888998e-06	
14.76669835		0.04382938924	9.118488056e-06	
14.78183592		0.04391911756	9.096813346e-06	
14.79697349		0.04400701708	9.074871042e-06	
14.81211106		0.04409310434	9.052667245e-06	
14.82724862		0.04417739595	9.030207984e-06	
14.84238619		0.04425990861	9.00749922e-06	
14.85752376		0.04434065906	8.984546843e-06	
14.87266133		0.04441966414	8.961356676e-06	
14.8877989		0.04449694073	8.937934475e-06	
14.90293647		0.04457250578	8.914285929e-06	
14.91807404		0.0446463763	8.890416664e-06	
14.93321161		0.04471856938	8.86633224e-06	
14.94834917		0.04478910215	8.842038156e-06	
14.96348674		0.0448579918	8.817539849e-06	
14.97862431		0.04492525558	8.792842694e-06	
14.99376188		0.04499091082	8.767952009e-06	
15.00889945		0.04505497485	8.742873053e-06	
15.02403702		0.04511746511	8.717611025e-06	
15.03917459		0.04517839907	8.692171071e-06	
15.05431216		0.04523779424	8.666558279e-06	
15.06944972		0.04529566819	8.640777685e-06	
15.08458729		0.04535203856	8.614834269e-06	
15.09972486		0.04540692299	8.588732961e-06	
15.11486243		0.04546033921	8.562478636e-06	
15.13		0.04551230498	8.53607612e-06	
