-15.13		0.9672298021	0.0002721569722	
-15.11486243		0.9675080014	0.000274129305	
-15.09972486		0.9678081393	0.0002761051635	
-15.08458729		0.968126049	0.0002780884009	
-15.06944972		0.9684561604	0.000280081388	
-15.05431216		0.9687924931	0.0002820854809	
-15.03917459		0.9691294398	0.0002841014062	
-15.02403702		0.9694622151	0.0002861295269	
-15.00889945		0.9697870279	0.0002881700133	
-14.99376188		0.9701010688	0.0002902229382	
-14.97862431		0.9704024037	0.0002922883306	
-14.96348674		0.9706898311	0.0002943662017	
-14.94834917		0.9709627367	0.0002964565592	
-14.93321161		0.9712209628	0.0002985594127	
-14.91807404		0.971464696	0.0003006747776	
-14.90293647		0.9716943747	0.0003028026757	
-14.8877989		0.9719106146	0.0003049431363	
-14.87266133		0.9721141502	0.0003070961958	
-14.85752376		0.9723057883	0.0003092618984	
-14.84238619		0.9724863728	0.0003114402952	
-14.82724862		0.9726567577	0.0003136314447	
-14.81211106		0.9728177874	0.0003158354121	
-14.79697349		0.9729702822	0.0003180522697	
-14.78183592		0.9731150278	0.0003202820962	
-14.76669835		0.973252769	0.000322524977	
-14.75156078		0.9733842054	0.0003247810036	
-14.73642321		0.9735099895	0.0003270502739	
-14.72128564		0.9736307256	0.0003293328916	
-14.70614807		0.973746971	0.0003316289666	
-14.69101051		0.9738592369	0.0003339386142	
-14.67587294		0.9739679906	0.0003362619555	
-14.66073537		0.9740736577	0.0003385991171	
-14.6455978		0.9741766249	0.0003409502311	
-14.63046023		0.9742772421	0.0003433154347	
-14.61532266		0.9743758257	0.0003456948705	
-14.60018509		0.9744726611	0.0003480886859	
-14.58504752		0.9745680051	0.0003504970338	
-14.56990995		0.9746620885	0.0003529200716	
-14.55477239		0.9747551185	0.0003553579617	
-14.53963482		0.974847281	0.0003578108716	
-14.52449725		0.9749387422	0.0003602789731	
-14.50935968		0.975029651	0.0003627624431	
-14.49422211		0.9751201406	0.0003652614629	
-14.47908454		0.9752103299	0.0003677762186	
-14.46394697		0.9753003253	0.0003703069009	
-14.4488094		0.9753902216	0.0003728537051	
-14.43367184		0.9754801036	0.0003754168311	
-14.41853427		0.975570047	0.0003779964832	
-14.4033967		0.9756601194	0.0003805928707	
-14.38825913		0.9757503813	0.0003832062071	
-14.37312156		0.9758408864	0.0003858367108	
-14.35798399		0.9759316831	0.0003884846049	
-14.34284642		0.9760228146	0.0003911501171	
-14.32770885		0.9761143194	0.0003938334798	
-14.31257129		0.9762062322	0.0003965349305	
-14.29743372		0.9762985841	0.0003992547114	
-14.28229615		0.9763914029	0.0004019930697	
-14.26715858		0.9764847137	0.0004047502577	
-14.25202101		0.9765785392	0.000407526533	
-14.23688344		0.9766728996	0.0004103221583	
-14.22174587		0.9767678134	0.0004131374016	
-14.2066083		0.9768632974	0.0004159725368	
-14.19147074		0.9769593664	0.0004188278431	
-14.17633317		0.9770560344	0.0004217036056	
-14.1611956		0.9771533138	0.0004246001156	
-14.14605803		0.9772512159	0.00042751767	
-14.13092046		0.9773497512	0.0004304565726	
-14.11578289		0.9774489292	0.0004334171331	
-14.10064532		0.9775487582	0.0004363996683	
-14.08550775		0.9776492459	0.0004394045014	
-14.07037019		0.9777503985	0.0004424319626	
-14.05523262		0.9778522204	0.0004454823887	
-14.04009505		0.9779547135	0.0004485561235	
-14.02495748		0.9780578773	0.0004516535171	
-14.00981991		0.9781617131	0.0004547749292	
-13.99468234		0.9782662313	0.0004579207318	
-13.97954477		0.9783714516	0.0004610913107	
-13.9644072		0.9784773912	0.0004642870592	
-13.94926963		0.9785840565	0.0004675083755	
-13.93413207		0.9786914476	0.0004707556642	
-13.9189945		0.9787995635	0.0004740293398	
-13.90385693		0.978908405	0.0004773298274	
-13.88871936		0.9790179735	0.0004806575638	
-13.87358179		0.9791282715	0.0004840129969	
-13.85844422		0.9792393014	0.0004873965865	
-13.84330665		0.979351066	0.0004908088044	
-13.82816908		0.9794635679	0.0004942501345	
-13.81303152		0.9795768097	0.0004977210738	
-13.79789395		0.9796907937	0.0005012221325	
-13.78275638		0.9798055225	0.0005047538344	
-13.76761881		0.9799209982	0.0005083167178	
-13.75248124		0.9800372229	0.0005119113355	
-13.73734367		0.9801541987	0.0005155382561	
-13.7222061		0.9802719274	0.0005191980637	
-13.70706853		0.9803904109	0.0005228913595	
-13.69193097		0.9805096508	0.0005266187616	
-13.6767934		0.9806296487	0.0005303809064	
-13.66165583		0.9807504061	0.0005341784488	
-13.64651826		0.9808719243	0.0005380120634	
-13.63138069		0.9809942046	0.0005418824452	
-13.61624312		0.9811172481	0.0005457903104	
-13.60110555		0.9812410558	0.0005497363976	
-13.58596798		0.9813656286	0.0005537214684	
-13.57083042		0.9814909672	0.0005577463091	
-13.55569285		0.9816170722	0.0005618117314	
-13.54055528		0.9817439443	0.0005659185739	
-13.52541771		0.9818715835	0.0005700677033	
-13.51028014		0.9819999903	0.0005742600155	
-13.49514257		0.9821291645	0.0005784964378	
-13.480005		0.9822591061	0.0005827779292	
-13.46486743		0.9823898146	0.0005871054825	
-13.44972986		0.9825212897	0.0005914801251	
-13.4345923		0.9826535306	0.0005959029195	
-13.41945473		0.9827865362	0.0006003749636	
-13.40431716		0.9829203052	0.00060489739	
-13.38917959		0.9830548362	0.0006094713637	
-13.37404202		0.983190127	0.0006140980799	
-13.35890445		0.9833261751	0.0006187787588	
-13.34376688		0.9834629776	0.000623514642	
-13.32862931		0.9836005307	0.0006283069881	
-13.31349175		0.9837388301	0.0006331570735	
-13.29835418		0.9838778709	0.0006380661971	
-13.28321661		0.9840176475	0.0006430356924	
-13.26807904		0.9841581542	0.0006480669427	
-13.25294147		0.9842993847	0.0006531613942	
-13.2378039		0.9844413326	0.0006583205569	
-13.22266633		0.9845839909	0.0006635459901	
-13.20752876		0.9847273518	0.0006688392733	
-13.1923912		0.9848714065	0.0006742019746	
-13.17725363		0.9850161449	0.0006796356347	
-13.16211606		0.9851615555	0.0006851417776	
-13.14697849		0.9853076262	0.0006907219542	
-13.13184092		0.9854543442	0.0006963778052	
-13.11670335		0.9856016971	0.0007021111206	
-13.10156578		0.9857496727	0.0007079238653	
-13.08642821		0.9858982588	0.0007138181552	
-13.07129065		0.9860474429	0.0007197961883	
-13.05615308		0.9861972112	0.0007258601601	
-13.04101551		0.9863475479	0.0007320122054	
-13.02587794		0.9864984358	0.0007382543984	
-13.01074037		0.986649856	0.000744588817	
-12.9956028		0.9868017891	0.0007510176479	
-12.98046523		0.9869542158	0.0007575432878	
-12.96532766		0.9871071171	0.0007641683913	
-12.9501901		0.9872604742	0.0007708958401	
-12.93505253		0.9874142679	0.0007777286426	
-12.91991496		0.9875684773	0.0007846698085	
-12.90477739		0.9877230794	0.0007917222571	
-12.88963982		0.9878780491	0.0007988888049	
-12.87450225		0.9880333594	0.0008061722423	
-12.85936468		0.9881889823	0.000813575471	
-12.84422711		0.9883448896	0.0008211016402	
-12.82908954		0.9885010533	0.0008287542221	
-12.81395198		0.9886574457	0.0008365369872	
-12.79881441		0.9888140383	0.0008444538903	
-12.78367684		0.988970801	0.0008525089209	
-12.76853927		0.9891277016	0.0008607059925	
-12.7534017		0.9892847057	0.0008690489265	
-12.73826413		0.989441777	0.000877541548	
-12.72312656		0.9895988781	0.0008861878517	
-12.70798899		0.9897559716	0.0008949921636	
-12.69285143		0.9899130199	0.0009039592179	
-12.67771386		0.9900699854	0.0009130941063	
-12.66257629		0.9902268297	0.0009224021179	
-12.64743872		0.9903835121	0.0009318885455	
-12.63230115		0.99053999	0.000941558557	
-12.61716358		0.9906962179	0.0009514172019	
-12.60202601		0.990852149	0.000961469562	
-12.58688844		0.991007735	0.0009717209812	
-12.57175088		0.9911629279	0.0009821772683	
-12.55661331		0.9913176796	0.000992844771	
-12.54147574		0.9914719417	0.00100373028	
-12.52633817		0.9916256649	0.001014840805	
-12.5112006		0.9917787975	0.001026183339	
-12.49606303		0.9919312858	0.001037764732	
-12.48092546		0.9920830736	0.001049591757	
-12.46578789		0.9922341035	0.00106167134	
-12.45065033		0.9923843174	0.001074010864	
-12.43551276		0.9925336574	0.001086618383	
-12.42037519		0.9926820655	0.001099502647	
-12.40523762		0.9928294834	0.001112672908	
-12.39010005		0.9929758516	0.001126138613	
-12.37496248		0.9931211084	0.001139909127	
-12.35982491		0.9932651901	0.001153993651	
-12.34468734		0.9934080312	0.00116840139	
-12.32954977		0.9935495654	0.001183141887	
-12.31441221		0.9936897264	0.001198225379	
-12.29927464		0.9938284481	0.001213662976	
-12.28413707		0.9939656645	0.001229466582	
-12.2689995		0.9941013091	0.00124564857	
-12.25386193		0.9942353144	0.001262221409	
-12.23872436		0.994367611	0.001279197422	
-12.22358679		0.9944981283	0.00129658884	
-12.20844922		0.994626795	0.001314408126	
-12.19331166		0.9947535396	0.001332668425	
-12.17817409		0.9948782914	0.001351383901	
-12.16303652		0.9950009803	0.001370569789	
-12.14789895		0.9951215365	0.001390242122	
-12.13276138		0.9952398898	0.001410417293	
-12.11762381		0.9953559697	0.001431111686	
-12.10248624		0.9954697047	0.001452341597	
-12.08734867		0.9955810234	0.001474123516	
-12.07221111		0.9956898547	0.001496474621	
-12.05707354		0.9957961287	0.001519413233	
-12.04193597		0.9958997766	0.001542958992	
-12.0267984		0.9960007309	0.001567132646	
-12.01166083		0.9960989249	0.001591955581	
-11.99652326		0.9961942922	0.001617449354	
-11.98138569		0.9962867671	0.001643635522	
-11.96624812		0.9963762842	0.001670535857	
-11.95111056		0.99646278	0.001698172863	
-11.93597299		0.9965461922	0.001726570299	
-11.92083542		0.9966264608	0.001755753425	
-11.90569785		0.996703528	0.001785748845	
-11.89056028		0.9967773374	0.001816584027	
-11.87542271		0.9968478347	0.001848286809	
-11.86028514		0.9969149667	0.00188088518	
-11.84514757		0.9969786826	0.001914407473	
-11.83001001		0.9970389333	0.001948882878	
-11.81487244		0.9970956727	0.001984341974	
-11.79973487		0.9971488574	0.002020816981	
-11.7845973		0.9971984468	0.002058341597	
-11.76945973		0.997244403	0.002096950545	
-11.75432216		0.997286691	0.002136679099	
-11.73918459		0.9973252782	0.002177562901	
-11.72404702		0.9973601349	0.002219638172	
-11.70890945		0.9973912344	0.002262942197	
-11.69377189		0.9974185534	0.002307513788	
-11.67863432		0.9974420718	0.002353393461	
-11.66349675		0.9974617734	0.00240062325	
-11.64835918		0.9974776449	0.002449246283	
-11.63322161		0.9974896766	0.00249930641	
-11.61808404		0.9974978621	0.002550848108	
-11.60294647		0.9975021983	0.002603916715	
-11.5878089		0.9975026856	0.002658558827	
-11.57267134		0.9974993283	0.00271482262	
-11.55753377		0.9974921343	0.002772757901	
-11.5423962		0.997481115	0.002832415886	
-11.52725863		0.9974662857	0.002893848859	
-11.51212106		0.9974476652	0.002957109933	
-11.49698349		0.9974252756	0.003022253045	
-11.48184592		0.9973991428	0.003089333156	
-11.46670835		0.9973692961	0.003158406509	
-11.45157079		0.9973357686	0.003229530768	
-11.43643322		0.9972985967	0.003302764948	
-11.42129565		0.9972578205	0.0033781692	
-11.40615808		0.9972134833	0.003455804577	
-11.39102051		0.9971656318	0.003535732904	
-11.37588294		0.9971143159	0.003618016796	
-11.36074537		0.9970595885	0.003702719766	
-11.3456078		0.9970015059	0.003789906307	
-11.33047024		0.9969401271	0.003879641875	
-11.31533267		0.9968755142	0.00397199276	
-11.3001951		0.996807732	0.004067025901	
-11.28505753		0.996736848	0.004164808733	
-11.26991996		0.9966629323	0.004265409098	
-11.25478239		0.9965860573	0.004368895212	
-11.23964482		0.9965062977	0.004475335656	
-11.22450725		0.9964237305	0.004584799321	
-11.20936968		0.9963384346	0.004697355298	
-11.19423212		0.9962504908	0.004813072732	
-11.17909455		0.996159982	0.00493202066	
-11.16395698		0.9960669924	0.005054267874	
-11.14881941		0.9959716077	0.005179882801	
-11.13368184		0.9958739151	0.005308933397	
-11.11854427		0.995774003	0.005441487031	
-11.1034067		0.9956719604	0.005577610347	
-11.08826913		0.9955678771	0.005717369096	
-11.07313157		0.9954618431	0.005860827965	
-11.057994		0.9953539476	0.006008050391	
-11.04285643		0.9952442788	0.006159098387	
-11.02771886		0.9951329246	0.006314032374	
-11.01258129		0.9950199771	0.006472911039	
-10.99744372		0.9949055402	0.006635791209	
-10.98230615		0.9947897269	0.006802727658	
-10.96716858		0.9946726437	0.006973772817	
-10.95203102		0.994554383	0.007148976523	
-10.93689345		0.9944350308	0.007328385873	
-10.92175588		0.9943146736	0.007512045088	
-10.90661831		0.9941934005	0.007699995343	
-10.89148074		0.9940713018	0.007892274585	
-10.87634317		0.9939484683	0.008088917355	
-10.8612056		0.9938249907	0.00828995461	
-10.84606803		0.993700959	0.008495413563	
-10.83093047		0.9935764623	0.008705317518	
-10.8157929		0.9934515889	0.008919685726	
-10.80065533		0.9933264258	0.009138533241	
-10.78551776		0.9932010589	0.009361870787	
-10.77038019		0.9930755729	0.009589704644	
-10.75524262		0.992950051	0.009822036531	
-10.74010505		0.9928245752	0.01005886351	
-10.72496748		0.992699226	0.01030017791	
-10.70982991		0.9925740821	0.01054596724	
-10.69469235		0.9924492211	0.01079621412	
-10.67955478		0.9923247187	0.01105089627	
-10.66441721		0.9922006491	0.01130998644	
-10.64927964		0.9920770845	0.01157345244	
-10.63414207		0.9919540959	0.0118412571	
-10.6190045		0.9918317521	0.01211335829	
-10.60386693		0.9917101204	0.01238970899	
-10.58872936		0.9915892662	0.01267025732	
-10.5735918		0.9914692531	0.01295494658	
-10.55845423		0.9913501429	0.01324371538	
-10.54331666		0.9912319954	0.01353649772	
-10.52817909		0.9911148689	0.01383322312	
-10.51304152		0.9909988195	0.01413381671	
-10.49790395		0.9908839017	0.01443819946	
-10.48276638		0.9907701681	0.01474628826	
-10.46762881		0.9906576692	0.01505799615	
-10.45249125		0.990546454	0.01537323249	
-10.43735368		0.9904365694	0.01569190318	
-10.42221611		0.9903280608	0.01601391084	
-10.40707854		0.9902209714	0.01633915509	
-10.39194097		0.9901153429	0.01666753272	
-10.3768034		0.990011215	0.01699893798	
-10.36166583		0.9899086258	0.0173332628	
-10.34652826		0.9898076116	0.01767039706	
-10.3313907		0.9897082069	0.01801022883	
-10.31625313		0.9896104446	0.01835264464	
-10.30111556		0.9895143558	0.01869752973	
-10.28597799		0.98941997	0.01904476832	
-10.27084042		0.9893273152	0.01939424387	
-10.25570285		0.9892364176	0.01974583931	
-10.24056528		0.9891473018	0.02009943733	
-10.22542771		0.9890599911	0.02045492062	
-10.21029015		0.9889745069	0.02081217206	
-10.19515258		0.9888908694	0.02117107504	
-10.18001501		0.9888090972	0.0215315136	
-10.16487744		0.9887292073	0.02189337274	
-10.14973987		0.9886512157	0.02225653852	
-10.1346023		0.9885751364	0.02262089837	
-10.11946473		0.9885001918	0.02298633492	
-10.10432716		0.9884280166	0.02335275493	
-10.08918959		0.9883577919	0.02372004115	
-10.07405203		0.9882895258	0.02408808802	
-10.05891446		0.9882232254	0.02445679211	
-10.04377689		0.9881588965	0.02482605221	
-10.02863932		0.9880965438	0.02519576952	
-10.01350175		0.988036171	0.02556584771	
-9.998364182		0.987977781	0.02593619301	
-9.983226613		0.9879213758	0.02630671431	
-9.968089045		0.9878669562	0.0266773232	
-9.952951476		0.9878145223	0.02704793403	
-9.937813907		0.9877640733	0.02741846395	
-9.922676338		0.9877156072	0.02778883294	
-9.907538769		0.9876691216	0.02815896383	
-9.892401201		0.9876246127	0.0285287823	
-9.877263632		0.9875820761	0.02889821686	
-9.862126063		0.9875415067	0.02926719887	
-9.846988494		0.9875028982	0.02963566249	
-9.831850925		0.9874662439	0.03000354465	
-9.816713357		0.9874315361	0.03037078502	
-9.801575788		0.9873987663	0.03073732596	
-9.786438219		0.9873679255	0.03110311245	
-9.77130065		0.9873390039	0.03146809207	
-9.756163082		0.987311991	0.03183221487	
-9.741025513		0.9872868756	0.03219543335	
-9.725887944		0.9872636462	0.03255770238	
-9.710750375		0.9872422903	0.03291897907	
-9.695612806		0.987222795	0.03327922276	
-9.680475238		0.987205147	0.03363839487	
-9.665337669		0.9871893324	0.03399645885	
-9.6502001		0.9871753366	0.03435338006	
-9.635062531		0.9871631448	0.0347091257	
-9.619924962		0.9871527416	0.03506366472	
-9.604787394		0.9871441113	0.0354169677	
-9.589649825		0.9871372377	0.03576900677	
-9.574512256		0.9871321043	0.03611975553	
-9.559374687		0.9871286942	0.03646918893	
-9.544237119		0.9871269901	0.03681728322	
-9.52909955		0.9871269744	0.03716401578	
-9.513961981		0.9871286294	0.03750936514	
-9.498824412		0.9871319369	0.03785331079	
-9.483686843		0.9871368785	0.03819583317	
-9.468549275		0.9871434356	0.03853691353	
-9.453411706		0.9871515892	0.03887653391	
-9.438274137		0.9871613204	0.03921467699	
-9.423136568		0.9871726099	0.03955132608	
-9.407998999		0.9871854383	0.03988646501	
-9.392861431		0.9871997859	0.04022007808	
-9.377723862		0.987215633	0.04055214998	
-9.362586293		0.9872329598	0.04088266572	
-9.347448724		0.9872517463	0.04121161062	
-9.332311156		0.9872719724	0.04153897018	
-9.317173587		0.9872936178	0.04186473008	
-9.302036018		0.9873166624	0.0421888761	
-9.286898449		0.9873410859	0.04251139413	
-9.27176088		0.9873668678	0.04283227002	
-9.256623312		0.9873939877	0.04315148966	
-9.241485743		0.9874224252	0.04346903886	
-9.226348174		0.9874521597	0.04378490334	
-9.211210605		0.9874831709	0.04409906873	
-9.196073037		0.9875154381	0.04441152049	
-9.180935468		0.987548941	0.04472224392	
-9.165797899		0.9875836589	0.04503122414	
-9.15066033		0.9876195714	0.04533844604	
-9.135522761		0.9876566581	0.04564389431	
-9.120385193		0.9876948984	0.04594755338	
-9.105247624		0.9877342717	0.04624940744	
-9.090110055		0.9877747572	0.0465494404	
-9.074972486		0.9878163337	0.04684763588	
-9.059834917		0.9878589788	0.04714397721	
-9.044697349		0.9879026684	0.04743844733	
-9.02955978		0.9879473764	0.04773102883	
-9.014422211		0.9879930772	0.04802170403	
-8.999284642		0.988039753	0.04831045541	
-8.984147074		0.9880873976	0.04859726571	
-8.969009505		0.9881360064	0.04888211756	
-8.953871936		0.9881855647	0.04916499286	
-8.938734367		0.9882360497	0.04944587289	
-8.923596798		0.988287437	0.04972473863	
-8.90845923		0.9883397035	0.05000157094	
-8.893321661		0.9883928281	0.05027635057	
-8.878184092		0.9884467905	0.05054905818	
-8.863046523		0.9885015712	0.05081967432	
-8.847908954		0.9885571511	0.05108817941	
-8.832771386		0.9886135114	0.05135455381	
-8.817633817		0.9886706336	0.05161877779	
-8.802496248		0.9887284991	0.05188083159	
-8.787358679		0.9887870897	0.05214069539	
-8.772221111		0.9888463872	0.05239834938	
-8.757083542		0.9889063737	0.05265377376	
-8.741945973		0.9889670312	0.05290694879	
-8.726808404		0.9890283422	0.05315785476	
-8.711670835		0.9890902891	0.05340647208	
-8.696533267		0.9891528544	0.05365278127	
-8.681395698		0.9892160209	0.05389676298	
-8.666258129		0.9892797716	0.05413839804	
-8.65112056		0.9893440894	0.05437766747	
-8.635982991		0.9894089576	0.0546145525	
-8.620845423		0.9894743596	0.05484903462	
-8.605707854		0.9895402788	0.05508109557	
-8.590570285		0.989606699	0.05531071741	
-8.575432716		0.989673604	0.05553788249	
-8.560295148		0.9897409777	0.05576257354	
-8.545157579		0.9898088043	0.05598477363	
-8.53002001		0.989877068	0.05620446625	
-8.514882441		0.9899457532	0.05642163528	
-8.499744872		0.9900148445	0.05663626506	
-8.484607304		0.9900843266	0.05684834039	
-8.469469735		0.9901541843	0.05705784656	
-8.454332166		0.9902244025	0.05726476937	
-8.439194597		0.9902949664	0.05746909513	
-8.424057029		0.990365861	0.05767081072	
-8.40891946		0.9904370718	0.05786990358	
-8.393781891		0.9905085842	0.05806636176	
-8.378644322		0.9905803836	0.05826017388	
-8.363506753		0.9906524558	0.05845132922	
-8.348369185		0.9907247863	0.05863981769	
-8.333231616		0.9907973612	0.05882562986	
-8.318094047		0.9908701661	0.05900875697	
-8.302956478		0.9909431872	0.05918919095	
-8.287818909		0.9910164104	0.05936692445	
-8.272681341		0.991089822	0.05954195083	
-8.257543772		0.991163408	0.05971426417	
-8.242406203		0.9912371547	0.05988385929	
-8.227268634		0.9913110484	0.06005073179	
-8.212131066		0.9913850754	0.06021487801	
-8.196993497		0.9914592222	0.06037629505	
-8.181855928		0.9915334752	0.06053498084	
-8.166718359		0.9916078208	0.06069093404	
-8.15158079		0.9916822457	0.06084415414	
-8.136443222		0.9917567362	0.06099464143	
-8.121305653		0.9918312791	0.06114239699	
-8.106168084		0.991905861	0.06128742274	
-8.091030515		0.9919804685	0.06142972138	
-8.075892946		0.9920550883	0.06156929646	
-8.060755378		0.9921297072	0.06170615233	
-8.045617809		0.992204312	0.06184029416	
-8.03048024		0.9922788894	0.06197172796	
-8.015342671		0.9923534264	0.06210046054	
-8.000205103		0.9924279098	0.06222649954	
-7.985067534		0.9925023266	0.06234985341	
-7.969929965		0.9925766638	0.06247053144	
-7.954792396		0.9926509085	0.0625885437	
-7.939654827		0.9927250477	0.06270390109	
-7.924517259		0.9927990687	0.0628166153	
-7.90937969		0.9928729586	0.06292669882	
-7.894242121		0.9929467049	0.06303416493	
-7.879104552		0.9930202948	0.06313902771	
-7.863966983		0.9930937158	0.06324130199	
-7.848829415		0.9931669556	0.06334100337	
-7.833691846		0.9932400016	0.06343814823	
-7.818554277		0.9933128418	0.06353275368	
-7.803416708		0.9933854637	0.06362483757	
-7.78827914		0.9934578555	0.06371441849	
-7.773141571		0.993530005	0.06380151572	
-7.758004002		0.9936019005	0.06388614926	
-7.742866433		0.9936735301	0.0639683398	
-7.727728864		0.9937448823	0.06404810871	
-7.712591296		0.9938159455	0.064125478	
-7.697453727		0.9938867083	0.06420047035	
-7.682316158		0.9939571594	0.06427310906	
-7.667178589		0.9940272876	0.06434341806	
-7.652041021		0.994097082	0.06441142187	
-7.636903452		0.9941665315	0.06447714559	
-7.621765883		0.9942356255	0.0645406149	
-7.606628314		0.9943043532	0.06460185602	
-7.591490745		0.9943727042	0.06466089569	
-7.576353177		0.9944406679	0.06471776119	
-7.561215608		0.9945082342	0.06477248028	
-7.546078039		0.9945753929	0.06482508119	
-7.53094047		0.9946421339	0.0648755926	
-7.515802901		0.9947084472	0.06492404366	
-7.500665333		0.9947743231	0.06497046388	
-7.485527764		0.9948397518	0.06501488322	
-7.470390195		0.9949047237	0.06505733198	
-7.455252626		0.9949692293	0.06509784081	
-7.440115058		0.9950332591	0.06513644072	
-7.424977489		0.9950968037	0.06517316301	
-7.40983992		0.9951598539	0.06520803925	
-7.394702351		0.9952224004	0.06524110132	
-7.379564782		0.995284434	0.06527238132	
-7.364427214		0.9953459456	0.06530191155	
-7.349289645		0.995406926	0.06532972455	
-7.334152076		0.9954673662	0.06535585301	
-7.319014507		0.9955272571	0.06538032978	
-7.303876938		0.9955865895	0.06540318784	
-7.28873937		0.9956453544	0.06542446028	
-7.273601801		0.9957035426	0.06544418028	
-7.258464232		0.9957611449	0.06546238109	
-7.243326663		0.995818152	0.06547909597	
-7.228189095		0.9958745547	0.06549435825	
-7.213051526		0.9959303436	0.06550820122	
-7.197913957		0.995985509	0.06552065817	
-7.182776388		0.9960400414	0.06553176233	
-7.167638819		0.9960939309	0.06554154688	
-7.152501251		0.9961471678	0.06555004491	
-7.137363682		0.9961997418	0.06555728942	
-7.122226113		0.9962516428	0.06556331327	
-7.107088544		0.9963028603	0.0655681492	
-7.091950975		0.9963533837	0.06557182978	
-7.076813407		0.996403202	0.06557438741	
-7.061675838		0.9964523041	0.06557585429	
-7.046538269		0.9965006789	0.06557626245	
-7.0314007		0.9965483145	0.06557564364	
-7.016263132		0.9965951993	0.06557402942	
-7.001125563		0.9966413211	0.06557145108	
-6.985987994		0.9966866674	0.06556793963	
-6.970850425		0.9967312257	0.06556352583	
-6.955712856		0.9967749829	0.06555824011	
-6.940575288		0.9968179257	0.06555211261	
-6.925437719		0.9968600407	0.06554517312	
-6.91030015		0.9969013139	0.06553745113	
-6.895162581		0.9969417312	0.06552897574	
-6.880025013		0.9969812782	0.06551977569	
-6.864887444		0.9970199402	0.06550987935	
-6.849749875		0.997057702	0.06549931465	
-6.834612306		0.9970945483	0.06548810914	
-6.819474737		0.9971304637	0.0654762899	
-6.804337169		0.9971654322	0.06546388359	
-6.7891996		0.9971994377	0.06545091638	
-6.774062031		0.9972324637	0.06543741396	
-6.758924462		0.9972644938	0.06542340152	
-6.743786893		0.9972955109	0.06540890375	
-6.728649325		0.9973254981	0.06539394479	
-6.713511756		0.9973544379	0.06537854827	
-6.698374187		0.9973823129	0.06536273726	
-6.683236618		0.9974091054	0.06534653428	
-6.66809905		0.9974347974	0.06532996131	
-6.652961481		0.9974593708	0.06531303981	
-6.637823912		0.9974828075	0.06529579066	
-6.622686343		0.997505089	0.06527823426	
-6.607548774		0.9975261968	0.06526039047	
-6.592411206		0.9975461123	0.06524227869	
-6.577273637		0.9975648165	0.06522391783	
-6.562136068		0.9975822906	0.06520532639	
-6.546998499		0.9975985156	0.06518652244	
-6.53186093		0.9976134724	0.06516752365	
-6.516723362		0.9976271419	0.06514834735	
-6.501585793		0.9976395047	0.06512901048	
-6.486448224		0.9976505417	0.06510952966	
-6.471310655		0.9976602334	0.06508992112	
-6.456173087		0.9976685605	0.06507020075	
-6.441035518		0.9976755038	0.06505038403	
-6.425897949		0.9976810437	0.065030486	
-6.41076038		0.9976851611	0.06501052116	
-6.395622811		0.9976878366	0.06499050347	
-6.380485243		0.9976890509	0.06497044619	
-6.365347674		0.9976887848	0.0649503618	
-6.350210105		0.9976870192	0.06493026192	
-6.335072536		0.997683735	0.06491015719	
-6.319934967		0.9976789131	0.06489005715	
-6.304797399		0.9976725347	0.06486997021	
-6.28965983		0.9976645809	0.06484990353	
-6.274522261		0.9976550328	0.06482986305	
-6.259384692		0.9976438716	0.06480985341	
-6.244247124		0.9976310786	0.06478987808	
-6.229109555		0.997616635	0.06476993935	
-6.213971986		0.9976005222	0.06475003852	
-6.198834417		0.9975827212	0.06473017602	
-6.183696848		0.9975632132	0.06471035159	
-6.16855928		0.9975419794	0.0646905645	
-6.153421711		0.9975190005	0.06467081373	
-6.138284142		0.9974942572	0.0646510982	
-6.123146573		0.9974677296	0.06463141694	
-6.108009005		0.9974393968	0.06461176918	
-6.092871436		0.9974092366	0.06459215448	
-6.077733867		0.9973772234	0.06457257264	
-6.062596298		0.9973433265	0.06455302357	
-6.047458729		0.9973075068	0.06453350709	
-6.032321161		0.9972697182	0.06451402285	
-6.017183592		0.9972299219	0.06449457115	
-6.002046023		0.9971881211	0.06447515502	
-5.986908454		0.9971443747	0.06445578089	
-5.971770885		0.9970987393	0.06443645465	
-5.956633317		0.9970512098	0.06441717768	
-5.941495748		0.9970017366	0.06439794775	
-5.926358179		0.9969502656	0.06437876159	
-5.91122061		0.9968967543	0.06435961573	
-5.896083042		0.9968411703	0.06434050651	
-5.880945473		0.9967834873	0.06432142978	
-5.865807904		0.9967236823	0.06430238075	
-5.850670335		0.9966617335	0.06428335401	
-5.835532766		0.9965976197	0.06426434356	
-5.820395198		0.9965313199	0.06424534291	
-5.805257629		0.9964628131	0.06422634517	
-5.79012006		0.996392078	0.06420734318	
-5.774982491		0.9963190934	0.06418832961	
-5.759844922		0.9962438377	0.06416929696	
-5.744707354		0.9961662892	0.06415023768	
-5.729569785		0.996086426	0.06413114415	
-5.714432216		0.9960042259	0.06411200866	
-5.699294647		0.9959196667	0.06409282342	
-5.684157079		0.9958327256	0.06407358048	
-5.66901951		0.99574338	0.0640542717	
-5.653881941		0.9956516069	0.06403488863	
-5.638744372		0.9955573831	0.06401542253	
-5.623606803		0.9954606852	0.0639958642	
-5.608469235		0.9953614898	0.063976204	
-5.593331666		0.995259773	0.06395643175	
-5.578194097		0.995155511	0.06393653671	
-5.563056528		0.9950486798	0.06391650754	
-5.547918959		0.9949392551	0.06389633227	
-5.532781391		0.9948272126	0.06387599833	
-5.517643822		0.9947125277	0.06385549252	
-5.502506253		0.9945951757	0.06383480103	
-5.487368684		0.9944751317	0.0638139095	
-5.472231116		0.9943523708	0.06379280299	
-5.457093547		0.9942268677	0.06377146605	
-5.441955978		0.994098597	0.06374988278	
-5.426818409		0.9939675332	0.06372803681	
-5.41168084		0.9938336506	0.06370591138	
-5.396543272		0.9936969232	0.06368348937	
-5.381405703		0.993557325	0.06366075333	
-5.366268134		0.9934148296	0.06363768553	
-5.351130565		0.9932694106	0.06361426795	
-5.335992996		0.9931210413	0.06359048234	
-5.320855428		0.9929696948	0.06356631026	
-5.305717859		0.9928153439	0.06354173303	
-5.29058029		0.9926579614	0.06351673181	
-5.275442721		0.9924975197	0.0634912876	
-5.260305153		0.9923339911	0.06346538124	
-5.245167584		0.9921673477	0.06343899341	
-5.230030015		0.9919975613	0.06341210466	
-5.214892446		0.9918246035	0.06338469542	
-5.199754877		0.9916484456	0.06335674598	
-5.184617309		0.991469059	0.06332823651	
-5.16947974		0.9912864144	0.06329914708	
-5.154342171		0.9911004826	0.06326945764	
-5.139204602		0.9909112341	0.06323914805	
-5.124067034		0.9907186336	0.06320819757	
-5.108929465		0.9905226624	0.06317658688	
-5.093791896		0.9903232846	0.0631442951	
-5.078654327		0.9901204697	0.06311130175	
-5.063516758		0.9899141869	0.06307758632	
-5.04837919		0.9897044053	0.06304312824	
-5.033241621		0.9894910937	0.06300790693	
-5.018104052		0.9892742206	0.06297190178	
-5.002966483		0.9890537543	0.06293509216	
-4.987828914		0.9888296627	0.06289745746	
-4.972691346		0.9886019136	0.06285897709	
-4.957553777		0.9883704744	0.06281963051	
-4.942416208		0.9881353122	0.06277939719	
-4.927278639		0.987896394	0.06273825671	
-4.912141071		0.9876536863	0.06269618869	
-4.897003502		0.9874071553	0.06265317287	
-4.881865933		0.987156767	0.06260918907	
-4.866728364		0.986902487	0.06256421727	
-4.851590795		0.9866442807	0.06251823754	
-4.836453227		0.986382113	0.06247123013	
-4.821315658		0.9861159485	0.06242317543	
-4.806178089		0.9858457516	0.06237405404	
-4.79104052		0.9855714861	0.0623238467	
-4.775902951		0.9852931157	0.06227253439	
-4.760765383		0.9850106034	0.06222009828	
-4.745627814		0.9847239121	0.06216651979	
-4.730490245		0.9844330041	0.06211178055	
-4.715352676		0.9841378416	0.06205586245	
-4.700215108		0.983838386	0.06199874764	
-4.685077539		0.9835345985	0.06194041855	
-4.66993997		0.9832264399	0.06188085788	
-4.654802401		0.9829138704	0.06182004862	
-4.639664832		0.9825968498	0.06175797407	
-4.624527264		0.9822753376	0.06169461784	
-4.609389695		0.9819492925	0.06162996386	
-4.594252126		0.9816186729	0.06156399638	
-4.579114557		0.9812834367	0.06149670001	
-4.563976988		0.9809435414	0.0614280597	
-4.54883942		0.9805989436	0.06135806073	
-4.533701851		0.9802495998	0.06128668878	
-4.518564282		0.9798954656	0.06121392988	
-4.503426713		0.9795364962	0.06113977044	
-4.488289145		0.9791726462	0.06106419727	
-4.473151576		0.9788038695	0.06098719754	
-4.458014007		0.9784301197	0.06090875884	
-4.442876438		0.9780513494	0.06082886916	
-4.427738869		0.9776675107	0.06074751688	
-4.412601301		0.9772785552	0.06066469081	
-4.397463732		0.9768844335	0.06058038017	
-4.382326163		0.9764850959	0.06049457459	
-4.367188594		0.9760804918	0.06040726413	
-4.352051026		0.9756705698	0.06031843928	
-4.336913457		0.975255278	0.06022809095	
-4.321775888		0.9748345636	0.06013621046	
-4.306638319		0.974408373	0.0600427896	
-4.29150075		0.973976652	0.05994782055	
-4.276363182		0.9735393455	0.05985129594	
-4.261225613		0.9730963976	0.05975320883	
-4.246088044		0.9726477516	0.05965355269	
-4.230950475		0.97219335	0.05955232144	
-4.215812906		0.9717331343	0.0594495094	
-4.200675338		0.9712670453	0.05934511133	
-4.185537769		0.9707950228	0.05923912238	
-4.1704002		0.9703170058	0.05913153814	
-4.155262631		0.9698329321	0.05902235458	
-4.140125063		0.9693427388	0.05891156807	
-4.124987494		0.9688463616	0.05879917538	
-4.109849925		0.9683437349	0.05868517361	
-4.094712356		0.967834791	0.0585695602	
-4.079574787		0.9673194591	0.05845233283	
-4.064437219		0.966797663	0.05833348928	
-4.04929965		0.9662693176	0.05821302719	
-4.034162081		0.9657343261	0.05809094393	
-4.019024512		0.9651925864	0.05796723695	
-4.003886943		0.9646440204	0.05784190555	
-3.988749375		0.9640886059	0.05771495275	
-3.973611806		0.9635263482	0.05758638354	
-3.958474237		0.9629572142	0.05745620097	
-3.943336668		0.9623811207	0.0573244054	
-3.9281991		0.9617979662	0.05719099643	
-3.913061531		0.9612076517	0.05705597412	
-3.897923962		0.9606100849	0.05691933924	
-3.882786393		0.9600051784	0.0567810931	
-3.867648824		0.9593928466	0.05664123739	
-3.852511256		0.9587730048	0.05649977406	
-3.837373687		0.9581455678	0.0563567053	
-3.822236118		0.9575104497	0.05621203342	
-3.807098549		0.9568675639	0.05606576084	
-3.79196098		0.9562168224	0.05591789012	
-3.776823412		0.9555581361	0.05576842383	
-3.761685843		0.9548914147	0.05561736461	
-3.746548274		0.954216567	0.05546471511	
-3.731410705		0.9535335001	0.05531047798	
-3.716273137		0.9528421202	0.05515465581	
-3.701135568		0.9521423321	0.05499725116	
-3.685997999		0.9514340395	0.05483826649	
-3.67086043		0.9507171447	0.05467770415	
-3.655722861		0.9499915488	0.05451556634	
-3.640585293		0.9492571515	0.05435185509	
-3.625447724		0.9485138514	0.05418657225	
-3.610310155		0.9477615456	0.05401971942	
-3.595172586		0.9470001301	0.05385129795	
-3.580035018		0.9462294994	0.0536813089	
-3.564897449		0.9454495466	0.05350975301	
-3.54975988		0.9446601637	0.05333663068	
-3.534622311		0.9438612411	0.05316194189	
-3.519484742		0.9430526677	0.05298568624	
-3.504347174		0.9422343313	0.05280786287	
-3.489209605		0.941406118	0.05262847042	
-3.474072036		0.9405679124	0.05244750703	
-3.458934467		0.9397195977	0.05226497029	
-3.443796898		0.9388610556	0.05208085719	
-3.42865933		0.937992166	0.05189516413	
-3.413521761		0.9371128073	0.05170788684	
-3.398384192		0.9362228563	0.05151902036	
-3.383246623		0.935322188	0.05132855902	
-3.368109055		0.9344106756	0.05113649641	
-3.352971486		0.9334881906	0.05094282531	
-3.337833917		0.9325546025	0.05074753771	
-3.322696348		0.931609779	0.05055062475	
-3.307558779		0.9306535857	0.05035207667	
-3.292421211		0.9296858863	0.05015188284	
-3.277283642		0.9287065423	0.04995003167	
-3.262146073		0.9277154131	0.04974651062	
-3.247008504		0.9267123557	0.04954130616	
-3.231870935		0.925697225	0.04933440376	
-3.216733367		0.9246698735	0.04912578783	
-3.201595798		0.9236301511	0.04891544176	
-3.186458229		0.9225779054	0.04870334787	
-3.17132066		0.9215129814	0.04848948735	
-3.156183092		0.9204352213	0.04827384035	
-3.141045523		0.9193444647	0.04805638586	
-3.125907954		0.9182405485	0.04783710179	
-3.110770385		0.9171233066	0.04761596489	
-3.095632816		0.9159925703	0.04739295082	
-3.080495248		0.9148481676	0.04716803409	
-3.065357679		0.9136899238	0.04694118811	
-3.05022011		0.9125176609	0.04671238518	
-3.035082541		0.911331198	0.04648159648	
-3.019944972		0.910130351	0.04624879216	
-3.004807404		0.9089149326	0.04601394127	
-2.989669835		0.9076847523	0.04577701186	
-2.974532266		0.9064396164	0.04553797098	
-2.959394697		0.905179328	0.04529678472	
-2.944257129		0.9039036867	0.04505341825	
-2.92911956		0.9026124893	0.04480783589	
-2.913981991		0.9013055289	0.04456000114	
-2.898844422		0.8999825955	0.04430987675	
-2.883706853		0.898643476	0.0440574248	
-2.868569285		0.8972879541	0.04380260676	
-2.853431716		0.8959158101	0.04354538357	
-2.838294147		0.8945268214	0.04328571574	
-2.823156578		0.8931207623	0.04302356344	
-2.80801901		0.8916974042	0.04275888659	
-2.792881441		0.8902565155	0.04249164502	
-2.777743872		0.8887978618	0.04222179852	
-2.762606303		0.8873212059	0.04194930702	
-2.747468734		0.8858263083	0.04167413071	
-2.732331166		0.8843129267	0.04139623018	
-2.717193597		0.8827808166	0.04111556657	
-2.702056028		0.8812297313	0.04083210174	
-2.686918459		0.8796594221	0.04054579844	
-2.67178089		0.8780696385	0.04025662047	
-2.656643322		0.8764601281	0.0399645329	
-2.641505753		0.8748306373	0.03966950223	
-2.626368184		0.8731809112	0.0393714966	
-2.611230615		0.8715106938	0.03907048602	
-2.596093047		0.8698197285	0.03876644255	
-2.580955478		0.8681077579	0.03845934058	
-2.565817909		0.8663745246	0.03814915699	
-2.55068034		0.8646197713	0.03783587145	
-2.535542771		0.862843241	0.03751946664	
-2.520405203		0.8610446773	0.03719992846	
-2.505267634		0.859223825	0.03687724636	
-2.490130065		0.8573804302	0.03655141353	
-2.474992496		0.8555142408	0.03622242716	
-2.459854927		0.8536250069	0.03589028875	
-2.444717359		0.8517124811	0.03555500431	
-2.42957979		0.8497764191	0.03521658465	
-2.414442221		0.8478165799	0.03487504562	
-2.399304652		0.8458327265	0.03453040838	
-2.384167084		0.8438246264	0.03418269963	
-2.369029515		0.8417920518	0.03383195185	
-2.353891946		0.8397347803	0.03347820355	
-2.338754377		0.8376525957	0.03312149945	
-2.323616808		0.835545288	0.03276189075	
-2.30847924		0.8334126545	0.03239943528	
-2.293341671		0.8312545	0.03203419767	
-2.278204102		0.8290706377	0.03166624959	
-2.263066533		0.8268608897	0.03129566979	
-2.247928964		0.8246250876	0.0309225443	
-2.232791396		0.8223630733	0.03054696651	
-2.217653827		0.8200746994	0.03016903722	
-2.202516258		0.8177598303	0.02978886474	
-2.187378689		0.8154183427	0.02940656484	
-2.172241121		0.8130501264	0.02902226082	
-2.157103552		0.8106550848	0.02863608341	
-2.141965983		0.808233136	0.0282481707	
-2.126828414		0.8057842136	0.02785866808	
-2.111690845		0.8033082671	0.02746772804	
-2.096553277		0.8008052631	0.02707551003	
-2.081415708		0.7982751859	0.02668218021	
-2.066278139		0.7957180386	0.02628791124	
-2.05114057		0.7931338436	0.02589288196	
-2.036003002		0.7905226437	0.02549727705	
-2.020865433		0.7878845028	0.02510128672	
-2.005727864		0.7852195072	0.02470510625	
-1.990590295		0.7825277657	0.02430893559	
-1.975452726		0.7798094113	0.02391297891	
-1.960315158		0.7770646015	0.02351744406	
-1.945177589		0.7742935196	0.02312254207	
-1.93004002		0.7714963755	0.02272848658	
-1.914902451		0.7686734061	0.02233549328	
-1.899764882		0.7658248771	0.0219437793	
-1.884627314		0.7629510831	0.02155356259	
-1.869489745		0.7600523488	0.02116506129	
-1.854352176		0.7571290296	0.0207784931	
-1.839214607		0.7541815131	0.02039407459	
-1.824077039		0.7512102188	0.0200120206	
-1.80893947		0.7482156	0.01963254356	
-1.793801901		0.7451981439	0.01925585282	
-1.778664332		0.7421583726	0.01888215407	
-1.763526763		0.7390968434	0.01851164867	
-1.748389195		0.73601415	0.01814453308	
-1.733251626		0.7329109227	0.01778099824	
-1.718114057		0.7297878291	0.01742122905	
-1.702976488		0.7266455746	0.01706540382	
-1.687838919		0.7234849025	0.01671369382	
-1.672701351		0.7203065949	0.01636626275	
-1.657563782		0.7171114724	0.01602326638	
-1.642426213		0.7139003949	0.01568485219	
-1.627288644		0.7106742609	0.01535115896	
-1.612151076		0.7074340083	0.01502231658	
-1.597013507		0.7041806138	0.01469844574	
-1.581875938		0.7009150929	0.01437965776	
-1.566738369		0.6976384996	0.01406605447	
-1.5516008		0.6943519259	0.01375772807	
-1.536463232		0.6910565012	0.01345476112	
-1.521325663		0.6877533918	0.0131572265	
-1.506188094		0.6844437999	0.01286518748	
-1.491050525		0.6811289629	0.01257869778	
-1.475912956		0.6778101522	0.01229780171	
-1.460775388		0.6744886718	0.01202253434	
-1.445637819		0.6711658573	0.01175292166	
-1.43050025		0.6678430742	0.01148898085	
-1.415362681		0.6645217165	0.01123072051	
-1.400225113		0.6612032046	0.01097814099	
-1.385087544		0.6578889836	0.01073123464	
-1.369949975		0.6545805213	0.01048998622	
-1.354812406		0.651279306	0.01025437315	
-1.339674837		0.6479868443	0.01002436599	
-1.324537269		0.6447046583	0.009799928703	
-1.3093997		0.6414342838	0.009581019115	
-1.294262131		0.6381772669	0.009367589266	
-1.279124562		0.6349351617	0.009159585812	
-1.263986993		0.6317095272	0.008956950407	
-1.248849425		0.6285019238	0.008759620089	
-1.233711856		0.62531391	0.008567527655	
-1.218574287		0.6221470369	0.008380602012	
-1.203436718		0.6190028424	0.008198768504	
-1.18829915		0.6158828396	0.008021949181	
-1.173161581		0.6127884984	0.007850062956	
-1.158024012		0.6097212094	0.00768302556	
-1.142886443		0.6066822123	0.007520749085	
-1.127748874		0.6036724538	0.007363140712	
-1.112611306		0.6006922977	0.007210099825	
-1.097473737		0.5977409484	0.007061512018	
-1.082336168		0.5948153373	0.00691723743	
-1.067198599		0.5919081447	0.006777090302	
-1.052061031		0.5890049822	0.006640810954	
-1.036923462		0.5860829225	0.006508055305	
-1.021785893		0.5831185211	0.00637848919	
-1.006648324		0.5801161085	0.006252092818	
-0.9915107554		0.5771361085	0.006129438846	
-0.9763731866		0.5742627534	0.00601131197	
-0.9612356178		0.571534479	0.00589797568	
-0.946098049		0.5689356404	0.00578912456	
-0.9309604802		0.5664346748	0.005684306741	
-0.9158229115		0.5640075982	0.005583166691	
-0.9006853427		0.5616409302	0.005485467525	
-0.8855477739		0.5593281643	0.005391049312	
-0.8704102051		0.557066505	0.0052997932	
-0.8552726363		0.5548549435	0.005211600852	
-0.8401350675		0.5526932769	0.005126384215	
-0.8249974987		0.5505816388	0.005044060719	
-0.80985993		0.54852028	0.0049645511	
-0.7947223612		0.5465094679	0.004887778432	
-0.7795847924		0.5445494404	0.004813667706	
-0.7644472236		0.542640385	0.004742145655	
-0.7493096548		0.5407824295	0.004673140682	
-0.734172086		0.538975638	0.004606582841	
-0.7190345173		0.5372200095	0.004542403826	
-0.7038969485		0.5355154773	0.004480536971	
-0.6887593797		0.53386191	0.004420917253	
-0.6736218109		0.5322591117	0.004363481286	
-0.6584842421		0.5307068229	0.004308167321	
-0.6433466733		0.5292047221	0.004254915234	
-0.6282091046		0.5277524266	0.00420366652	
-0.6130715358		0.5263494941	0.004154364279	
-0.597933967		0.5249954241	0.0041069532	
-0.5827963982		0.5236896594	0.004061379549	
-0.5676588294		0.5224315877	0.004017591146	
-0.5525212606		0.5212205434	0.003975537348	
-0.5373836918		0.5200558094	0.003935169028	
-0.5222461231		0.5189366187	0.003896438548	
-0.5071085543		0.5178621565	0.003859299743	
-0.4919709855		0.5168315617	0.003823707889	
-0.4768334167		0.5158439294	0.003789619683	
-0.4616958479		0.514898312	0.003756993215	
-0.4465582791		0.5139937218	0.003725787941	
-0.4314207104		0.5131291326	0.00369596466	
-0.4162831416		0.5123034815	0.00366748548	
-0.4011455728		0.511515671	0.003640313798	
-0.386008004		0.5107645709	0.003614414268	
-0.3708704352		0.5100490195	0.003589752775	
-0.3557328664		0.5093678261	0.003566296408	
-0.3405952976		0.5087197726	0.003544013429	
-0.3254577289		0.5081036147	0.003522873252	
-0.3103201601		0.5075180841	0.00350284641	
-0.2951825913		0.5069618899	0.003483904531	
-0.2800450225		0.5064337198	0.00346602031	
-0.2649074537		0.5059322423	0.003449167486	
-0.2497698849		0.5054561075	0.003433320809	
-0.2346323162		0.5050039487	0.003418456021	
-0.2194947474		0.5045743837	0.003404549829	
-0.2043571786		0.5041660161	0.003391579878	
-0.1892196098		0.5037774366	0.003379524727	
-0.174082041		0.5034072238	0.003368363829	
-0.1589444722		0.5030539457	0.003358077501	
-0.1438069035		0.5027161605	0.003348646906	
-0.1286693347		0.5023924177	0.003340054028	
-0.1135317659		0.5020812592	0.003332281651	
-0.0983941971		0.50178122	0.003325313337	
-0.08325662831		0.5014908292	0.003319133402	
-0.06811905953		0.5012086107	0.003313726901	
-0.05298149075		0.5009330844	0.003309079602	
-0.03784392196		0.5006627666	0.00330517797	
-0.02270635318		0.5003961712	0.003302009145	
-0.007568784392		0.5001318098	0.003299560926	
0.007568784392		0.4998681932	0.003297821748	
0.02270635318		0.4996038318	0.003296780669	
0.03784392196		0.4993372363	0.003296427349	
0.05298149075		0.4990669186	0.003296752034	
0.06811905953		0.4987913923	0.00329774554	
0.08325662831		0.4985091738	0.003299399233	
0.0983941971		0.4982187828	0.003301705018	
0.1135317659		0.4979187435	0.003304655317	
0.1286693347		0.4976075849	0.003308243061	
0.1438069035		0.4972838419	0.003312461668	
0.1589444722		0.4969460564	0.003317305032	
0.174082041		0.4965927779	0.003322767508	
0.1892196098		0.4962225645	0.003328843895	
0.2043571786		0.4958339843	0.003335529426	
0.2194947474		0.4954256159	0.003342819751	
0.2346323162		0.49499605	0.003350710925	
0.2497698849		0.49454389	0.003359199393	
0.2649074537		0.4940677538	0.003368281977	
0.2800450225		0.4935662749	0.003377955865	
0.2951825913		0.4930381033	0.003388218593	
0.3103201601		0.4924819073	0.003399068037	
0.3254577289		0.491896375	0.003410502398	
0.3405952976		0.4912802154	0.003422520187	
0.3557328664		0.4906321603	0.003435120214	
0.3708704352		0.4899509656	0.003448301575	
0.386008004		0.489235413	0.003462063637	
0.4011455728		0.4884843121	0.003476406029	
0.4162831416		0.4876965014	0.003491328622	
0.4314207104		0.4868708507	0.003506831521	
0.4465582791		0.4860062625	0.003522915048	
0.4616958479		0.4851016741	0.003539579732	
0.4768334167		0.4841560595	0.003556826288	
0.4919709855		0.4831684307	0.00357465561	
0.5071085543		0.4821378406	0.003593068749	
0.5222461231		0.4810633838	0.003612066905	
0.5373836918		0.4799441994	0.003631651405	
0.5525212606		0.4787794723	0.003651823689	
0.5676588294		0.4775684354	0.003672585296	
0.5827963982		0.4763103713	0.003693937842	
0.597933967		0.4750046141	0.003715883007	
0.6130715358		0.4736505512	0.003738422513	
0.6282091046		0.472247625	0.003761558106	
0.6433466733		0.4707953346	0.003785291538	
0.6584842421		0.4692932373	0.003809624546	
0.6736218109		0.46774095	0.003834558828	
0.6887593797		0.4661381507	0.003860096025	
0.7038969485		0.46448458	0.003886237696	
0.7190345173		0.4627800416	0.003912985292	
0.734172086		0.461024404	0.003940340136	
0.7493096548		0.4592176007	0.00396830339	
0.7644472236		0.457359631	0.003996876028	
0.7795847924		0.4554505592	0.004026058802	
0.7947223612		0.4534905138	0.004055852188	
0.80985993		0.4514796829	0.004086256323	
0.8249974987		0.4494183051	0.004117270877	
0.8401350675		0.4473066488	0.004148894821	
0.8552726363		0.4451449656	0.004181125935	
0.8704102051		0.44293339	0.004213959766	
0.8855477739		0.4406717201	0.004247387366	
0.9006853427		0.4383589476	0.0042813904	
0.9158229115		0.4359922777	0.004315930806	
0.9309604802		0.4335652041	0.00435093012	
0.946098049		0.4310642467	0.00438623347	
0.9612356178		0.4284654212	0.004421567732	
0.9763731866		0.4257371646	0.004456563685	
0.9915107554		0.422863831	0.004490998603	
1.006648324		0.4198838556	0.004525218525	
1.021785893		0.4168814696	0.004560090359	
1.036923462		0.4139170956	0.004596268457	
1.052061031		0.410995063	0.00463381403	
1.067198599		0.4080919261	0.004672473023	
1.082336168		0.4051847563	0.004711980339	
1.097473737		0.4022591643	0.004752153909	
1.112611306		0.3993078295	0.004792883936	
1.127748874		0.3963276827	0.004834104584	
1.142886443		0.393317928	0.004875773227	
1.158024012		0.3902789293	0.004917858478	
1.173161581		0.3872116332	0.004960333854	
1.18829915		0.3841172802	0.005003174559	
1.203436718		0.3809972614	0.005046355855	
1.218574287		0.3778530475	0.005089852242	
1.233711856		0.3746861528	0.005133637037	
1.248849425		0.3714981159	0.005177682157	
1.263986993		0.3682904891	0.005221957998	
1.279124562		0.3650648319	0.005266433367	
1.294262131		0.3618227056	0.005311075448	
1.3093997		0.3585656698	0.005355849781	
1.324537269		0.3552952793	0.005400720254	
1.339674837		0.3520130807	0.005445649111	
1.354812406		0.3487206098	0.005490596964	
1.369949975		0.345419389	0.005535522819	
1.385087544		0.3421109248	0.005580384109	
1.400225113		0.3387967052	0.005625136739	
1.415362681		0.3354781976	0.005669735143	
1.43050025		0.3321568467	0.005714132352	
1.445637819		0.3288340726	0.005758280068	
1.460775388		0.3255112685	0.005802128755	
1.475912956		0.3221897995	0.005845627743	
1.491050525		0.3188710006	0.005888725333	
1.506188094		0.3155561755	0.005931368927	
1.521325663		0.3122465951	0.005973505155	
1.536463232		0.3089434963	0.006015080023	
1.5516008		0.3056480813	0.006056039061	
1.566738369		0.3023615159	0.006096327489	
1.581875938		0.2990849297	0.006135890382	
1.597013507		0.2958194143	0.006174672849	
1.612151076		0.2925660239	0.00621262021	
1.627288644		0.2893257739	0.006249678185	
1.642426213		0.2860996412	0.006285793083	
1.657563782		0.2828885638	0.006320911988	
1.672701351		0.2796934404	0.006354982954	
1.687838919		0.2765151309	0.006387955194	
1.702976488		0.2733544563	0.006419779265	
1.718114057		0.2702121986	0.006450407253	
1.733251626		0.2670891015	0.00647979295	
1.748389195		0.2639858705	0.006507892026	
1.763526763		0.2609031733	0.00653466219	
1.778664332		0.2578416403	0.006560063347	
1.793801901		0.2548018652	0.006584057737	
1.80893947		0.2517844057	0.006606610072	
1.824077039		0.2487897838	0.006627687651	
1.839214607		0.2458184868	0.006647260469	
1.854352176		0.2428709678	0.006665301308	
1.869489745		0.2399476466	0.006681785817	
1.884627314		0.2370489106	0.006696692576	
1.899764882		0.2341751153	0.006710003141	
1.914902451		0.2313265854	0.006721702082	
1.93004002		0.2285036155	0.006731776997	
1.945177589		0.225706471	0.006740218521	
1.960315158		0.2229353891	0.006747020311	
1.975452726		0.2201905795	0.006752179024	
1.990590295		0.2174722255	0.006755694275	
2.005727864		0.2147804845	0.00675756859	
2.020865433		0.2121154895	0.006757807339	
2.036003002		0.2094773494	0.006756418663	
2.05114057		0.2068661503	0.006753413388	
2.066278139		0.2042819561	0.006748804928	
2.081415708		0.2017248096	0.006742609184	
2.096553277		0.1991947333	0.006734844431	
2.111690845		0.19669173	0.006725531199	
2.126828414		0.1942157842	0.00671469215	
2.141965983		0.1917668625	0.006702351948	
2.157103552		0.1893449143	0.00668853713	
2.172241121		0.1869498733	0.006673275965	
2.187378689		0.1845816574	0.006656598322	
2.202516258		0.1822401702	0.00663853553	
2.217653827		0.1799253015	0.006619120239	
2.232791396		0.1776369279	0.006598386283	
2.247928964		0.1753749137	0.006576368547	
2.263066533		0.1731391118	0.006553102827	
2.278204102		0.1709293639	0.006528625706	
2.293341671		0.1687455017	0.006502974419	
2.30847924		0.1665873472	0.006476186736	
2.323616808		0.1644547137	0.006448300836	
2.338754377		0.1623474059	0.006419355197	
2.353891946		0.1602652212	0.006389388481	
2.369029515		0.1582079497	0.006358439435	
2.384167084		0.1561753749	0.006326546786	
2.399304652		0.1541672746	0.006293749151	
2.414442221		0.1521834211	0.006260084949	
2.42957979		0.1502235818	0.006225592314	
2.444717359		0.1482875196	0.006190309026	
2.459854927		0.1463749937	0.006154272435	
2.474992496		0.1444857597	0.006117519399	
2.490130065		0.1426195702	0.006080086226	
2.505267634		0.1407761753	0.006042008614	
2.520405203		0.1389553228	0.006003321614	
2.535542771		0.1371567591	0.005964059576	
2.55068034		0.1353802287	0.005924256121	
2.565817909		0.1336254753	0.005883944103	
2.580955478		0.131892242	0.00584315558	
2.596093047		0.1301802714	0.005801921797	
2.611230615		0.128489306	0.00576027316	
2.626368184		0.1268190887	0.005718239224	
2.641505753		0.1251693626	0.005675848685	
2.656643322		0.1235398719	0.005633129364	
2.67178089		0.1219303616	0.00559010821	
2.686918459		0.120340578	0.005546811297	
2.702056028		0.1187702689	0.005503263823	
2.717193597		0.1172191838	0.005459490118	
2.732331166		0.1156870738	0.005415513647	
2.747468734		0.1141736923	0.00537135702	
2.762606303		0.1126787947	0.005327042006	
2.777743872		0.111202139	0.005282589538	
2.792881441		0.1097434853	0.005238019737	
2.80801901		0.1083025967	0.005193351918	
2.823156578		0.1068792386	0.005148604614	
2.838294147		0.1054731796	0.005103795588	
2.853431716		0.1040841909	0.005058941856	
2.868569285		0.1027120468	0.005014059704	
2.883706853		0.1013565248	0.004969164709	
2.898844422		0.1000174052	0.004924271758	
2.913981991		0.09869447168	0.00487939507	
2.92911956		0.09738751107	0.004834548217	
2.944257129		0.09609631339	0.004789744144	
2.959394697		0.09482067191	0.00474499519	
2.974532266		0.09356038318	0.004700313111	
2.989669835		0.09231524699	0.004655709098	
3.004807404		0.09108506638	0.004611193801	
3.019944972		0.08986964765	0.004566777346	
3.035082541		0.08866880034	0.004522469356	
3.05022011		0.08748233717	0.004478278973	
3.065357679		0.08631007403	0.004434214872	
3.080495248		0.08515182997	0.004390285288	
3.095632816		0.08400742712	0.004346498025	
3.110770385		0.08287669065	0.00430286048	
3.125907954		0.08175944875	0.004259379659	
3.141045523		0.08065553254	0.004216062191	
3.156183092		0.07956477604	0.004172914348	
3.17132066		0.07848701609	0.004129942059	
3.186458229		0.07742209229	0.004087150924	
3.201595798		0.07636984695	0.004044546229	
3.216733367		0.075330125	0.004002132962	
3.231870935		0.07430277397	0.003959915824	
3.247008504		0.07328764385	0.003917899242	
3.262146073		0.0722845871	0.003876087384	
3.277283642		0.0712934585	0.003834484168	
3.292421211		0.07031411517	0.003793093275	
3.307558779		0.06934641644	0.003751918159	
3.322696348		0.06839022382	0.003710962059	
3.337833917		0.0674454009	0.003670228008	
3.352971486		0.06651181332	0.003629718844	
3.368109055		0.06558932873	0.003589437217	
3.383246623		0.06467781667	0.0035493856	
3.398384192		0.06377714855	0.003509566298	
3.413521761		0.06288719761	0.003469981454	
3.42865933		0.06200783887	0.003430633061	
3.443796898		0.06113894903	0.003391522964	
3.458934467		0.0602804065	0.003352652873	
3.474072036		0.0594320913	0.003314024366	
3.489209605		0.05859388504	0.003275638899	
3.504347174		0.05776567092	0.00323749781	
3.519484742		0.05694733361	0.003199602327	
3.534622311		0.05613875931	0.003161953573	
3.54975988		0.05533983565	0.003124552572	
3.564897449		0.05455045172	0.003087400257	
3.580035018		0.05377049801	0.003050497471	
3.595172586		0.05299986637	0.003013844975	
3.610310155		0.05223845004	0.002977443454	
3.625447724		0.05148614361	0.002941293519	
3.640585293		0.05074284297	0.002905395713	
3.655722861		0.05000844534	0.002869750516	
3.67086043		0.04928284924	0.002834358346	
3.685997999		0.04856595448	0.00279921957	
3.701135568		0.04785766211	0.002764334499	
3.716273137		0.04715787449	0.002729703397	
3.731410705		0.04646649519	0.002695326485	
3.746548274		0.04578342906	0.002661203942	
3.761685843		0.04510858217	0.002627335907	
3.776823412		0.04444186182	0.002593722486	
3.79196098		0.04378317653	0.002560363751	
3.807098549		0.04313243601	0.002527259745	
3.822236118		0.04248955118	0.00249441048	
3.837373687		0.04185443411	0.002461815943	
3.852511256		0.04122699795	0.002429476089	
3.867648824		0.04060715682	0.002397390843	
3.882786393		0.03999482562	0.002365560083	
3.897923962		0.03938991951	0.002333983615	
3.913061531		0.03879235305	0.002302661128	
3.9281991		0.03820203863	0.002271592092	
3.943336668		0.03761888401	0.002240775622	
3.958474237		0.03704279028	0.002210210345	
3.973611806		0.03647365592	0.00217989465	
3.988749375		0.03591139784	0.002149827939	
4.003886943		0.0353559828	0.002120012528	
4.019024512		0.03480741619	0.002090452995	
4.034162081		0.03426567582	0.002061152214	
4.04929965		0.03373068365	0.002032109643	
4.064437219		0.03320233767	0.002003323215	
4.079574787		0.03268054098	0.001974791096	
4.094712356		0.03216520852	0.001946512084	
4.109849925		0.03165626413	0.001918485441	
4.124987494		0.03115363701	0.001890710686	
4.140125063		0.03065725951	0.00186318746	
4.155262631		0.03016706599	0.001835915459	
4.1704002		0.02968299222	0.001808894397	
4.185537769		0.02920497512	0.001782123996	
4.200675338		0.02873295265	0.001755603974	
4.215812906		0.02826686372	0.001729334045	
4.230950475		0.02780664815	0.001703313914	
4.246088044		0.02735224667	0.001677543279	
4.261225613		0.02690360085	0.001652021828	
4.276363182		0.02646065316	0.00162674924	
4.29150075		0.02602334686	0.001601725185	
4.306638319		0.02559162606	0.001576949321	
4.321775888		0.02516543568	0.001552421295	
4.336913457		0.02474472142	0.001528140745	
4.352051026		0.02432942974	0.001504107295	
4.367188594		0.0239195079	0.001480320558	
4.382326163		0.02351490386	0.001456780132	
4.397463732		0.02311556635	0.001433485605	
4.412601301		0.02272144477	0.001410436549	
4.427738869		0.02233248925	0.001387632522	
4.442876438		0.0219486506	0.001365073068	
4.458014007		0.02156988028	0.001342757716	
4.473151576		0.02119613042	0.001320685977	
4.488289145		0.02082735378	0.00129885735	
4.503426713		0.02046350375	0.001277271314	
4.518564282		0.02010453432	0.001255927332	
4.533701851		0.01975040008	0.001234824851	
4.54883942		0.01940105621	0.001213963299	
4.563976988		0.01905645844	0.001193342086	
4.579114557		0.01871656308	0.001172960605	
4.594252126		0.01838132695	0.001152818228	
4.609389695		0.01805070742	0.001132914311	
4.624527264		0.01772466236	0.001113248188	
4.639664832		0.01740315017	0.001093819176	
4.654802401		0.01708612971	0.00107462657	
4.66993997		0.01677356034	0.001055669647	
4.685077539		0.01646540187	0.001036947664	
4.700215108		0.01616161459	0.001018459856	
4.715352676		0.0158621592	0.001000205441	
4.730490245		0.01556699687	0.000982183614	
4.745627814		0.01527608918	0.0009643935513	
4.760765383		0.01498939811	0.0009468344083	
4.775902951		0.01470688605	0.0009295053205	
4.79104052		0.01442851581	0.0009124054032	
4.806178089		0.01415425054	0.0008955337513	
4.821315658		0.0138840538	0.0008788894403	
4.836453227		0.01361788949	0.0008624715253	
4.851590795		0.0133557219	0.0008462790423	
4.866728364		0.01309751565	0.0008303110076	
4.881865933		0.01284323568	0.0008145664181	
4.897003502		0.01259284732	0.0007990442523	
4.912141071		0.01234631617	0.0007837434695	
4.927278639		0.01210360819	0.000768663011	
4.942416208		0.01186468963	0.0007538017997	
4.957553777		0.01162952705	0.0007391587412	
4.972691346		0.01139808732	0.0007247327234	
4.987828914		0.0111703376	0.0007105226176	
5.002966483		0.01094624532	0.0006965272783	
5.018104052		0.01072577823	0.0006827455439	
5.033241621		0.01050890431	0.0006691762371	
5.04837919		0.01029559186	0.0006558181654	
5.063516758		0.0100858094	0.0006426701213	
5.078654327		0.009879525742	0.0006297308831	
5.093791896		0.009676709947	0.0006169992152	
5.108929465		0.009477331329	0.0006044738687	
5.124067034		0.009281359466	0.0005921535827	
5.139204602		0.009088758272	0.000580036708	
5.154342171		0.008899509458	0.0005681227001	
5.16947974		0.008713577566	0.0005564098962	
5.184617309		0.008530933109	0.0005448969876	
5.199754877		0.008351546827	0.0005335826548	
5.214892446		0.008175389683	0.0005224655682	
5.230030015		0.008002432858	0.0005115443885	
5.245167584		0.007832647747	0.0005008177672	
5.260305153		0.007666005957	0.0004902843469	
5.275442721		0.007502479301	0.0004799427622	
5.29058029		0.007342039798	0.0004697916398	
5.305717859		0.007184659668	0.0004598295993	
5.320855428		0.007030311331	0.0004500552537	
5.335992996		0.006878967402	0.00044046721	
5.351130565		0.006730600696	0.0004310640698	
5.366268134		0.006585184219	0.0004218444301	
5.381405703		0.006442691174	0.0004128068838	
5.396543272		0.006303094955	0.0004039500205	
5.41168084		0.006166369153	0.0003952724276	
5.426818409		0.006032487554	0.0003867726905	
5.441955978		0.005901424139	0.0003784493937	
5.457093547		0.005773153087	0.0003703011218	
5.472231116		0.005647648779	0.00036232646	
5.487368684		0.005524885792	0.0003545239951	
5.502506253		0.00540483891	0.0003468923159	
5.517643822		0.005287483119	0.0003394300145	
5.532781391		0.00517279361	0.0003321356864	
5.547918959		0.005060745779	0.0003250079312	
5.563056528		0.004951315226	0.000318045353	
5.578194097		0.004844477754	0.000311246561	
5.593331666		0.004740209365	0.0003046101692	
5.608469235		0.004638486258	0.0002981347971	
5.623606803		0.004539284823	0.0002918190688	
5.638744372		0.004442581633	0.0002856616138	
5.653881941		0.004348353439	0.000279661066	
5.66901951		0.004256577161	0.0002738160635	
5.684157079		0.004167229881	0.0002681252486	
5.699294647		0.00408028883	0.0002625872668	
5.714432216		0.003995731383	0.000257200767	
5.729569785		0.00391353505	0.0002519644008	
5.744707354		0.00383367747	0.0002468768229	
5.759844922		0.003756136402	0.0002419366903	
5.774982491		0.003680889728	0.0002371426635	
5.79012006		0.003607915444	0.0002324934058	
5.805257629		0.003537191665	0.000227987585	
5.820395198		0.003468696619	0.000223623873	
5.835532766		0.003402408642	0.0002194009463	
5.850670335		0.003338306149	0.0002153174851	
5.865807904		0.003276367571	0.00021137217	
5.880945473		0.003216571193	0.0002075636715	
5.896083042		0.00315889479	0.0002038906282	
5.91122061		0.003103314825	0.0002003515947	
5.926358179		0.003049804807	0.0001969449362	
5.941495748		0.002998332243	0.0001936686317	
5.956633317		0.002948854422	0.000190520001	
5.971770885		0.00290131743	0.0001874956405	
5.986908454		0.002855671935	0.0001845924421	
6.002046023		0.002811913286	0.0001818101862	
6.017183592		0.002770098524	0.0001791526449	
6.032321161		0.002730287169	0.0001766237561	
6.047458729		0.002692483133	0.0001742238651	
6.062596298		0.002656648346	0.0001719506008	
6.077733867		0.002622737209	0.0001698011022	
6.092871436		0.002590711427	0.0001677729783	
6.108009005		0.002560540739	0.0001658643552	
6.123146573		0.002532200145	0.0001640736972	
6.138284142		0.002505667561	0.0001623996546	
6.153421711		0.002480922395	0.0001608409724	
6.16855928		0.002457944783	0.0001593964403	
6.183696848		0.002436715199	0.000158064868	
6.198834417		0.002417214262	0.0001568450729	
6.213971986		0.002399422641	0.0001557358739	
6.229109555		0.00238332102	0.0001547360901	
6.244247124		0.002368890075	0.0001538445388	
6.259384692		0.002356110481	0.0001530600365	
6.274522261		0.002344962911	0.0001523813989	
6.28965983		0.002335428047	0.0001518074419	
6.304797399		0.002327486583	0.0001513369814	
6.319934967		0.00232111924	0.0001509688346	
6.335072536		0.002316306762	0.0001507018192	
6.350210105		0.002313029931	0.0001505347542	
6.365347674		0.002311269555	0.0001504664595	
6.380485243		0.00231100648	0.0001504957554	
6.395622811		0.002312221582	0.0001506214624	
6.41076038		0.002314895763	0.0001508424005	
6.425897949		0.00231900995	0.0001511573885	
6.441035518		0.00232454509	0.0001515652438	
6.456173087		0.002331482143	0.0001520647812	
6.471310655		0.002339802081	0.0001526548127	
6.486448224		0.002349485885	0.0001533341471	
6.501585793		0.002360514545	0.0001541015896	
6.516723362		0.002372869056	0.0001549559413	
6.53186093		0.002386530428	0.0001558959996	
6.546998499		0.00240147968	0.0001569205578	
6.562136068		0.002417697858	0.000158028406	
6.577273637		0.002435166036	0.0001592183305	
6.592411206		0.002453865328	0.0001604891154	
6.607548774		0.002473776899	0.000161839542	
6.622686343		0.002494881984	0.0001632683907	
6.637823912		0.002517161892	0.000164774441	
6.652961481		0.002540598035	0.0001663564725	
6.66809905		0.002565171931	0.0001680132661	
6.683236618		0.002590865234	0.0001697436045	
6.698374187		0.002617659739	0.0001715462733	
6.713511756		0.002645537407	0.0001734200621	
6.728649325		0.002674480379	0.000175363765	
6.743786893		0.002704470991	0.0001773761818	
6.758924462		0.00273549179	0.0001794561184	
6.774062031		0.002767525552	0.000181602388	
6.7891996		0.002800555288	0.0001838138112	
6.804337169		0.002834564267	0.0001860892173	
6.819474737		0.002869536013	0.0001884274441	
6.834612306		0.002905454331	0.0001908273387	
6.849749875		0.002942303302	0.0001932877578	
6.864887444		0.002980067299	0.0001958075679	
6.880025013		0.003018730987	0.0001983856454	
6.895162581		0.003058279334	0.000201020877	
6.91030015		0.003098697605	0.0002037121591	
6.925437719		0.003139971376	0.0002064583984	
6.940575288		0.003182086522	0.0002092585113	
6.955712856		0.003225029225	0.0002121114238	
6.970850425		0.003268785968	0.000215016071	
6.985987994		0.003313343533	0.0002179713971	
7.001125563		0.003358688995	0.0002209763546	
7.016263132		0.003404809721	0.0002240299038	
7.0314007		0.003451693356	0.0002271310123	
7.046538269		0.003499327824	0.0002302786547	
7.061675838		0.003547701312	0.0002334718112	
7.076813407		0.003596802268	0.0002367094674	
7.091950975		0.003646619381	0.0002399906133	
7.107088544		0.003697141581	0.0002433142425	
7.122226113		0.00374835802	0.0002466793513	
7.137363682		0.003800258064	0.0002500849381	
7.152501251		0.003852831275	0.0002535300019	
7.167638819		0.003906067406	0.0002570135419	
7.182776388		0.003959956378	0.0002605345563	
7.197913957		0.004014488275	0.0002640920414	
7.213051526		0.004069653323	0.0002676849905	
7.228189095		0.004125441881	0.0002713123933	
7.243326663		0.004181844422	0.0002749732342	
7.258464232		0.004238851522	0.0002786664922	
7.273601801		0.004296453844	0.0002823911393	
7.28873937		0.004354642127	0.0002861461401	
7.303876938		0.004413407164	0.0002899304505	
7.319014507		0.0044727398	0.000293743017	
7.334152076		0.004532630906	0.0002975827758	
7.349289645		0.004593071377	0.0003014486524	
7.364427214		0.004654052111	0.0003053395599	
7.379564782		0.004715564001	0.0003092543995	
7.394702351		0.004777597921	0.0003131920588	
7.40983992		0.004840144719	0.0003171514121	
7.424977489		0.004903195199	0.0003211313189	
7.440115058		0.004966740118	0.0003251306244	
7.455252626		0.00503077017	0.0003291481581	
7.470390195		0.005095275985	0.0003331827343	
7.485527764		0.005160248112	0.0003372331511	
7.500665333		0.005225677018	0.0003412981905	
7.515802901		0.005291553075	0.0003453766182	
7.53094047		0.005357866562	0.0003494671833	
7.546078039		0.00542460765	0.0003535686183	
7.561215608		0.005491766405	0.0003576796394	
7.576353177		0.005559332776	0.000361798946	
7.591490745		0.0056272966	0.0003659252214	
7.606628314		0.005695647589	0.0003700571326	
7.621765883		0.005764375339	0.0003741933305	
7.636903452		0.005833469314	0.0003783324506	
7.652041021		0.005902918862	0.0003824731131	
7.667178589		0.005972713195	0.0003866139231	
7.682316158		0.006042841407	0.0003907534717	
7.697453727		0.006113292461	0.0003948903358	
7.712591296		0.006184055199	0.0003990230795	
7.727728864		0.006255118333	0.0004031502535	
7.742866433		0.00632647046	0.0004072703973	
7.758004002		0.006398100053	0.0004113820385	
7.773141571		0.006469995469	0.0004154836946	
7.78827914		0.00654214495	0.0004195738728	
7.803416708		0.006614536629	0.0004236510721	
7.818554277		0.006687158527	0.0004277137828	
7.833691846		0.006759998568	0.0004317604883	
7.848829415		0.006833044567	0.0004357896656	
7.863966983		0.006906284253	0.0004397997865	
7.879104552		0.006979705255	0.0004437893179	
7.894242121		0.007053295121	0.0004477567239	
7.90937969		0.007127041313	0.0004517004654	
7.924517259		0.007200931215	0.0004556190022	
7.939654827		0.007274952138	0.0004595107933	
7.954792396		0.007349091324	0.0004633742983	
7.969929965		0.007423335947	0.000467207978	
7.985067534		0.007497673123	0.0004710102958	
8.000205103		0.007572089906	0.000474779718	
8.015342671		0.007646573303	0.0004785147156	
8.03048024		0.007721110264	0.0004822137645	
8.045617809		0.007795687696	0.0004858753467	
8.060755378		0.007870292459	0.0004894979512	
8.075892946		0.007944911374	0.0004930800749	
8.091030515		0.008019531218	0.0004966202233	
8.106168084		0.008094138734	0.0005001169115	
8.121305653		0.008168720623	0.0005035686645	
8.136443222		0.008243263554	0.0005069740186	
8.15158079		0.008317754157	0.0005103315217	
8.166718359		0.008392179027	0.000513639734	
8.181855928		0.00846652472	0.0005168972286	
8.196993497		0.008540777757	0.0005201025924	
8.212131066		0.008614924615	0.0005232544262	
8.227268634		0.008688951732	0.0005263513458	
8.242406203		0.008762845499	0.0005293919816	
8.257543772		0.008836592262	0.0005323749802	
8.272681341		0.008910178313	0.0005352990037	
8.287818909		0.008983589893	0.0005381627312	
8.302956478		0.009056813177	0.000540964858	
8.318094047		0.009129834286	0.0005437040969	
8.333231616		0.009202639263	0.0005463791779	
8.348369185		0.009275214086	0.0005489888489	
8.363506753		0.009347544649	0.0005515318755	
8.378644322		0.009419616766	0.000554007042	
8.393781891		0.009491416158	0.0005564131506	
8.40891946		0.009562928458	0.0005587490226	
8.424057029		0.009634139191	0.0005610134979	
8.439194597		0.009705033786	0.0005632054359	
8.454332166		0.009775597552	0.0005653237148	
8.469469735		0.009845815693	0.0005673672328	
8.484607304		0.009915673282	0.0005693349074	
8.499744872		0.009985155277	0.0005712256765	
8.514882441		0.0100542465	0.0005730384977	
8.53002001		0.01012293164	0.0005747723493	
8.545157579		0.01019119525	0.0005764262297	
8.560295148		0.01025902175	0.0005779991588	
8.575432716		0.0103263954	0.0005794901768	
8.590570285		0.01039330033	0.0005808983459	
8.605707854		0.0104597205	0.0005822227493	
8.620845423		0.01052563976	0.0005834624924	
8.635982991		0.01059104175	0.0005846167024	
8.65112056		0.01065591002	0.0005856845293	
8.666258129		0.01072022791	0.0005866651453	
8.681395698		0.01078397863	0.000587557746	
8.696533267		0.01084714526	0.00058836155	
8.711670835		0.01090971068	0.0005890757999	
8.726808404		0.01097165765	0.0005896997617	
8.741945973		0.01103296877	0.0005902327262	
8.757083542		0.01109362648	0.0005906740085	
8.772221111		0.01115361308	0.0005910229486	
8.787358679		0.01121291072	0.0005912789119	
8.802496248		0.01127150141	0.0005914412893	
8.817633817		0.011329367	0.0005915094973	
8.832771386		0.01138648921	0.0005914829785	
8.847908954		0.01144284959	0.0005913612012	
8.863046523		0.01149842954	0.000591143659	
8.878184092		0.01155321024	0.0005908298691	
8.893321661		0.01160717261	0.0005904193695	
8.90845923		0.01166029714	0.0005899117116	
8.923596798		0.01171256367	0.0005893064474	
8.938734367		0.01176395085	0.000588603108	
8.953871936		0.01181443574	0.00058780118	
8.969009505		0.01186399394	0.000586900118	
8.984147074		0.01191260264	0.0005858994963	
8.999284642		0.01196024719	0.0005847993262	
9.014422211		0.0120069229	0.0005836001331	
9.02955978		0.01205262358	0.0005823023888	
9.044697349		0.01209733144	0.0005809060276	
9.059834917		0.01214102095	0.0005794106467	
9.074972486		0.01218366598	0.0005778158583	
9.090110055		0.01222524241	0.0005761214129	
9.105247624		0.01226572794	0.0005743271862	
9.120385193		0.01230510124	0.0005724331403	
9.135522761		0.01234334152	0.0005704392996	
9.15066033		0.01238042819	0.0005683457359	
9.165797899		0.01241634074	0.0005661525633	
9.180935468		0.0124510587	0.0005638599347	
9.196073037		0.01248456158	0.0005614680418	
9.211210605		0.01251682888	0.0005589771147	
9.226348174		0.0125478401	0.0005563874227	
9.241485743		0.01257757473	0.0005536992746	
9.256623312		0.01260601228	0.0005509130203	
9.27176088		0.01263313227	0.0005480290506	
9.286898449		0.01265891423	0.0005450477993	
9.302036018		0.01268333775	0.0005419697431	
9.317173587		0.01270638243	0.0005387954034	
9.332311156		0.01272802797	0.0005355253469	
9.347448724		0.0127482541	0.0005321601873	
9.362586293		0.01276704063	0.0005287005856	
9.377723862		0.0127843675	0.0005251472519	
9.392861431		0.01280021471	0.0005215009463	
9.407998999		0.01281456239	0.0005177624804	
9.423136568		0.01282739081	0.0005139327183	
9.438274137		0.01283868039	0.000510012578	
9.453411706		0.01284841169	0.0005060030324	
9.468549275		0.01285656546	0.0005019051112	
9.483686843		0.01286312263	0.0004977199017	
9.498824412		0.01286806435	0.0004934485503	
9.513961981		0.01287137199	0.0004890922638	
9.52909955		0.01287302716	0.0004846523107	
9.544237119		0.01287301174	0.0004801300223	
9.559374687		0.01287130786	0.0004755267944	
9.574512256		0.01286789798	0.000470844088	
9.589649825		0.01286276487	0.0004660834311	
9.604787394		0.01285589161	0.0004612464188	
9.619924962		0.01284726169	0.0004563347158	
9.635062531		0.01283685892	0.0004513500559	
9.6502001		0.01282466756	0.0004462942443	
9.665337669		0.01281067226	0.0004411691572	
9.680475238		0.01279485813	0.0004359767434	
9.695612806		0.01277721075	0.0004307190244	
9.710750375		0.01275771618	0.0004253980953	
9.725887944		0.01273636101	0.0004200161245	
9.741025513		0.01271313237	0.0004145753546	
9.756163082		0.01268801795	0.0004090781018	
9.77130065		0.01266100602	0.0004035267563	
9.786438219		0.01263208548	0.0003979237813	
9.801575788		0.01260124587	0.000392271713	
9.816713357		0.01256847738	0.0003865731596	
9.831850925		0.01253377093	0.0003808308002	
9.846988494		0.01249711811	0.0003750473836	
9.862126063		0.01245851128	0.0003692257269	
9.877263632		0.01241794356	0.0003633687134	
9.892401201		0.01237540886	0.0003574792912	
9.907538769		0.0123309019	0.0003515604697	
9.922676338		0.01228441822	0.0003456153182	
9.937813907		0.01223595424	0.0003396469619	
9.952951476		0.01218550723	0.0003336585792	
9.968089045		0.01213307533	0.0003276533973	
9.983226613		0.01207865759	0.0003216346894	
9.998364182		0.01202225395	0.0003156057688	
10.01350175		0.01196386525	0.0003095699856	
10.02863932		0.01190349323	0.0003035307211	
10.04377689		0.01184114057	0.0002974913833	
10.05891446		0.01177681088	0.0002914554018	
10.07405203		0.0117105088	0.0002854262244	
10.08918959		0.01164224009	0.0002794073128	
10.10432716		0.01157201179	0.0002734021411	
10.11946473		0.01149983348	0.0002674142169	
10.1346023		0.01142486322	0.0002614274126	
10.14973987		0.01134878401	0.0002554840539	
10.16487744		0.01127079243	0.0002495684683	
10.18001501		0.01119090273	0.0002436840967	
10.19515258		0.01110913063	0.0002378343523	
10.21029015		0.01102549327	0.0002320226126	
10.22542771		0.01094000926	0.0002262522133	
10.24056528		0.01085269867	0.0002205264407	
10.25570285		0.01076358309	0.0002148485252	
10.27084042		0.01067268564	0.0002092216344	
10.28597799		0.010580031	0.0002036488668	
10.30111556		0.01048564542	0.0001981332445	
10.31625313		0.01038955678	0.0001926777081	
10.3313907		0.01029179457	0.0001872851089	
10.34652826		0.01019238996	0.0001819582047	
10.36166583		0.01009137578	0.0001766996525	
10.3768034		0.009988786597	0.0001715120041	
10.39194097		0.009884658679	0.0001663977003	
10.40707854		0.009779030061	0.0001613590665	
10.42221611		0.009671940529	0.000156398308	
10.43735368		0.009563431671	0.0001515175058	
10.45249125		0.009453546859	0.0001467186131	
10.46762881		0.009342331298	0.0001420034517	
10.48276638		0.009229832002	0.0001373737095	
10.49790395		0.009116097844	0.0001328309376	
10.51304152		0.009001179519	0.0001283765487	
10.52817909		0.008885129597	0.0001240118155	
10.54331666		0.008768002482	0.0001197378693	
10.55845423		0.00864985445	0.0001155557	
10.5735918		0.008530743614	0.0001114661554	
10.58872936		0.00841072995	0.0001074699421	
10.60386693		0.008289875254	0.0001035676258	
10.6190045		0.008168243168	9.975963288e-05	
10.63414207		0.008045899126	9.604625198e-05	
10.64927964		0.007922910372	9.242763632e-05	
10.66441721		0.007799345901	8.890380588e-05	
10.67955478		0.00767527647	8.54746508e-05	
10.69469235		0.007550774527	8.21399342e-05	
10.70982991		0.007425914223	7.889929632e-05	
10.72496748		0.007300771321	7.575225804e-05	
10.74010505		0.007175423208	7.269822558e-05	
10.75524262		0.007049948798	6.973649467e-05	
10.77038019		0.006924428525	6.686625576e-05	
10.78551776		0.006798944246	6.408659862e-05	
10.80065533		0.006673579228	6.139651796e-05	
10.8157929		0.006548418033	5.879491835e-05	
10.83093047		0.006423546501	5.628062009e-05	
10.84606803		0.006299051625	5.385236431e-05	
10.8612056		0.00617502151	5.150881889e-05	
10.87634317		0.006051545219	4.924858359e-05	
10.89148074		0.005928712678	4.707019567e-05	
10.90661831		0.005806614401	4.49721342e-05	
10.92175588		0.005685341165	4.295282412e-05	
10.93689345		0.0055649833	4.101063758e-05	
10.95203102		0.005445629726	3.914389411e-05	
10.96716858		0.005327367043	3.73508619e-05	
10.98230615		0.005210281173	3.562977721e-05	
10.99744372		0.005094464579	3.397889894e-05	
11.01258129		0.004980023857	3.23965582e-05	
11.02771886		0.00486707217	3.088110445e-05	
11.04285643		0.00475571346	2.943080834e-05	
11.057994		0.004646040072	2.804385995e-05	
11.07313157		0.004538140067	2.671842542e-05	
11.08826913		0.004432101807	2.545268076e-05	
11.1034067		0.004328014822	2.424482043e-05	
11.11854427		0.004225969165	2.309305689e-05	
11.13368184		0.004126054796	2.199562034e-05	
11.14881941		0.004028361028	2.095075895e-05	
11.16395698		0.003932976265	1.995674044e-05	
11.17909455		0.003839987695	1.90118535e-05	
11.19423212		0.003749481167	1.811441006e-05	
11.20936968		0.003661540956	1.726274717e-05	
11.22450725		0.003576249665	1.645522948e-05	
11.23964482		0.003493688015	1.569025097e-05	
11.25478239		0.003413934787	1.496623684e-05	
11.26991996		0.003337066642	1.42816443e-05	
11.28505753		0.003263158096	1.363496378e-05	
11.3001951		0.003192281338	1.30247193e-05	
11.31533267		0.003124506177	1.244946972e-05	
11.33047024		0.003059899837	1.190780951e-05	
11.3456078		0.002998526894	1.139837007e-05	
11.36074537		0.00294044909	1.09198201e-05	
11.37588294		0.002885725335	1.047086606e-05	
11.39102051		0.002834411567	1.005025147e-05	
11.40615808		0.00278656079	9.656756729e-06	
11.42129565		0.002742222906	9.289198484e-06	
11.43643322		0.002701444691	8.946430001e-06	
11.45157079		0.002664269578	8.627341215e-06	
11.46670835		0.002630737631	8.330859251e-06	
11.48184592		0.002600885391	8.055947898e-06	
11.49698349		0.00257474596	7.80160702e-06	
11.51212106		0.002552348935	7.566871001e-06	
11.52725863		0.002533720511	7.3508078e-06	
11.5423962		0.002518883347	7.152517912e-06	
11.55753377		0.002507856564	6.971134457e-06	
11.57267134		0.002500655533	6.80582303e-06	
11.5878089		0.0024972919	6.65578188e-06	
11.60294647		0.002497773501	6.520240948e-06	
11.61808404		0.002502104565	6.398460744e-06	
11.63322161		0.002510285756	6.289730376e-06	
11.64835918		0.002522314375	6.193366343e-06	
11.66349675		0.002538184265	6.108711485e-06	
11.67863432		0.002557885822	6.035135167e-06	
11.69377189		0.002581405796	5.972033249e-06	
11.70890945		0.002608727353	5.918828242e-06	
11.72404702		0.002639830088	5.874968212e-06	
11.73918459		0.002674690367	5.839925396e-06	
11.75432216		0.002713281498	5.813194054e-06	
11.76945973		0.002755574031	5.794289195e-06	
11.7845973		0.002801535683	5.782745682e-06	
11.79973487		0.002851131334	5.778118666e-06	
11.81487244		0.002904322766	5.779983849e-06	
11.83001001		0.002961068757	5.787937793e-06	
11.84514757		0.003021325156	5.801596848e-06	
11.86028514		0.00308504537	5.820595651e-06	
11.87542271		0.003152180667	5.844584882e-06	
11.89056028		0.003222680574	5.873229963e-06	
11.90569785		0.003296492775	5.906210355e-06	
11.92083542		0.003373563032	5.943220274e-06	
11.93597299		0.003453834821	5.983969317e-06	
11.95111056		0.003537249377	6.028183029e-06	
11.96624812		0.003623745812	6.075601959e-06	
11.98138569		0.003713261729	6.125980127e-06	
11.99652326		0.003805733668	6.179082707e-06	
12.01166083		0.003901097584	6.234684672e-06	
12.0267984		0.003999288724	6.292570195e-06	
12.04193597		0.004100241436	6.352533577e-06	
12.05707354		0.004203888641	6.414380228e-06	
12.07221111		0.004310161787	6.477927546e-06	
12.08734867		0.004418990939	6.543004234e-06	
12.10248624		0.004530305508	6.609448862e-06	
12.11762381		0.004644034818	6.677107551e-06	
12.13276138		0.004760108705	6.745832541e-06	
12.14789895		0.0048784574	6.815481564e-06	
12.16303652		0.004999011244	6.885918861e-06	
12.17817409		0.005121699984	6.9570164e-06	
12.19331166		0.005246452562	7.028655096e-06	
12.20844922		0.005373197113	7.100724502e-06	
12.22358679		0.005501861716	7.173121631e-06	
12.23872436		0.005632375062	7.24574875e-06	
12.25386193		0.005764667196	7.318511858e-06	
12.2689995		0.005898669473	7.391319886e-06	
12.28413707		0.006034314255	7.464085567e-06	
12.29927464		0.006171534063	7.536726707e-06	
12.31441221		0.006310261163	7.609167664e-06	
12.32954977		0.00645042737	7.681339476e-06	
12.34468734		0.006591964712	7.753179102e-06	
12.35982491		0.006734806116	7.824627484e-06	
12.37496248		0.006878886301	7.895627976e-06	
12.39010005		0.007024141899	7.966125269e-06	
12.40523762		0.007170511271	8.036065871e-06	
12.42037519		0.007317933621	8.105399149e-06	
12.43551276		0.007466348431	8.174078866e-06	
12.45065033		0.007615695003	8.242063693e-06	
12.46578789		0.007765912918	8.309316976e-06	
12.48092546		0.007916942619	8.37580524e-06	
12.49606303		0.008068726385	8.441496765e-06	
12.5112006		0.00822120865	8.506360305e-06	
12.52633817		0.008374336061	8.570365115e-06	
12.54147574		0.008528056702	8.633481594e-06	
12.55661331		0.008682319473	8.695682683e-06	
12.57175088		0.008837073383	8.756944655e-06	
12.58688844		0.008992267696	8.817247421e-06	
12.60202601		0.009147852267	8.876573626e-06	
12.61716358		0.009303778456	8.934907582e-06	
12.63230115		0.00945999958	8.992233968e-06	
12.64743872		0.009616471242	9.048537486e-06	
12.66257629		0.009773150819	9.10380302e-06	
12.67771386		0.009929996921	9.158016701e-06	
12.69285143		0.01008696855	9.211166749e-06	
12.70798899		0.01024402492	9.263244172e-06	
12.72312656		0.01040112551	9.314242434e-06	
12.73826413		0.01055823075	9.364156819e-06	
12.7534017		0.01071530251	9.412983261e-06	
12.76853927		0.01087230477	9.460717703e-06	
12.78367684		0.01102920342	9.507355708e-06	
12.79881441		0.01118596608	9.552892967e-06	
12.81395198		0.01134256126	9.597325883e-06	
12.82908954		0.01149895807	9.6406524e-06	
12.84422711		0.01165512584	9.682872158e-06	
12.85936468		0.01181103446	9.72398642e-06	
12.87450225		0.01196665473	9.763997323e-06	
12.88963982		0.01212195898	9.802907329e-06	
12.90477739		0.01227692119	9.840718602e-06	
12.91991496		0.0124315171	9.877433074e-06	
12.93505253		0.01258572365	9.913052654e-06	
12.9501901		0.01273951863	9.947579933e-06	
12.96532766		0.01289288009	9.981018551e-06	
12.98046523		0.01304578638	1.001337355e-05	
12.9956028		0.01319821612	1.004465105e-05	
13.01074037		0.01335014879	1.007485796e-05	
13.02587794		0.01350156498	1.010400128e-05	
13.04101551		0.01365244683	1.013208782e-05	
13.05615308		0.01380277787	1.015912396e-05	
13.07129065		0.01395254291	1.018511592e-05	
13.08642821		0.01410172748	1.021007009e-05	
13.10156578		0.01425031751	1.023399354e-05	
13.11670335		0.01439829889	1.025689429e-05	
13.13184092		0.01454565762	1.02787814e-05	
13.14697849		0.01469237981	1.029966478e-05	
13.16211606		0.01483845217	1.03195549e-05	
13.17725363		0.01498386212	1.033846233e-05	
13.1923912		0.01512859828	1.035639755e-05	
13.20752876		0.0152726503	1.037337066e-05	
13.22266633		0.01541600899	1.03893915e-05	
13.2378039		0.01555866595	1.040446971e-05	
13.25294147		0.01570061352	1.041861494e-05	
13.26807904		0.0158418444	1.043183699e-05	
13.28321661		0.01598235179	1.044414591e-05	
13.29835418		0.01612212918	1.045555196e-05	
13.31349175		0.01626117055	1.04660656e-05	
13.32862931		0.01639947034	1.047569729e-05	
13.34376688		0.01653702367	1.048445752e-05	
13.35890445		0.01667382621	1.049235658e-05	
13.37404202		0.01680987438	1.049940465e-05	
13.38917959		0.01694516511	1.050561168e-05	
13.40431716		0.01707969598	1.051098753e-05	
13.41945473		0.01721346494	1.051554191e-05	
13.4345923		0.01734647042	1.051928449e-05	
13.44972986		0.0174787111	1.052222487e-05	
13.46486743		0.01761018605	1.052437268e-05	
13.480005		0.01774089449	1.05257375e-05	
13.49514257		0.01787083595	1.052632898e-05	
13.51028014		0.01800001005	1.05261567e-05	
13.52541771		0.01812841672	1.052523034e-05	
13.54055528		0.01825605595	1.052355948e-05	
13.55569285		0.01838292797	1.052115378e-05	
13.57083042		0.01850903308	1.051802282e-05	
13.58596798		0.01863437183	1.051417622e-05	
13.60110555		0.0187589448	1.05096235e-05	
13.61624312		0.01888275279	1.050437422e-05	
13.63138069		0.01900579664	1.049843784e-05	
13.64651826		0.01912807742	1.049182381e-05	
13.66165583		0.01924959621	1.04845415e-05	
13.6767934		0.0193703543	1.047660027e-05	
13.69193097		0.01949035301	1.046800938e-05	
13.70706853		0.01960959385	1.045877807e-05	
13.7222061		0.01972807835	1.044891548e-05	
13.73734367		0.01984580827	1.043843074e-05	
13.75248124		0.01996278535	1.042733287e-05	
13.76761881		0.02007901155	1.041563088e-05	
13.78275638		0.02019448886	1.040333367e-05	
13.79789395		0.02030921946	1.039045012e-05	
13.81303152		0.02042320557	1.037698902e-05	
13.82816908		0.02053644961	1.036295916e-05	
13.84330665		0.02064895403	1.034836919e-05	
13.85844422		0.02076072148	1.033322778e-05	
13.87358179		0.0208717546	1.031754345e-05	
13.88871936		0.02098205618	1.03013247e-05	
13.90385693		0.02109162881	1.028457983e-05	
13.9189945		0.02120047494	1.026731691e-05	
13.93413207		0.02130859625	1.024954358e-05	
13.94926963		0.0214159934	1.023126689e-05	
13.9644072		0.02152266572	1.021249317e-05	
13.97954477		0.0216286134	1.019322909e-05	
13.99468234		0.02173384293	1.017348421e-05	
14.00981991		0.02183837165	1.015327297e-05	
14.02495748		0.02194221963	1.01326108e-05	
14.04009505		0.02204539748	1.011150847e-05	
14.05523262		0.02214790663	1.008997238e-05	
14.07037019		0.02224974703	1.006800818e-05	
14.08550775		0.02235092085	1.004562247e-05	
14.10064532		0.02245143295	1.002282296e-05	
14.11578289		0.02255128995	9.999618054e-06	
14.13092046		0.02265049995	9.976016643e-06	
14.14605803		0.022749072	9.952027912e-06	
14.1611956		0.02284701626	9.927661375e-06	
14.17633317		0.02294434383	9.902926775e-06	
14.19147074		0.02304106699	9.877834215e-06	
14.2066083		0.02313719918	9.852394089e-06	
14.22174587		0.02323275528	9.826617232e-06	
14.23688344		0.02332775162	9.800514876e-06	
14.25202101		0.02342220636	9.774098814e-06	
14.26715858		0.02351613947	9.747381373e-06	
14.28229615		0.02360957327	9.72037559e-06	
14.29743372		0.02370253238	9.693095206e-06	
14.31257129		0.02379504434	9.665554866e-06	
14.32770885		0.02388713971	9.637770134e-06	
14.34284642		0.02397885266	9.609757711e-06	
14.35798399		0.02407022124	9.581535485e-06	
14.37312156		0.02416128807	9.55312278e-06	
14.38825913		0.02425210069	9.524540432e-06	
14.4033967		0.02434271241	9.49581108e-06	
14.41853427		0.02443318277	9.466959281e-06	
14.43367184		0.02452357856	9.438011841e-06	
14.4488094		0.02461397446	9.40899798e-06	
14.46394697		0.02470445427	9.37994971e-06	
14.47908454		0.02479511168	9.35090206e-06	
14.49422211		0.02488605177	9.321893506e-06	
14.50935968		0.02497739203	9.292966254e-06	
14.52449725		0.02506926408	9.26416674e-06	
14.53963482		0.02516181499	9.235545978e-06	
14.55477239		0.02525520926	9.207160123e-06	
14.56990995		0.02534963043	9.179070886e-06	
14.58504752		0.02544528338	9.151346164e-06	
14.60018509		0.02554239628	9.124060521e-06	
14.61532266		0.02564122308	9.097295862e-06	
14.63046023		0.02574204581	9.071141964e-06	
14.6455978		0.02584517732	9.045697179e-06	
14.66073537		0.02595096369	9.021068974e-06	
14.67587294		0.02605978717	8.997374607e-06	
14.69101051		0.02617206856	8.974741608e-06	
14.70614807		0.02628826995	8.953308353e-06	
14.72128564		0.02640889684	8.933224363e-06	
14.73642321		0.02653450025	8.914650623e-06	
14.75156078		0.02666567783	8.897759529e-06	
14.76669835		0.0268030747	8.882734705e-06	
14.78183592		0.02694738258	8.869770305e-06	
14.79697349		0.02709933801	8.859069972e-06	
14.81211106		0.02725971801	8.85084503e-06	
14.82724862		0.02742933365	8.84531203e-06	
14.84238619		0.02760901982	8.842689145e-06	
14.85752376		0.02779962116	8.843191454e-06	
14.87266133		0.02800197208	8.84702451e-06	
14.8877989		0.0282168705	8.85437612e-06	
14.90293647		0.02844504255	8.865405585e-06	
14.91807404		0.02868709738	8.880230171e-06	
14.93321161		0.02894346852	8.898907945e-06	
14.94834917		0.02921434063	8.921416592e-06	
14.96348674		0.02949955788	8.947627389e-06	
14.97862431		0.02979851338	8.977274214e-06	
14.99376188		0.03011001916	9.009917728e-06	
15.00889945		0.03043216325	9.044906706e-06	
15.02403702		0.03076216832	9.081341026e-06	
15.03917459		0.03109628629	9.118046026e-06	
15.05431216		0.03142978611	9.153574566e-06	
15.06944972		0.0317571248	9.186261177e-06	
15.08458729		0.03207239021	9.214351452e-06	
15.09972486		0.03237007963	9.23622109e-06	
15.11486243		0.03264607034	9.250638906e-06	
15.13		0.03291840087	9.26322071e-06	
