-15.13		0.9300337852	0.0002393448944	
-15.11486243		0.9302225815	0.0002405847544	
-15.09972486		0.9304327812	0.0002418263276	
-15.08458729		0.9306613643	0.0002430729943	
-15.06944972		0.9309038422	0.0002443268891	
-15.05431216		0.9311551883	0.0002455892943	
-15.03917459		0.9314105796	0.0002468609621	
-15.02403702		0.9316658348	0.0002481423379	
-15.00889945		0.9319175973	0.0002494337032	
-14.99376188		0.9321633467	0.0002507352558	
-14.97862431		0.9324013181	0.0002520471541	
-14.96348674		0.9326303866	0.0002533695394	
-14.94834917		0.932849945	0.0002547025474	
-14.93321161		0.9330597923	0.0002560463132	
-14.91807404		0.9332600369	0.0002574009742	
-14.90293647		0.9334510168	0.0002587666708	
-14.8877989		0.9336332344	0.0002601435472	
-14.87266133		0.9338073049	0.0002615317519	
-14.85752376		0.933973915	0.0002629314371	
-14.84238619		0.9341337921	0.0002643427592	
-14.82724862		0.9342876796	0.000265765879	
-14.81211106		0.9344363186	0.000267200961	
-14.79697349		0.9345804348	0.0002686481741	
-14.78183592		0.9347207291	0.0002701076914	
-14.76669835		0.9348578704	0.0002715796901	
-14.75156078		0.9349924919	0.0002730643515	
-14.73642321		0.9351251884	0.0002745618615	
-14.72128564		0.9352565157	0.0002760724102	
-14.70614807		0.9353869897	0.000277596192	
-14.69101051		0.9355170884	0.0002791334062	
-14.67587294		0.935647252	0.0002806842562	
-14.66073537		0.9357778855	0.0002822489507	
-14.6455978		0.9359093601	0.0002838277027	
-14.63046023		0.9360420155	0.0002854207306	
-14.61532266		0.936176162	0.0002870282575	
-14.60018509		0.9363120826	0.0002886505121	
-14.58504752		0.9364500348	0.0002902877283	
-14.56990995		0.9365902532	0.0002919401455	
-14.55477239		0.9367329508	0.0002936080087	
-14.53963482		0.9368783212	0.0002952915691	
-14.52449725		0.93702654	0.0002969910836	
-14.50935968		0.9371777664	0.0002987068154	
-14.49422211		0.9373321447	0.0003004390341	
-14.47908454		0.9374898056	0.0003021880158	
-14.46394697		0.9376508672	0.0003039540435	
-14.4488094		0.9378154361	0.000305737407	
-14.43367184		0.9379836087	0.0003075384034	
-14.41853427		0.9381554716	0.0003093573371	
-14.4033967		0.9383311025	0.00031119452	
-14.38825913		0.938510571	0.0003130502719	
-14.37312156		0.9386939391	0.0003149249206	
-14.35798399		0.9388812618	0.000316818802	
-14.34284642		0.9390725873	0.0003187322607	
-14.32770885		0.9392679581	0.0003206656496	
-14.31257129		0.9394674102	0.0003226193309	
-14.29743372		0.9396709746	0.0003245936755	
-14.28229615		0.9398786767	0.0003265890642	
-14.26715858		0.940090537	0.0003286058869	
-14.25202101		0.9403065712	0.0003306445436	
-14.23688344		0.94052679	0.0003327054444	
-14.22174587		0.9407511997	0.0003347890096	
-14.2066083		0.9409798021	0.00033689567	
-14.19147074		0.9412125945	0.0003390258675	
-14.17633317		0.9414495701	0.0003411800548	
-14.1611956		0.9416907175	0.000343358696	
-14.14605803		0.9419360212	0.0003455622666	
-14.13092046		0.9421854614	0.0003477912542	
-14.11578289		0.9424390143	0.0003500461581	
-14.10064532		0.9426966517	0.0003523274902	
-14.08550775		0.9429583413	0.0003546357747	
-14.07037019		0.9432240465	0.0003569715488	
-14.05523262		0.9434937267	0.0003593353626	
-14.04009505		0.9437673369	0.0003617277797	
-14.02495748		0.9440448283	0.0003641493771	
-14.00981991		0.9443261473	0.0003666007459	
-13.99468234		0.9446112369	0.0003690824909	
-13.97954477		0.9449000352	0.0003715952317	
-13.9644072		0.9451924766	0.0003741396023	
-13.94926963		0.9454884912	0.0003767162518	
-13.93413207		0.945788005	0.0003793258444	
-13.9189945		0.9460909401	0.0003819690599	
-13.90385693		0.9463972142	0.0003846465939	
-13.88871936		0.9467067414	0.000387359158	
-13.87358179		0.9470194315	0.0003901074806	
-13.85844422		0.9473351908	0.0003928923066	
-13.84330665		0.9476539216	0.000395714398	
-13.82816908		0.9479755223	0.0003985745346	
-13.81303152		0.9482998882	0.0004014735138	
-13.79789395		0.9486269107	0.0004044121514	
-13.78275638		0.9489564778	0.0004073912821	
-13.76761881		0.9492884746	0.0004104117595	
-13.75248124		0.9496227828	0.0004134744571	
-13.73734367		0.9499592811	0.0004165802686	
-13.7222061		0.9502978457	0.0004197301084	
-13.70706853		0.9506383498	0.0004229249123	
-13.69193097		0.9509806647	0.0004261656382	
-13.6767934		0.9513246589	0.0004294532669	
-13.66165583		0.9516701992	0.0004327888026	
-13.64651826		0.9520171506	0.0004361732742	
-13.63138069		0.9523653765	0.0004396077356	
-13.61624312		0.9527147388	0.0004430932676	
-13.60110555		0.9530650985	0.0004466309783	
-13.58596798		0.9534163157	0.0004502220044	
-13.57083042		0.9537682499	0.0004538675129	
-13.55569285		0.9541207602	0.0004575687016	
-13.54055528		0.9544737057	0.0004613268012	
-13.52541771		0.9548269456	0.0004651430758	
-13.51028014		0.9551803394	0.0004690188237	
-13.49514257		0.9555337471	0.0004729553782	
-13.480005		0.9558870297	0.0004769541067	
-13.46486743		0.9562400485	0.0004810164093	
-13.44972986		0.9565926659	0.0004851437154	
-13.4345923		0.9569447449	0.0004893374797	
-13.41945473		0.957296149	0.0004935991755	
-13.40431716		0.9576467422	0.0004979302891	
-13.38917959		0.9579963891	0.000502332316	
-13.37404202		0.958344955	0.0005068067625	
-13.35890445		0.9586923069	0.0005113551562	
-13.34376688		0.9590383141	0.0005159790637	
-13.32862931		0.9593828499	0.0005206801118	
-13.31349175		0.9597257916	0.0005254600002	
-13.29835418		0.9600670206	0.0005303204945	
-13.28321661		0.9604064211	0.0005352633968	
-13.26807904		0.9607438779	0.0005402905018	
-13.25294147		0.9610792752	0.0005454035597	
-13.2378039		0.9614124963	0.0005506042653	
-13.22266633		0.9617434251	0.0005558942899	
-13.20752876		0.9620719488	0.0005612753497	
-13.1923912		0.9623979614	0.0005667492904	
-13.17725363		0.962721366	0.0005723181502	
-13.16211606		0.9630420747	0.0005779841686	
-13.14697849		0.9633600058	0.0005837497275	
-13.13184092		0.9636750802	0.0005896172475	
-13.11670335		0.9639872175	0.0005955890842	
-13.10156578		0.9642963336	0.0006016674765	
-13.08642821		0.9646023428	0.0006078545764	
-13.07129065		0.9649051607	0.0006141525529	
-13.05615308		0.9652047088	0.0006205637284	
-13.04101551		0.9655009175	0.0006270906865	
-13.02587794		0.9657937269	0.0006337363013	
-13.01074037		0.9660830836	0.0006405036689	
-12.9956028		0.966368937	0.0006473959716	
-12.98046523		0.9666512337	0.0006544163337	
-12.96532766		0.966929916	0.0006615677345	
-12.9501901		0.9672049218	0.0006688530209	
-12.93505253		0.9674761881	0.0006762750141	
-12.91991496		0.9677436551	0.0006838366693	
-12.90477739		0.9680072701	0.0006915412171	
-12.88963982		0.9682669881	0.0006993922253	
-12.87450225		0.9685227705	0.0007073935535	
-12.85936468		0.9687745811	0.0007155492213	
-12.84422711		0.9690223815	0.0007238632526	
-12.82908954		0.9692661294	0.0007323395694	
-12.81395198		0.9695057779	0.000740981987	
-12.79881441		0.9697412784	0.0007497943174	
-12.78367684		0.9699725847	0.0007587805358	
-12.76853927		0.970199656	0.0007679449346	
-12.7534017		0.9704224581	0.0007772921906	
-12.73826413		0.9706409615	0.0007868273087	
-12.72312656		0.970855138	0.0007965554663	
-12.70798899		0.9710649564	0.0008064818286	
-12.69285143		0.9712703804	0.000816611428	
-12.67771386		0.9714713684	0.0008269491691	
-12.66257629		0.9716678761	0.0008374999642	
-12.64743872		0.9718598599	0.0008482689416	
-12.63230115		0.9720472787	0.0008592616292	
-12.61716358		0.9722300923	0.0008704840254	
-12.60202601		0.9724082544	0.0008819425188	
-12.58688844		0.9725816992	0.0008936436903	
-12.57175088		0.9727503201	0.0009055940874	
-12.55661331		0.9729139406	0.0009178000768	
-12.54147574		0.9730722948	0.0009302678542	
-12.52633817		0.9732250809	0.0009430036675	
-12.5112006		0.9733722065	0.000956014296	
-12.49606303		0.973514137	0.0009693076025	
-12.48092546		0.973651746	0.0009828924693	
-12.46578789		0.9737855618	0.0009967779368	
-12.45065033		0.9739154697	0.00101097264	
-12.43551276		0.9740410833	0.001025484919	
-12.42037519		0.9741620683	0.001040323038	
-12.40523762		0.9742782129	0.001055495327	
-12.39010005		0.9743893945	0.001071010379	
-12.37496248		0.9744955424	0.001086877284	
-12.35982491		0.9745966154	0.001103105796	
-12.34468734		0.9746925883	0.00111970633	
-12.32954977		0.9747834443	0.001136689785	
-12.31441221		0.9748691683	0.001154067271	
-12.29927464		0.9749497436	0.001171849875	
-12.28413707		0.9750251511	0.001190048599	
-12.2689995		0.9750953699	0.001208674504	
-12.25386193		0.9751603811	0.001227738986	
-12.23872436		0.9752201695	0.001247254075	
-12.22358679		0.9752747255	0.001267232574	
-12.20844922		0.9753240437	0.001287688004	
-12.19331166		0.9753681208	0.001308634362	
-12.17817409		0.975406953	0.001330085833	
-12.16303652		0.9754405345	0.001352056609	
-12.14789895		0.9754688578	0.001374560927	
-12.13276138		0.9754919159	0.001397613301	
-12.11762381		0.9755097044	0.001421228844	
-12.10248624		0.9755222239	0.001445423511	
-12.08734867		0.9755294795	0.001470214144	
-12.07221111		0.9755314797	0.001495618288	
-12.05707354		0.975528234	0.001521653891	
-12.04193597		0.9755197515	0.001548339055	
-12.0267984		0.9755060405	0.001575691962	
-12.01166083		0.9754871093	0.001603731046	
-11.99652326		0.9754629685	0.001632475295	
-11.98138569		0.9754336322	0.001661944541	
-11.96624812		0.975399119	0.001692159577	
-11.95111056		0.9753594513	0.001723142049	
-11.93597299		0.9753146534	0.001754914179	
-11.92083542		0.9752647504	0.0017874985	
-11.90569785		0.9752097674	0.001820917731	
-11.89056028		0.9751497299	0.001855194889	
-11.87542271		0.9750846653	0.00189035355	
-11.86028514		0.9750146039	0.001926418129	
-11.84514757		0.9749395797	0.001963414024	
-11.83001001		0.97485963	0.002001367548	
-11.81487244		0.9747747945	0.002040305706	
-11.79973487		0.9746851142	0.002080255955	
-11.7845973		0.9745906306	0.002121246087	
-11.76945973		0.9744913861	0.002163304302	
-11.75432216		0.9743874247	0.002206459424	
-11.73918459		0.9742787924	0.002250741125	
-11.72404702		0.9741655383	0.002296180048	
-11.70890945		0.9740477141	0.002342807755	
-11.69377189		0.9739253734	0.002390656554	
-11.67863432		0.9737985714	0.002439759315	
-11.66349675		0.9736673642	0.002490149382	
-11.64835918		0.9735318088	0.002541860622	
-11.63322161		0.9733919637	0.002594927569	
-11.61808404		0.9732478892	0.002649385578	
-11.60294647		0.9730996475	0.002705270881	
-11.5878089		0.972947303	0.002762620543	
-11.57267134		0.9727909218	0.002821472327	
-11.55753377		0.9726305713	0.002881864579	
-11.5423962		0.9724663198	0.002943836163	
-11.52725863		0.9722982366	0.003007426498	
-11.51212106		0.9721263924	0.003072675627	
-11.49698349		0.971950859	0.003139624292	
-11.48184592		0.9717717097	0.003208313939	
-11.46670835		0.9715890191	0.003278786672	
-11.45157079		0.9714028633	0.00335108516	
-11.43643322		0.9712133189	0.003425252557	
-11.42129565		0.9710204637	0.003501332461	
-11.40615808		0.9708243762	0.003579368908	
-11.39102051		0.9706251355	0.003659406393	
-11.37588294		0.9704228218	0.003741489868	
-11.36074537		0.9702175158	0.00382566472	
-11.3456078		0.9700092993	0.003911976712	
-11.33047024		0.9697982545	0.004000471915	
-11.31533267		0.9695844641	0.004091196644	
-11.3001951		0.9693680114	0.004184197411	
-11.28505753		0.9691489797	0.004279520889	
-11.26991996		0.9689274529	0.004377213886	
-11.25478239		0.968703515	0.0044773233	
-11.23964482		0.9684772502	0.004579896067	
-11.22450725		0.9682487429	0.004684979097	
-11.20936968		0.9680180775	0.004792619205	
-11.19423212		0.9677853384	0.004902863039	
-11.17909455		0.9675506099	0.005015757015	
-11.16395698		0.9673139763	0.005131347255	
-11.14881941		0.9670755214	0.005249679522	
-11.13368184		0.966835329	0.005370799149	
-11.11854427		0.9665934826	0.005494750965	
-11.1034067		0.9663500651	0.005621579213	
-11.08826913		0.9661051593	0.005751327476	
-11.07313157		0.9658588474	0.005884038587	
-11.057994		0.9656112111	0.006019754555	
-11.04285643		0.9653623314	0.006158516478	
-11.02771886		0.965112289	0.006300364463	
-11.01258129		0.9648611637	0.006445337537	
-10.99744372		0.9646090345	0.00659347357	
-10.98230615		0.9643559799	0.006744809179	
-10.96716858		0.9641020774	0.00689937965	
-10.95203102		0.9638474039	0.007057218846	
-10.93689345		0.963592035	0.007218359128	
-10.92175588		0.9633360458	0.007382831264	
-10.90661831		0.9630795103	0.007550664352	
-10.89148074		0.9628225013	0.007721885729	
-10.87634317		0.9625650908	0.007896520901	
-10.8612056		0.9623073497	0.008074593454	
-10.84606803		0.9620493476	0.008256124985	
-10.83093047		0.9617911531	0.008441135028	
-10.8157929		0.9615328337	0.008629640977	
-10.80065533		0.9612744557	0.008821658026	
-10.78551776		0.9610160841	0.009017199097	
-10.77038019		0.9607577826	0.009216274785	
-10.75524262		0.9604996139	0.0094188933	
-10.74010505		0.9602416392	0.009625060413	
-10.72496748		0.9599839183	0.009834779408	
-10.70982991		0.9597265101	0.01004805104	
-10.69469235		0.9594694716	0.01026487351	
-10.67955478		0.9592128588	0.01048524238	
-10.66441721		0.9589567257	0.01070915063	
-10.64927964		0.9587011244	0.01093658854	
-10.63414207		0.958446104	0.01116754373	
-10.6190045		0.9581917086	0.01140200109	
-10.60386693		0.9579379735	0.0116399427	
-10.58872936		0.9576849156	0.01188134779	
-10.5735918		0.9574325162	0.01212619239	
-10.55845423		0.9571806883	0.01237444898	
-10.54331666		0.9569292333	0.01262608576	
-10.52817909		0.9566778372	0.01288106654	
-10.51304152		0.9564262486	0.01313935297	
-10.49790395		0.9561747069	0.01340091072	
-10.48276638		0.9559240956	0.01366571237	
-10.46762881		0.9556752847	0.01393372877	
-10.45249125		0.955428529	0.01420492018	
-10.43735368		0.9551836415	0.01447923812	
-10.42221611		0.9549403665	0.0147566305	
-10.40707854		0.9546985322	0.01503704405	
-10.39194097		0.9544580534	0.01532042452	
-10.3768034		0.9542189005	0.01560671638	
-10.36166583		0.9539810736	0.01589586254	
-10.34652826		0.9537445876	0.01618780428	
-10.3313907		0.9535094644	0.01648248113	
-10.31625313		0.9532757287	0.016779831	
-10.30111556		0.9530434064	0.01707979018	
-10.28597799		0.9528125233	0.01738229346	
-10.27084042		0.9525831052	0.01768727417	
-10.25570285		0.952355177	0.01799466436	
-10.24056528		0.9521287635	0.01830439482	
-10.22542771		0.9519038887	0.01861639522	
-10.21029015		0.9516805762	0.01893059419	
-10.19515258		0.951458849	0.01924691948	
-10.18001501		0.95123873	0.01956529798	
-10.16487744		0.9510202413	0.01988565589	
-10.14973987		0.9508034049	0.02020791878	
-10.1346023		0.9505882425	0.02053201173	
-10.11946473		0.9503747756	0.02085785939	
-10.10432716		0.9501630253	0.02118538609	
-10.08918959		0.9499530127	0.02151451598	
-10.07405203		0.9497447586	0.02184517303	
-10.05891446		0.949538284	0.02217728123	
-10.04377689		0.9493336095	0.0225107646	
-10.02863932		0.9491307558	0.02284554729	
-10.01350175		0.9489297437	0.02318155371	
-9.998364182		0.9487305939	0.02351870854	
-9.983226613		0.9485333271	0.02385693686	
-9.968089045		0.9483379641	0.02419616419	
-9.952951476		0.9481445259	0.0245363166	
-9.937813907		0.9479530335	0.02487732071	
-9.922676338		0.9477635078	0.02521910381	
-9.907538769		0.9475759702	0.0255615939	
-9.892401201		0.9473904418	0.02590471973	
-9.877263632		0.947206944	0.02624841086	
-9.862126063		0.9470254984	0.02659259771	
-9.846988494		0.9468461264	0.0269372116	
-9.831850925		0.9466688497	0.02728218478	
-9.816713357		0.9464936899	0.02762745047	
-9.801575788		0.9463206687	0.02797294289	
-9.786438219		0.9461498078	0.02831859729	
-9.77130065		0.9459811288	0.02866434996	
-9.756163082		0.9458146533	0.02901013827	
-9.741025513		0.9456504027	0.02935590065	
-9.725887944		0.9454883985	0.02970157666	
-9.710750375		0.9453286617	0.03004710694	
-9.695612806		0.9451712134	0.03039243323	
-9.680475238		0.9450160741	0.03073749842	
-9.665337669		0.9448632643	0.03108224648	
-9.6502001		0.944712804	0.0314266225	
-9.635062531		0.9445647127	0.03177057267	
-9.619924962		0.9444190096	0.03211404429	
-9.604787394		0.9442757133	0.03245698573	
-9.589649825		0.9441348419	0.03279934645	
-9.574512256		0.9439964128	0.03314107695	
-9.559374687		0.9438604428	0.03348212878	
-9.544237119		0.943726948	0.03382245454	
-9.52909955		0.9435959439	0.03416200781	
-9.513961981		0.9434674448	0.03450074316	
-9.498824412		0.9433414646	0.03483861613	
-9.483686843		0.9432180161	0.03517558322	
-9.468549275		0.9430971111	0.03551160182	
-9.453411706		0.9429787607	0.03584663024	
-9.438274137		0.9428629747	0.03618062765	
-9.423136568		0.9427497622	0.03651355407	
-9.407998999		0.9426391311	0.03684537034	
-9.392861431		0.942531088	0.03717603811	
-9.377723862		0.9424256388	0.03750551978	
-9.362586293		0.942322788	0.03783377851	
-9.347448724		0.942222539	0.03816077818	
-9.332311156		0.9421248942	0.03848648336	
-9.317173587		0.9420298547	0.03881085931	
-9.302036018		0.9419374204	0.03913387191	
-9.286898449		0.9418475901	0.03945548769	
-9.27176088		0.9417603614	0.03977567378	
-9.256623312		0.9416757307	0.04009439788	
-9.241485743		0.9415936933	0.04041162826	
-9.226348174		0.9415142431	0.04072733372	
-9.211210605		0.9414373731	0.04104148358	
-9.196073037		0.9413630749	0.04135404768	
-9.180935468		0.9412913393	0.04166499632	
-9.165797899		0.9412221556	0.04197430028	
-9.15066033		0.9411555123	0.04228193079	
-9.135522761		0.9410913965	0.04258785952	
-9.120385193		0.9410297944	0.04289205855	
-9.105247624		0.9409706913	0.04319450039	
-9.090110055		0.9409140711	0.04349515794	
-9.074972486		0.9408599171	0.04379400449	
-9.059834917		0.9408082114	0.0440910137	
-9.044697349		0.9407589352	0.04438615963	
-9.02955978		0.9407120688	0.04467941666	
-9.014422211		0.9406675916	0.04497075958	
-8.999284642		0.9406254822	0.04526016348	
-8.984147074		0.9405857183	0.04554760385	
-8.969009505		0.9405482769	0.04583305649	
-8.953871936		0.9405131341	0.04611649755	
-8.938734367		0.9404802655	0.04639790352	
-8.923596798		0.9404496458	0.04667725126	
-8.90845923		0.9404212492	0.04695451793	
-8.893321661		0.9403950493	0.04722968105	
-8.878184092		0.9403710189	0.04750271849	
-8.863046523		0.9403491304	0.04777360847	
-8.847908954		0.9403293558	0.04804232955	
-8.832771386		0.9403116663	0.04830886065	
-8.817633817		0.9402960329	0.04857318106	
-8.802496248		0.9402824261	0.04883527041	
-8.787358679		0.9402708161	0.04909510872	
-8.772221111		0.9402611725	0.0493526764	
-8.757083542		0.9402534648	0.04960795422	
-8.741945973		0.9402476622	0.04986092336	
-8.726808404		0.9402437333	0.05011156538	
-8.711670835		0.940241647	0.05035986228	
-8.696533267		0.9402413715	0.05060579646	
-8.681395698		0.940242875	0.05084935074	
-8.666258129		0.9402461256	0.05109050838	
-8.65112056		0.940251091	0.0513292531	
-8.635982991		0.9402577392	0.05156556905	
-8.620845423		0.9402660376	0.05179944086	
-8.605707854		0.9402759539	0.05203085364	
-8.590570285		0.9402874555	0.05225979297	
-8.575432716		0.94030051	0.05248624493	
-8.560295148		0.9403150847	0.0527101961	
-8.545157579		0.940331147	0.05293163357	
-8.53002001		0.9403486643	0.05315054498	
-8.514882441		0.9403676041	0.05336691848	
-8.499744872		0.9403879339	0.05358074276	
-8.484607304		0.940409621	0.05379200708	
-8.469469735		0.9404326331	0.05400070125	
-8.454332166		0.9404569378	0.05420681565	
-8.439194597		0.9404825027	0.05441034125	
-8.424057029		0.9405092956	0.05461126961	
-8.40891946		0.9405372842	0.05480959287	
-8.393781891		0.9405664367	0.0550053038	
-8.378644322		0.9405967208	0.05519839576	
-8.363506753		0.9406281049	0.05538886275	
-8.348369185		0.940660557	0.05557669938	
-8.333231616		0.9406940455	0.05576190091	
-8.318094047		0.9407285389	0.05594446323	
-8.302956478		0.9407640057	0.05612438288	
-8.287818909		0.9408004145	0.05630165706	
-8.272681341		0.940837734	0.0564762836	
-8.257543772		0.9408759333	0.05664826104	
-8.242406203		0.9409149812	0.05681758853	
-8.227268634		0.9409548469	0.05698426593	
-8.212131066		0.9409954996	0.05714829375	
-8.196993497		0.9410369085	0.0573096732	
-8.181855928		0.9410790431	0.05746840613	
-8.166718359		0.9411218729	0.0576244951	
-8.15158079		0.9411653675	0.05777794335	
-8.136443222		0.9412094967	0.05792875476	
-8.121305653		0.9412542301	0.05807693395	
-8.106168084		0.9412995378	0.05822248619	
-8.091030515		0.9413453896	0.05836541741	
-8.075892946		0.9413917557	0.05850573425	
-8.060755378		0.9414386061	0.05864344402	
-8.045617809		0.941485911	0.05877855469	
-8.03048024		0.9415336408	0.05891107491	
-8.015342671		0.9415817657	0.059041014	
-8.000205103		0.941630256	0.05916838193	
-7.985067534		0.9416790823	0.05929318935	
-7.969929965		0.941728215	0.05941544754	
-7.954792396		0.9417776246	0.05953516844	
-7.939654827		0.9418272817	0.05965236463	
-7.924517259		0.9418771569	0.05976704933	
-7.90937969		0.9419272208	0.05987923638	
-7.894242121		0.941977444	0.05998894025	
-7.879104552		0.9420277971	0.06009617601	
-7.863966983		0.9420782479	0.06020095919	
-7.848829415		0.9421287731	0.06030330638	
-7.833691846		0.9421793403	0.06040323431	
-7.818554277		0.9422299203	0.0605007604	
-7.803416708		0.9422804838	0.06059590268	
-7.78827914		0.9423310013	0.06068867972	
-7.773141571		0.9423814436	0.06077911064	
-7.758004002		0.9424317814	0.06086721508	
-7.742866433		0.9424819852	0.06095301323	
-7.727728864		0.9425320257	0.06103652577	
-7.712591296		0.9425818734	0.06111777391	
-7.697453727		0.942631499	0.06119677932	
-7.682316158		0.9426808729	0.06127356415	
-7.667178589		0.9427299656	0.06134815102	
-7.652041021		0.9427787476	0.06142056301	
-7.636903452		0.9428271893	0.06149082361	
-7.621765883		0.942875261	0.06155895676	
-7.606628314		0.942922933	0.06162498679	
-7.591490745		0.9429701757	0.06168893843	
-7.576353177		0.9430169591	0.06175083679	
-7.561215608		0.9430632536	0.06181070736	
-7.546078039		0.9431090292	0.06186857595	
-7.53094047		0.9431542558	0.06192446873	
-7.515802901		0.9431989037	0.06197841218	
-7.500665333		0.9432429426	0.0620304331	
-7.485527764		0.9432863425	0.06208055857	
-7.470390195		0.9433290732	0.06212881593	
-7.455252626		0.9433711044	0.06217523281	
-7.440115058		0.9434124058	0.06221983707	
-7.424977489		0.9434529472	0.06226265679	
-7.40983992		0.9434926979	0.06230372026	
-7.394702351		0.9435316277	0.06234305599	
-7.379564782		0.9435697059	0.06238069263	
-7.364427214		0.9436069019	0.06241665904	
-7.349289645		0.943643185	0.0624509842	
-7.334152076		0.9436785245	0.06248369721	
-7.319014507		0.9437128896	0.06251482732	
-7.303876938		0.9437462495	0.06254440386	
-7.28873937		0.9437785731	0.06257245623	
-7.273601801		0.9438098294	0.06259901394	
-7.258464232		0.9438399875	0.0626241065	
-7.243326663		0.943869016	0.06264776351	
-7.228189095		0.9438968839	0.06267001455	
-7.213051526		0.9439235599	0.06269088923	
-7.197913957		0.9439490124	0.06271041716	
-7.182776388		0.9439732102	0.0627286279	
-7.167638819		0.9439961216	0.062745551	
-7.152501251		0.9440177151	0.06276121597	
-7.137363682		0.9440379589	0.06277565222	
-7.122226113		0.9440568213	0.06278888912	
-7.107088544		0.9440742704	0.06280095595	
-7.091950975		0.9440902742	0.06281188188	
-7.076813407		0.9441048007	0.06282169597	
-7.061675838		0.9441178177	0.06283042718	
-7.046538269		0.9441292931	0.06283810431	
-7.0314007		0.9441391944	0.06284475603	
-7.016263132		0.9441474894	0.06285041087	
-7.001125563		0.9441541455	0.06285509717	
-6.985987994		0.9441591302	0.06285884312	
-6.970850425		0.9441624109	0.0628616767	
-6.955712856		0.944163955	0.06286362573	
-6.940575288		0.9441637296	0.06286471778	
-6.925437719		0.9441617022	0.06286498023	
-6.91030015		0.9441578399	0.06286444022	
-6.895162581		0.9441521099	0.06286312464	
-6.880025013		0.9441444795	0.06286106012	
-6.864887444		0.9441349159	0.06285827302	
-6.849749875		0.9441233864	0.06285478941	
-6.834612306		0.9441098584	0.06285063503	
-6.819474737		0.9440942991	0.06284583531	
-6.804337169		0.9440766761	0.06284041535	
-6.7891996		0.9440569569	0.06283439985	
-6.774062031		0.9440351091	0.06282781315	
-6.758924462		0.9440111004	0.06282067919	
-6.743786893		0.9439848985	0.06281302147	
-6.728649325		0.9439564714	0.06280486306	
-6.713511756		0.9439257867	0.06279622659	
-6.698374187		0.9438928126	0.06278713422	
-6.683236618		0.9438575169	0.06277760762	
-6.66809905		0.9438198675	0.062767668	
-6.652961481		0.9437798323	0.06275733607	
-6.637823912		0.9437373791	0.06274663207	
-6.622686343		0.9436924753	0.06273557576	
-6.607548774		0.9436450886	0.06272418645	
-6.592411206		0.943595186	0.062712483	
-6.577273637		0.9435427346	0.06270048383	
-6.562136068		0.943487701	0.06268820695	
-6.546998499		0.9434300517	0.06267567001	
-6.53186093		0.9433697527	0.06266289027	
-6.516723362		0.9433067698	0.06264988464	
-6.501585793		0.9432410686	0.06263666973	
-6.486448224		0.9431726144	0.06262326177	
-6.471310655		0.9431013724	0.06260967669	
-6.456173087		0.9430273076	0.06259593005	
-6.441035518		0.9429503853	0.06258203703	
-6.425897949		0.9428705708	0.06256801239	
-6.41076038		0.9427878298	0.06255387037	
-6.395622811		0.9427021282	0.06253962466	
-6.380485243		0.9426134327	0.06252528829	
-6.365347674		0.9425217105	0.0625108735	
-6.350210105		0.9424269299	0.0624963917	
-6.335072536		0.9423290596	0.06248185331	
-6.319934967		0.9422280697	0.06246726768	
-6.304797399		0.9421239308	0.06245264303	
-6.28965983		0.9420166146	0.06243798634	
-6.274522261		0.9419060936	0.06242330334	
-6.259384692		0.9417923408	0.06240859852	
-6.244247124		0.9416753298	0.06239387515	
-6.229109555		0.9415550344	0.06237913535	
-6.213971986		0.9414314284	0.06236438023	
-6.198834417		0.9413044854	0.06234960998	
-6.183696848		0.9411741784	0.06233482413	
-6.16855928		0.9410404797	0.06232002166	
-6.153421711		0.9409033608	0.06230520126	
-6.138284142		0.9407627919	0.06229036149	
-6.123146573		0.9406187421	0.06227550096	
-6.108009005		0.9404711791	0.06226061851	
-6.092871436		0.9403200696	0.06224571326	
-6.077733867		0.9401653791	0.06223078471	
-6.062596298		0.9400070723	0.06221583271	
-6.047458729		0.9398451129	0.06220085746	
-6.032321161		0.9396794646	0.06218585934	
-6.017183592		0.9395100907	0.06217083885	
-6.002046023		0.9393369546	0.06215579643	
-5.986908454		0.9391600201	0.06214073226	
-5.971770885		0.9389792518	0.0621256461	
-5.956633317		0.938794615	0.06211053717	
-5.941495748		0.9386060758	0.06209540395	
-5.926358179		0.9384136013	0.06208024413	
-5.91122061		0.9382171597	0.06206505452	
-5.896083042		0.9380167201	0.06204983106	
-5.880945473		0.937812252	0.0620345688	
-5.865807904		0.9376037261	0.06201926201	
-5.850670335		0.9373911131	0.06200390421	
-5.835532766		0.9371743843	0.0619884883	
-5.820395198		0.9369535109	0.06197300669	
-5.805257629		0.9367284643	0.06195745135	
-5.79012006		0.9364992156	0.061941814	
-5.774982491		0.9362657357	0.06192608611	
-5.759844922		0.9360279953	0.06191025905	
-5.744707354		0.9357859647	0.06189432406	
-5.729569785		0.9355396139	0.06187827234	
-5.714432216		0.9352889127	0.06186209499	
-5.699294647		0.9350338305	0.06184578304	
-5.684157079		0.9347743367	0.06182932734	
-5.66901951		0.9345104004	0.06181271857	
-5.653881941		0.9342419905	0.06179594713	
-5.638744372		0.9339690761	0.0617790031	
-5.623606803		0.9336916261	0.06176187613	
-5.608469235		0.9334096092	0.0617445554	
-5.593331666		0.9331229944	0.06172702956	
-5.578194097		0.9328317504	0.06170928664	
-5.563056528		0.9325358459	0.06169131405	
-5.547918959		0.9322352496	0.06167309852	
-5.532781391		0.9319299301	0.06165462612	
-5.517643822		0.9316198561	0.0616358822	
-5.502506253		0.9313049961	0.06161685148	
-5.487368684		0.9309853187	0.06159751798	
-5.472231116		0.9306607926	0.06157786515	
-5.457093547		0.9303313866	0.06155787584	
-5.441955978		0.9299970698	0.06153753238	
-5.426818409		0.9296578115	0.06151681663	
-5.41168084		0.9293135814	0.06149571004	
-5.396543272		0.9289643497	0.06147419371	
-5.381405703		0.928610087	0.06145224841	
-5.366268134		0.9282507644	0.06142985469	
-5.351130565		0.9278863537	0.06140699285	
-5.335992996		0.927516827	0.06138364307	
-5.320855428		0.9271421571	0.06135978532	
-5.305717859		0.9267623171	0.06133539951	
-5.29058029		0.9263772806	0.0613104654	
-5.275442721		0.9259870213	0.06128496266	
-5.260305153		0.9255915134	0.06125887087	
-5.245167584		0.9251907307	0.06123216948	
-5.230030015		0.9247846476	0.06120483784	
-5.214892446		0.9243732379	0.0611768552	
-5.199754877		0.9239564755	0.06114820063	
-5.184617309		0.9235343342	0.0611188531	
-5.16947974		0.9231067871	0.06108879141	
-5.154342171		0.9226738074	0.06105799421	
-5.139204602		0.9222353681	0.06102643997	
-5.124067034		0.9217914415	0.06099410704	
-5.108929465		0.921342	0.06096097359	
-5.093791896		0.9208870159	0.06092701765	
-5.078654327		0.920426461	0.06089221713	
-5.063516758		0.9199603074	0.0608565498	
-5.04837919		0.9194885269	0.06081999333	
-5.033241621		0.9190110916	0.06078252533	
-5.018104052		0.9185279733	0.06074412331	
-5.002966483		0.9180391445	0.06070476475	
-4.987828914		0.9175445773	0.06066442712	
-4.972691346		0.9170442446	0.06062308786	
-4.957553777		0.916538119	0.06058072443	
-4.942416208		0.9160261737	0.06053731432	
-4.927278639		0.9155083822	0.06049283507	
-4.912141071		0.9149847181	0.0604472643	
-4.897003502		0.9144551553	0.06040057968	
-4.881865933		0.9139196681	0.06035275898	
-4.866728364		0.9133782307	0.06030378008	
-4.851590795		0.912830818	0.06025362097	
-4.836453227		0.9122774048	0.06020225976	
-4.821315658		0.9117179661	0.06014967469	
-4.806178089		0.9111524771	0.06009584415	
-4.79104052		0.9105809133	0.06004074666	
-4.775902951		0.9100032501	0.05998436091	
-4.760765383		0.9094194631	0.05992666574	
-4.745627814		0.9088295282	0.05986764017	
-4.730490245		0.9082334211	0.05980726339	
-4.715352676		0.9076311177	0.05974551475	
-4.700215108		0.9070225943	0.05968237381	
-4.685077539		0.9064078268	0.05961782033	
-4.66993997		0.9057867916	0.05955183423	
-4.654802401		0.905159465	0.05948439569	
-4.639664832		0.9045258235	0.05941548505	
-4.624527264		0.9038858439	0.05934508291	
-4.609389695		0.9032395028	0.05927317008	
-4.594252126		0.9025867773	0.0591997276	
-4.579114557		0.9019276445	0.05912473676	
-4.563976988		0.9012620816	0.05904817907	
-4.54883942		0.9005900662	0.05897003632	
-4.533701851		0.8999115761	0.05889029055	
-4.518564282		0.8992265893	0.05880892405	
-4.503426713		0.898535084	0.05872591939	
-4.488289145		0.8978370386	0.0586412594	
-4.473151576		0.8971324321	0.05855492721	
-4.458014007		0.8964212435	0.05846690621	
-4.442876438		0.8957034523	0.05837718007	
-4.427738869		0.894979038	0.05828573277	
-4.412601301		0.894247981	0.05819254857	
-4.397463732		0.8935102615	0.05809761202	
-4.382326163		0.8927658603	0.05800090796	
-4.367188594		0.8920147588	0.05790242155	
-4.352051026		0.8912569384	0.05780213821	
-4.336913457		0.8904923812	0.05770004368	
-4.321775888		0.8897210696	0.05759612401	
-4.306638319		0.8889429865	0.05749036551	
-4.29150075		0.8881581152	0.05738275481	
-4.276363182		0.8873664395	0.05727327884	
-4.261225613		0.8865679439	0.0571619248	
-4.246088044		0.885762613	0.05704868019	
-4.230950475		0.8849504322	0.05693353281	
-4.215812906		0.8841313874	0.05681647072	
-4.200675338		0.883305465	0.05669748228	
-4.185537769		0.8824726522	0.05657655611	
-4.1704002		0.8816329364	0.05645368111	
-4.155262631		0.8807863061	0.05632884645	
-4.140125063		0.8799327499	0.05620204156	
-4.124987494		0.8790722576	0.05607325612	
-4.109849925		0.8782048193	0.05594248007	
-4.094712356		0.8773304259	0.05580970359	
-4.079574787		0.8764490692	0.05567491708	
-4.064437219		0.8755607414	0.05553811121	
-4.04929965		0.8746654358	0.05539927684	
-4.034162081		0.8737631464	0.05525840505	
-4.019024512		0.8728538677	0.05511548716	
-4.003886943		0.8719375955	0.05497051465	
-3.988749375		0.8710143262	0.05482347922	
-3.973611806		0.8700840571	0.05467437274	
-3.958474237		0.8691467863	0.05452318727	
-3.943336668		0.868202513	0.05436991503	
-3.9281991		0.8672512372	0.05421454839	
-3.913061531		0.8662929599	0.05405707988	
-3.897923962		0.865327683	0.05389750219	
-3.882786393		0.8643554096	0.05373580811	
-3.867648824		0.8633761436	0.05357199057	
-3.852511256		0.8623898899	0.05340604261	
-3.837373687		0.8613966546	0.05323795739	
-3.822236118		0.8603964447	0.05306772816	
-3.807098549		0.8593892685	0.05289534824	
-3.79196098		0.8583751352	0.05272081107	
-3.776823412		0.8573540552	0.05254411013	
-3.761685843		0.8563260398	0.05236523899	
-3.746548274		0.8552911017	0.05218419125	
-3.731410705		0.8542492547	0.05200096059	
-3.716273137		0.8532005135	0.05181554071	
-3.701135568		0.8521448942	0.05162792538	
-3.685997999		0.851082414	0.05143810838	
-3.67086043		0.8500130913	0.05124608352	
-3.655722861		0.8489369455	0.05105184465	
-3.640585293		0.8478539973	0.05085538562	
-3.625447724		0.8467642048	0.05065669062	
-3.610310155		0.8456677223	0.05045577236	
-3.595172586		0.8445645068	0.05025261566	
-3.580035018		0.8434545838	0.05004721443	
-3.564897449		0.8423379796	0.04983956263	
-3.54975988		0.841214722	0.04962965421	
-3.534622311		0.8400848396	0.04941748318	
-3.519484742		0.8389483626	0.04920304356	
-3.504347174		0.8378053219	0.04898632942	
-3.489209605		0.8366557499	0.04876733488	
-3.474072036		0.83549968	0.04854605411	
-3.458934467		0.8343371465	0.04832248136	
-3.443796898		0.8331681853	0.04809661094	
-3.42865933		0.831992833	0.04786843729	
-3.413521761		0.8308111275	0.04763795493	
-3.398384192		0.8296231075	0.04740515853	
-3.383246623		0.828428813	0.04717004291	
-3.368109055		0.827228285	0.04693260305	
-3.352971486		0.8260215654	0.04669283414	
-3.337833917		0.8248086973	0.04645073161	
-3.322696348		0.8235897245	0.04620629113	
-3.307558779		0.822364692	0.04595950866	
-3.292421211		0.8211336458	0.04571038047	
-3.277283642		0.8198966326	0.04545890322	
-3.262146073		0.8186537002	0.04520507393	
-3.247008504		0.8174048974	0.04494889009	
-3.231870935		0.8161502738	0.04469034965	
-3.216733367		0.8148898798	0.0444294511	
-3.201595798		0.8136237671	0.0441661935	
-3.186458229		0.8123519879	0.04390057655	
-3.17132066		0.8110745954	0.04363260061	
-3.156183092		0.8097916439	0.04336226679	
-3.141045523		0.8085031883	0.04308957702	
-3.125907954		0.8072092849	0.04281453405	
-3.110770385		0.8059099903	0.04253714158	
-3.095632816		0.8046053626	0.04225740426	
-3.080495248		0.8032954606	0.04197532784	
-3.065357679		0.8019803441	0.04169091915	
-3.05022011		0.8006600741	0.04140418625	
-3.035082541		0.7993347125	0.04111513843	
-3.019944972		0.7980043224	0.04082378635	
-3.004807404		0.7966689678	0.04053014206	
-2.989669835		0.7953287143	0.04023421912	
-2.974532266		0.7939836284	0.03993603265	
-2.959394697		0.792633778	0.03963559942	
-2.944257129		0.7912792324	0.03933293793	
-2.92911956		0.7899200623	0.03902806848	
-2.913981991		0.7885563398	0.03872101324	
-2.898844422		0.7871881387	0.03841179635	
-2.883706853		0.7858155345	0.03810044399	
-2.868569285		0.7844386042	0.03778698444	
-2.853431716		0.7830574267	0.03747144817	
-2.838294147		0.781672083	0.03715386791	
-2.823156578		0.7802826557	0.03683427872	
-2.80801901		0.7788892297	0.03651271804	
-2.792881441		0.7774918922	0.03618922578	
-2.777743872		0.7760907323	0.03586384436	
-2.762606303		0.7746858417	0.03553661878	
-2.747468734		0.7732773144	0.03520759667	
-2.732331166		0.7718652468	0.03487682832	
-2.717193597		0.7704497382	0.03454436676	
-2.702056028		0.7690308901	0.03421026776	
-2.686918459		0.7676088071	0.03387458986	
-2.67178089		0.7661835961	0.03353739443	
-2.656643322		0.7647553673	0.03319874566	
-2.641505753		0.7633242333	0.03285871057	
-2.626368184		0.7618903097	0.03251735903	
-2.611230615		0.760453715	0.03217476374	
-2.596093047		0.7590145704	0.03183100021	
-2.580955478		0.7575729999	0.03148614679	
-2.565817909		0.7561291303	0.03114028455	
-2.55068034		0.7546830911	0.03079349734	
-2.535542771		0.7532350142	0.03044587167	
-2.520405203		0.751785034	0.03009749669	
-2.505267634		0.7503332875	0.02974846411	
-2.490130065		0.7488799134	0.02939886813	
-2.474992496		0.7474250528	0.02904880536	
-2.459854927		0.7459688483	0.02869837472	
-2.444717359		0.744511444	0.02834767733	
-2.42957979		0.7430529853	0.02799681642	
-2.414442221		0.7415936186	0.0276458972	
-2.399304652		0.740133491	0.02729502672	
-2.384167084		0.7386727496	0.02694431372	
-2.369029515		0.7372115417	0.02659386854	
-2.353891946		0.735750014	0.0262438029	
-2.338754377		0.7342883124	0.02589422977	
-2.323616808		0.7328265813	0.02554526321	
-2.30847924		0.7313649635	0.02519701816	
-2.293341671		0.7299035995	0.02484961031	
-2.278204102		0.7284426272	0.02450315585	
-2.263066533		0.7269821811	0.02415777132	
-2.247928964		0.7255223922	0.02381357342	
-2.232791396		0.7240633872	0.02347067877	
-2.217653827		0.722605288	0.02312920374	
-2.202516258		0.7211482117	0.02278926422	
-2.187378689		0.7196922695	0.02245097543	
-2.172241121		0.7182375664	0.0221144517	
-2.157103552		0.7167842011	0.02177980627	
-2.141965983		0.715332265	0.02144715108	
-2.126828414		0.7138818425	0.02111659655	
-2.111690845		0.7124330099	0.02078825138	
-2.096553277		0.7109858356	0.02046222237	
-2.081415708		0.7095403795	0.02013861417	
-2.066278139		0.708096693	0.01981752916	
-2.05114057		0.7066548185	0.01949906718	
-2.036003002		0.7052147896	0.01918332541	
-2.020865433		0.7037766306	0.01887039817	
-2.005727864		0.7023403566	0.01856037675	
-1.990590295		0.7009059738	0.01825334925	
-1.975452726		0.6994734789	0.01794940043	
-1.960315158		0.6980428598	0.01764861158	
-1.945177589		0.6966140955	0.01735106037	
-1.93004002		0.6951871564	0.01705682075	
-1.914902451		0.6937620045	0.01676596281	
-1.899764882		0.6923385937	0.01647855272	
-1.884627314		0.6909168703	0.01619465262	
-1.869489745		0.6894967734	0.01591432054	
-1.854352176		0.688078235	0.01563761037	
-1.839214607		0.6866611813	0.01536457179	
-1.824077039		0.6852455323	0.01509525023	
-1.80893947		0.683831203	0.01482968686	
-1.793801901		0.6824181037	0.01456791859	
-1.778664332		0.6810061406	0.01430997804	
-1.763526763		0.6795952168	0.01405589358	
-1.748389195		0.6781852323	0.01380568939	
-1.733251626		0.676776085	0.01355938543	
-1.718114057		0.6753676713	0.01331699755	
-1.702976488		0.6739598866	0.01307853753	
-1.687838919		0.6725526258	0.01284401315	
-1.672701351		0.6711457843	0.01261342831	
-1.657563782		0.6697392578	0.01238678307	
-1.642426213		0.6683329434	0.0121640738	
-1.627288644		0.6669267399	0.01194529327	
-1.612151076		0.665520548	0.01173043077	
-1.597013507		0.6641142709	0.01151947225	
-1.581875938		0.6627078146	0.01131240041	
-1.566738369		0.6613010879	0.01110919491	
-1.5516008		0.659894003	0.01090983244	
-1.536463232		0.6584864754	0.01071428689	
-1.521325663		0.657078424	0.01052252951	
-1.506188094		0.6556697713	0.01033452903	
-1.491050525		0.6542604433	0.01015025186	
-1.475912956		0.6528503692	0.009969662187	
-1.460775388		0.6514394818	0.009792722142	
-1.445637819		0.650027717	0.009619391966	
-1.43050025		0.6486150134	0.009449630145	
-1.415362681		0.6472013127	0.009283393554	
-1.400225113		0.6457865586	0.009120637608	
-1.385087544		0.644370697	0.008961316398	
-1.369949975		0.6429536757	0.008805382827	
-1.354812406		0.6415354436	0.008652788746	
-1.339674837		0.6401159507	0.008503485083	
-1.324537269		0.6386951472	0.008357421965	
-1.3093997		0.6372729838	0.008214548839	
-1.294262131		0.6358494105	0.008074814589	
-1.279124562		0.6344243764	0.00793816764	
-1.263986993		0.632997829	0.007804556067	
-1.248849425		0.6315697135	0.007673927685	
-1.233711856		0.6301399716	0.007546230138	
-1.218574287		0.6287085395	0.007421410971	
-1.203436718		0.6272753438	0.007299417675	
-1.18829915		0.6258402946	0.007180197691	
-1.173161581		0.62440327	0.00706369833	
-1.158024012		0.622964086	0.006949866525	
-1.142886443		0.6215224331	0.006838648248	
-1.127748874		0.6200777471	0.006729987255	
-1.112611306		0.618628946	0.006623822502	
-1.097473737		0.6171739003	0.006520082955	
-1.082336168		0.6157084115	0.006418677683	
-1.067198599		0.6142243946	0.006319478544	
-1.052061031		0.6127072913	0.006222296417	
-1.036923462		0.611134731	0.006126871768	
-1.021785893		0.6094839357	0.006032952496	
-1.006648324		0.6077577677	0.005940548162	
-0.9915107554		0.6060107418	0.005850164946	
-0.9763731866		0.6043192335	0.005762491215	
-0.9612356178		0.6027174392	0.005677783256	
-0.946098049		0.6011898455	0.005595821051	
-0.9309604802		0.5997063893	0.005516259879	
-0.9158229115		0.5982440671	0.0054388341	
-0.9006853427		0.5967896092	0.00536337669	
-0.8855477739		0.5953362224	0.005289784732	
-0.8704102051		0.5938805858	0.005217989474	
-0.8552726363		0.5924210812	0.005147939088	
-0.8401350675		0.5909568917	0.005079590048	
-0.8249974987		0.5894875705	0.00501290305	
-0.80985993		0.5880128414	0.004947841143	
-0.7947223612		0.5865325064	0.004884368877	
-0.7795847924		0.5850464043	0.004822451914	
-0.7644472236		0.5835543922	0.00476205685	
-0.7493096548		0.5820563376	0.00470315114	
-0.734172086		0.5805521148	0.004645703048	
-0.7190345173		0.5790416038	0.004589681633	
-0.7038969485		0.5775246904	0.004535056729	
-0.6887593797		0.5760012661	0.00448179894	
-0.6736218109		0.5744712287	0.004429879623	
-0.6584842421		0.572934483	0.004379270886	
-0.6433466733		0.5713909412	0.004329945573	
-0.6282091046		0.5698405234	0.004281877258	
-0.6130715358		0.5682831585	0.004235040232	
-0.597933967		0.5667187841	0.004189409495	
-0.5827963982		0.5651473478	0.004144960743	
-0.5676588294		0.563568807	0.004101670362	
-0.5525212606		0.5619831297	0.00405951541	
-0.5373836918		0.5603902951	0.004018473612	
-0.5222461231		0.5587902936	0.003978523347	
-0.5071085543		0.5571831272	0.003939643635	
-0.4919709855		0.5555688101	0.00390181413	
-0.4768334167		0.553947369	0.003865015102	
-0.4616958479		0.552318843	0.003829227434	
-0.4465582791		0.5506832841	0.003794432602	
-0.4314207104		0.5490407573	0.003760612672	
-0.4162831416		0.5473913407	0.003727750284	
-0.4011455728		0.5457351255	0.00369582864	
-0.386008004		0.5440722164	0.003664831498	
-0.3708704352		0.5424027312	0.003634743155	
-0.3557328664		0.5407268007	0.003605548443	
-0.3405952976		0.5390445693	0.003577232712	
-0.3254577289		0.537356194	0.003549781823	
-0.3103201601		0.5356618447	0.003523182137	
-0.2951825913		0.533961704	0.003497420504	
-0.2800450225		0.5322559667	0.003472484257	
-0.2649074537		0.5305448398	0.003448361193	
-0.2497698849		0.5288285418	0.003425039575	
-0.2346323162		0.5271073027	0.003402508114	
-0.2194947474		0.5253813632	0.003380755961	
-0.2043571786		0.5236509746	0.003359772702	
-0.1892196098		0.521916398	0.003339548345	
-0.174082041		0.5201779041	0.003320073314	
-0.1589444722		0.5184357722	0.003301338436	
-0.1438069035		0.51669029	0.003283334939	
-0.1286693347		0.514941753	0.003266054439	
-0.1135317659		0.5131904633	0.003249488932	
-0.0983941971		0.5114367297	0.003233630792	
-0.08325662831		0.5096808664	0.003218472755	
-0.06811905953		0.5079231927	0.003204007918	
-0.05298149075		0.5061640319	0.003190229729	
-0.03784392196		0.5044037109	0.003177131982	
-0.02270635318		0.5026425593	0.003164708806	
-0.007568784392		0.5008809085	0.003152954665	
0.007568784392		0.4991190912	0.003141864344	
0.02270635318		0.4973574404	0.003131432949	
0.03784392196		0.4955962888	0.003121655899	
0.05298149075		0.4938359678	0.003112528919	
0.06811905953		0.4920768071	0.003104048033	
0.08325662831		0.4903191334	0.003096209565	
0.0983941971		0.4885632701	0.003089010124	
0.1135317659		0.4868095365	0.003082446609	
0.1286693347		0.4850582469	0.003076516196	
0.1438069035		0.4833097099	0.003071216337	
0.1589444722		0.4815642278	0.003066544755	
0.174082041		0.479822096	0.003062499439	
0.1892196098		0.4780836021	0.003059078642	
0.2043571786		0.4763490256	0.003056280871	
0.2194947474		0.4746186371	0.003054104889	
0.2346323162		0.4728926976	0.00305254971	
0.2497698849		0.4711714585	0.003051614594	
0.2649074537		0.4694551606	0.003051299042	
0.2800450225		0.4677440337	0.003051602797	
0.2951825913		0.4660382964	0.003052525836	
0.3103201601		0.4643381557	0.003054068373	
0.3254577289		0.4626438064	0.003056230849	
0.3405952976		0.4609554311	0.003059013935	
0.3557328664		0.4592731997	0.003062418525	
0.3708704352		0.4575972692	0.003066445738	
0.386008004		0.4559277839	0.003071096911	
0.4011455728		0.4542648748	0.003076373602	
0.4162831416		0.4526086596	0.003082277582	
0.4314207104		0.4509592429	0.003088810838	
0.4465582791		0.449316716	0.003095975568	
0.4616958479		0.4476811571	0.003103774181	
0.4768334167		0.446052631	0.003112209296	
0.4919709855		0.4444311899	0.003121283737	
0.5071085543		0.4428168728	0.003131000535	
0.5222461231		0.4412097063	0.003141362926	
0.5373836918		0.4396097046	0.003152374349	
0.5525212606		0.43801687	0.003164038444	
0.5676588294		0.4364311927	0.003176359054	
0.5827963982		0.4348526518	0.003189340219	
0.597933967		0.4332812154	0.00320298618	
0.6130715358		0.431716841	0.003217301374	
0.6282091046		0.430159476	0.003232290437	
0.6433466733		0.4286090582	0.003247958199	
0.6584842421		0.4270655164	0.003264309685	
0.6736218109		0.4255287706	0.003281350112	
0.6887593797		0.4239987332	0.003299084893	
0.7038969485		0.4224753088	0.003317519627	
0.7190345173		0.4209583954	0.003336660108	
0.734172086		0.4194478844	0.003356512312	
0.7493096548		0.4179436616	0.003377082404	
0.7644472236		0.4164456071	0.003398376726	
0.7795847924		0.4149535951	0.00342040179	
0.7947223612		0.4134674931	0.003443164263	
0.80985993		0.4119871581	0.003466670927	
0.8249974987		0.4105124291	0.0034909286	
0.8401350675		0.4090431081	0.003515943957	
0.8552726363		0.4075789187	0.00354172315	
0.8704102051		0.4061194144	0.003568270946	
0.8855477739		0.404663778	0.003595588852	
0.9006853427		0.4032103914	0.003623671038	
0.9158229115		0.4017559337	0.003652495695	
0.9309604802		0.4002936117	0.003682007788	
0.946098049		0.3988101556	0.003712089094	
0.9612356178		0.397282562	0.003742523668	
0.9763731866		0.3956807678	0.003773017345	
0.9915107554		0.3939892594	0.003803401484	
1.006648324		0.3922422335	0.003833984527	
1.021785893		0.3905160654	0.003865507737	
1.036923462		0.3888652699	0.003898530911	
1.052061031		0.3872927095	0.003933117931	
1.067198599		0.3857756061	0.003969071697	
1.082336168		0.3842915889	0.004006188309	
1.097473737		0.3828261	0.004044334866	
1.112611306		0.3813710542	0.00408343997	
1.127748874		0.3799222529	0.004123469882	
1.142886443		0.3784775669	0.004164411141	
1.158024012		0.3770359138	0.004206260571	
1.173161581		0.3755967297	0.004249020012	
1.18829915		0.3741597051	0.004292693635	
1.203436718		0.3727246558	0.004337286595	
1.218574287		0.3712914601	0.004382804342	
1.233711856		0.369860028	0.004429252259	
1.248849425		0.3684302862	0.004476635463	
1.263986993		0.3670021708	0.004524958685	
1.279124562		0.3655756234	0.004574226178	
1.294262131		0.3641505893	0.004624441652	
1.3093997		0.3627270161	0.004675608212	
1.324537269		0.3613048527	0.004727728297	
1.339674837		0.3598840493	0.004780803621	
1.354812406		0.3584645564	0.004834835113	
1.369949975		0.3570463243	0.004889822861	
1.385087544		0.355629303	0.004945766045	
1.400225113		0.3542134414	0.005002662879	
1.415362681		0.3527986872	0.005060510545	
1.43050025		0.3513849864	0.005119305134	
1.445637819		0.3499722827	0.005179041578	
1.460775388		0.3485605178	0.005239713593	
1.475912956		0.3471496303	0.005301313613	
1.491050525		0.3457395562	0.005363832732	
1.506188094		0.344330228	0.005427260642	
1.521325663		0.3429215753	0.005491585581	
1.536463232		0.3415135239	0.005556794273	
1.5516008		0.3401059963	0.005622871882	
1.566738369		0.3386989114	0.005689801962	
1.581875938		0.3372921847	0.005757566411	
1.597013507		0.3358857284	0.005826145438	
1.612151076		0.3344794514	0.005895517523	
1.627288644		0.3330732596	0.005965659393	
1.642426213		0.3316670562	0.006036545995	
1.657563782		0.330260742	0.006108150485	
1.672701351		0.3288542156	0.006180444213	
1.687838919		0.3274473742	0.006253396726	
1.702976488		0.3260401136	0.006326975767	
1.718114057		0.3246323291	0.006401147293	
1.733251626		0.3232239155	0.006475875491	
1.748389195		0.3218147684	0.006551122811	
1.763526763		0.320404784	0.006626849996	
1.778664332		0.3189938603	0.006703016132	
1.793801901		0.3175818974	0.006779578699	
1.80893947		0.3161687981	0.006856493628	
1.824077039		0.3147544689	0.006933715374	
1.839214607		0.3133388199	0.007011196989	
1.854352176		0.3119217661	0.007088890203	
1.869489745		0.3105032278	0.007166745516	
1.884627314		0.3090831308	0.007244712295	
1.899764882		0.3076614073	0.007322738872	
1.914902451		0.3062379964	0.007400772654	
1.93004002		0.3048128444	0.007478760233	
1.945177589		0.3033859051	0.007556647506	
1.960315158		0.3019571407	0.007634379789	
1.975452726		0.3005265214	0.007711901946	
1.990590295		0.2990940263	0.00778915851	
2.005727864		0.2976596433	0.007866093809	
2.020865433		0.2962233692	0.007942652099	
2.036003002		0.29478521	0.008018777683	
2.05114057		0.2933451809	0.008094415046	
2.066278139		0.2919033063	0.008169508977	
2.081415708		0.2904596197	0.008244004694	
2.096553277		0.2890141635	0.008317847966	
2.111690845		0.2875669891	0.008390985231	
2.126828414		0.2861181564	0.008463363711	
2.141965983		0.2846677338	0.008534931527	
2.157103552		0.2832157977	0.008605637799	
2.172241121		0.2817624324	0.008675432754	
2.187378689		0.2803077294	0.008744267819	
2.202516258		0.2788517872	0.008812095712	
2.217653827		0.277394711	0.00887887053	
2.232791396		0.275936612	0.008944547822	
2.247928964		0.2744776071	0.00900908467	
2.263066533		0.2730178183	0.009072439746	
2.278204102		0.2715573724	0.009134573379	
2.293341671		0.2700964002	0.009195447605	
2.30847924		0.2686350365	0.009255026214	
2.323616808		0.2671734189	0.009313274789	
2.338754377		0.265711688	0.009370160744	
2.353891946		0.2642499865	0.009425653345	
2.369029515		0.262788459	0.009479723738	
2.384167084		0.2613272512	0.009532344961	
2.399304652		0.25986651	0.009583491954	
2.414442221		0.2584063825	0.009633141561	
2.42957979		0.2569470159	0.009681272534	
2.444717359		0.2554885573	0.009727865523	
2.459854927		0.2540311531	0.009772903064	
2.474992496		0.2525749486	0.009816369566	
2.490130065		0.2511200879	0.009858251289	
2.505267634		0.2496667139	0.00989853632	
2.520405203		0.2482149673	0.009937214547	
2.535542771		0.2467649871	0.009974277626	
2.55068034		0.24531691	0.01000971895	
2.565817909		0.2438708706	0.0100435336	
2.580955478		0.2424270009	0.01007571832	
2.596093047		0.2409854303	0.01010627147	
2.611230615		0.2395462855	0.01013519298	
2.626368184		0.2381096906	0.0101624843	
2.641505753		0.2366757668	0.01018814835	
2.656643322		0.2352446327	0.01021218951	
2.67178089		0.2338164036	0.01023461348	
2.686918459		0.2323911925	0.01025542733	
2.702056028		0.2309691093	0.01027463939	
2.717193597		0.229550261	0.01029225921	
2.732331166		0.2281347522	0.0103082975	
2.747468734		0.2267226845	0.01032276609	
2.762606303		0.2253141571	0.01033567787	
2.777743872		0.2239092664	0.01034704675	
2.792881441		0.2225081064	0.01035688756	
2.80801901		0.2211107689	0.01036521608	
2.823156578		0.2197173429	0.0103720489	
2.838294147		0.2183279156	0.01037740343	
2.853431716		0.2169425719	0.01038129781	
2.868569285		0.2155613945	0.01038375092	
2.883706853		0.2141844643	0.01038478223	
2.898844422		0.2128118602	0.01038441187	
2.913981991		0.2114436592	0.01038266049	
2.92911956		0.2100799369	0.01037954925	
2.944257129		0.208720767	0.01037509979	
2.959394697		0.2073662215	0.01036933417	
2.974532266		0.2060163713	0.01036227482	
2.989669835		0.2046712856	0.01035394452	
3.004807404		0.2033310323	0.01034436634	
3.019944972		0.201995678	0.01033356362	
3.035082541		0.200665288	0.01032155991	
3.05022011		0.1993399266	0.01030837898	
3.065357679		0.1980196568	0.01029404473	
3.080495248		0.1967045405	0.01027858118	
3.095632816		0.1953946387	0.01026201247	
3.110770385		0.1940900112	0.01024436278	
3.125907954		0.1927907168	0.01022565633	
3.141045523		0.1914968134	0.01020591734	
3.156183092		0.190208358	0.01018517003	
3.17132066		0.1889254066	0.01016343857	
3.186458229		0.1876480142	0.01014074705	
3.201595798		0.186376235	0.01011711949	
3.216733367		0.1851101224	0.01009257979	
3.231870935		0.1838497285	0.01006715174	
3.247008504		0.1825951049	0.01004085897	
3.262146073		0.1813463021	0.01001372496	
3.277283642		0.1801033698	0.009985772987	
3.292421211		0.1788663567	0.00995702617	
3.307558779		0.1776353104	0.009927507403	
3.322696348		0.176410278	0.009897239364	
3.337833917		0.1751913053	0.009866244504	
3.352971486		0.1739784372	0.009834545032	
3.368109055		0.1727717177	0.009802162909	
3.383246623		0.1715711897	0.009769119835	
3.398384192		0.1703768954	0.009735437247	
3.413521761		0.1691888755	0.009701136305	
3.42865933		0.16800717	0.009666237891	
3.443796898		0.1668318178	0.009630762603	
3.458934467		0.1656628567	0.009594730746	
3.474072036		0.1645003234	0.009558162332	
3.489209605		0.1633442535	0.009521077077	
3.504347174		0.1621946816	0.009483494394	
3.519484742		0.1610516409	0.009445433392	
3.534622311		0.1599151638	0.009406912879	
3.54975988		0.1587852814	0.009367951352	
3.564897449		0.1576620235	0.009328567005	
3.580035018		0.1565454191	0.009288777725	
3.595172586		0.1554354956	0.009248601093	
3.610310155		0.1543322797	0.00920805439	
3.625447724		0.1532357969	0.009167154598	
3.640585293		0.1521460016	0.009125915158	
3.655722861		0.1510630533	0.009084358549	
3.67086043		0.1499869073	0.009042497972	
3.685997999		0.1489175844	0.0090003492	
3.701135568		0.147855104	0.008957927708	
3.716273137		0.1467994845	0.008915248678	
3.731410705		0.1457507431	0.008872327006	
3.746548274		0.1447088958	0.008829177297	
3.761685843		0.1436739574	0.008785813874	
3.776823412		0.1426459418	0.00874225078	
3.79196098		0.1416248615	0.008698501781	
3.807098549		0.1406107279	0.008654580368	
3.822236118		0.1396035515	0.008610499766	
3.837373687		0.1386033415	0.008566272931	
3.852511256		0.1376101061	0.008521912558	
3.867648824		0.1366238523	0.008477431086	
3.882786393		0.1356445863	0.008432840697	
3.897923962		0.1346723129	0.008388153325	
3.913061531		0.1337070363	0.008343380657	
3.9281991		0.1327487592	0.008298534139	
3.943336668		0.1317974839	0.008253624978	
3.958474237		0.1308532111	0.008208664148	
3.973611806		0.129915941	0.008163662393	
3.988749375		0.1289856727	0.00811863023	
4.003886943		0.1280624044	0.008073577956	
4.019024512		0.1271461333	0.00802851565	
4.034162081		0.126236856	0.007983453174	
4.04929965		0.125334568	0.007938400183	
4.064437219		0.1244392639	0.007893366124	
4.079574787		0.1235509379	0.007848360243	
4.094712356		0.1226695829	0.007803391584	
4.109849925		0.1217951913	0.007758468999	
4.124987494		0.1209277548	0.007713601147	
4.140125063		0.1200672643	0.007668796497	
4.155262631		0.1192137099	0.007624063337	
4.1704002		0.1183670811	0.00757940977	
4.185537769		0.1175273667	0.007534843722	
4.200675338		0.116694555	0.007490372946	
4.215812906		0.1158686335	0.007446005021	
4.230950475		0.1150495892	0.007401747359	
4.246088044		0.1142374084	0.007357607204	
4.261225613		0.113432077	0.007313591642	
4.276363182		0.1126335802	0.007269707596	
4.29150075		0.1118419028	0.007225961831	
4.306638319		0.1110570291	0.007182360963	
4.321775888		0.1102789429	0.007138911451	
4.336913457		0.1095076275	0.00709561961	
4.352051026		0.1087430657	0.007052491606	
4.367188594		0.10798524	0.007009533463	
4.382326163		0.1072341326	0.006966751062	
4.397463732		0.1064897249	0.006924150147	
4.412601301		0.1057519984	0.006881736324	
4.427738869		0.1050209339	0.006839515067	
4.442876438		0.1042965121	0.006797491713	
4.458014007		0.1035787132	0.006755671474	
4.473151576		0.1028675172	0.006714059431	
4.488289145		0.1021629036	0.006672660537	
4.503426713		0.101464852	0.006631479622	
4.518564282		0.1007733412	0.006590521394	
4.533701851		0.1000883502	0.006549790436	
4.54883942		0.09940985741	0.006509291214	
4.563976988		0.09873784117	0.006469028071	
4.579114557		0.09807227947	0.006429005237	
4.594252126		0.09741315007	0.006389226823	
4.609389695		0.09676043051	0.006349696824	
4.624527264		0.09611409805	0.00631041912	
4.639664832		0.09547412974	0.006271397481	
4.654802401		0.09484050236	0.00623263556	
4.66993997		0.09421319247	0.006194136901	
4.685077539		0.0935921764	0.006155904936	
4.700215108		0.09297743024	0.006117942987	
4.715352676		0.09236892984	0.006080254267	
4.730490245		0.09176665086	0.006042841881	
4.745627814		0.0911705687	0.006005708827	
4.760765383		0.0905806586	0.005968857998	
4.775902951		0.08999689556	0.005932292181	
4.79104052		0.08941925444	0.005896014062	
4.806178089		0.0888477099	0.005860026224	
4.821315658		0.08828223647	0.005824331153	
4.836453227		0.08772280855	0.005788931237	
4.851590795		0.08716940045	0.005753828769	
4.866728364		0.08662198638	0.00571902595	
4.881865933		0.08608054053	0.00568452489	
4.897003502		0.08554503704	0.005650327615	
4.912141071		0.08501545005	0.005616436064	
4.927278639		0.08449175375	0.005582852093	
4.942416208		0.08397392234	0.005549577482	
4.957553777		0.0834619301	0.005516613931	
4.972691346		0.08295575137	0.005483963064	
4.987828914		0.08245536057	0.005451626435	
5.002966483		0.08196073217	0.00541960552	
5.018104052		0.08147184071	0.005387901726	
5.033241621		0.08098866076	0.005356516386	
5.04837919		0.08051116687	0.005325450761	
5.063516758		0.08003933358	0.005294706036	
5.078654327		0.0795731353	0.005264283321	
5.093791896		0.07911254633	0.005234183645	
5.108929465		0.07865754077	0.005204407959	
5.124067034		0.07820809246	0.005174957126	
5.139204602		0.07776417493	0.005145831924	
5.154342171		0.07732576135	0.00511703304	
5.16947974		0.0768928245	0.005088561069	
5.184617309		0.07646533672	0.005060416511	
5.199754877		0.07604326992	0.005032599771	
5.214892446		0.07562659557	0.005005111157	
5.230030015		0.0752152847	0.004977950885	
5.245167584		0.074809308	0.004951119076	
5.260305153		0.0744086358	0.004924615764	
5.275442721		0.07401323819	0.004898440897	
5.29058029		0.07362308509	0.004872594342	
5.305717859		0.07323814634	0.004847075896	
5.320855428		0.0728583918	0.004821885285	
5.335992996		0.07248379142	0.004797022177	
5.351130565		0.07211431538	0.004772486185	
5.366268134		0.07174993406	0.004748276875	
5.381405703		0.07139061821	0.00472439377	
5.396543272		0.0710363389	0.004700836355	
5.41168084		0.07068706755	0.004677604081	
5.426818409		0.07034277595	0.004654696366	
5.441955978		0.07000343616	0.004632112597	
5.457093547		0.06966902053	0.004609852127	
5.472231116		0.06933950158	0.004587914278	
5.487368684		0.06901485193	0.004566298338	
5.502506253		0.06869504424	0.004545003555	
5.517643822		0.06838005112	0.004524029138	
5.532781391		0.06806984505	0.004503374256	
5.547918959		0.06776439833	0.004483038028	
5.563056528		0.06746368303	0.004463019529	
5.578194097		0.06716767093	0.004443317783	
5.593331666		0.06687633356	0.004423931759	
5.608469235		0.06658964211	0.004404860374	
5.623606803		0.0663075675	0.004386102483	
5.638744372		0.06603008032	0.004367656884	
5.653881941		0.06575715088	0.004349522305	
5.66901951		0.06548874915	0.004331697405	
5.684157079		0.06522484479	0.004314180766	
5.699294647		0.06496540709	0.004296970889	
5.714432216		0.06471040498	0.004280066184	
5.729569785		0.06445980691	0.004263464966	
5.744707354		0.06421358091	0.004247165452	
5.759844922		0.06397169444	0.004231165752	
5.774982491		0.06373411445	0.004215463873	
5.79012006		0.06350080732	0.004200057717	
5.805257629		0.06327173888	0.004184945091	
5.820395198		0.06304687444	0.004170123712	
5.835532766		0.06282617889	0.004155591223	
5.850670335		0.0626096168	0.00414134521	
5.865807904		0.06239715255	0.004127383226	
5.880945473		0.06218875054	0.004113702812	
5.896083042		0.06198437537	0.004100301522	
5.91122061		0.06178399202	0.004087176954	
5.926358179		0.0615875661	0.004074326766	
5.941495748		0.06139506402	0.004061748704	
5.956633317		0.06120645313	0.004049440613	
5.971770885		0.06102170185	0.004037400448	
5.986908454		0.06084077974	0.004025626275	
6.002046023		0.06066365745	0.004014116271	
6.017183592		0.06049030667	0.004002868703	
6.032321161		0.0603207	0.003991881914	
6.047458729		0.06015481072	0.003981154294	
6.062596298		0.05999261259	0.003970684253	
6.077733867		0.05983407955	0.003960470187	
6.092871436		0.05967918542	0.003950510444	
6.108009005		0.05952790367	0.0039408033	
6.123146573		0.05938020711	0.003931346926	
6.138284142		0.05923606771	0.003922139373	
6.153421711		0.05909545646	0.00391317856	
6.16855928		0.05895834324	0.003904462261	
6.183696848		0.05882469682	0.003895988118	
6.198834417		0.05869448493	0.003887753638	
6.213971986		0.05856767434	0.003879756219	
6.229109555		0.05844423101	0.003871993159	
6.244247124		0.05832412032	0.003864461686	
6.259384692		0.05820730726	0.003857158973	
6.274522261		0.05809375667	0.003850082168	
6.28965983		0.05798343343	0.003843228406	
6.304797399		0.05787630269	0.003836594831	
6.319934967		0.05777233001	0.003830178607	
6.335072536		0.05767148146	0.003823976925	
6.350210105		0.05757372375	0.003817987008	
6.365347674		0.05747902422	0.003812206109	
6.380485243		0.05738735084	0.003806631507	
6.395622811		0.05729867219	0.003801260498	
6.41076038		0.05721295734	0.003796090387	
6.425897949		0.05713017582	0.003791118476	
6.441035518		0.05705029743	0.003786342051	
6.456173087		0.05697329218	0.003781758372	
6.471310655		0.05689913015	0.003777364661	
6.486448224		0.05682778136	0.003773158092	
6.501585793		0.0567592157	0.003769135784	
6.516723362		0.05669340284	0.003765294795	
6.53186093		0.05663031213	0.003761632118	
6.546998499		0.05656991259	0.003758144678	
6.562136068		0.05651217286	0.003754829334	
6.577273637		0.05645706119	0.003751682877	
6.592411206		0.05640454544	0.003748702036	
6.607548774		0.05635459311	0.00374588348	
6.622686343		0.05630717136	0.003743223823	
6.637823912		0.05626224707	0.003740719629	
6.652961481		0.05621978685	0.003738367417	
6.66809905		0.05617975709	0.003736163666	
6.683236618		0.05614212408	0.003734104821	
6.698374187		0.05610685395	0.003732187295	
6.713511756		0.05607391281	0.003730407478	
6.728649325		0.05604326675	0.003728761736	
6.743786893		0.05601488187	0.003727246416	
6.758924462		0.05598872434	0.003725857847	
6.774062031		0.05596476043	0.003724592345	
6.7891996		0.05594295649	0.00372344621	
6.804337169		0.05592327902	0.003722415731	
6.819474737		0.05590569461	0.003721497182	
6.834612306		0.05589017004	0.003720686826	
6.849749875		0.05587667219	0.003719980912	
6.864887444		0.05586516809	0.003719375674	
6.880025013		0.0558556249	0.003718867334	
6.895162581		0.05584800991	0.003718452096	
6.91030015		0.0558422905	0.00371812615	
6.925437719		0.05583843419	0.003717885667	
6.940575288		0.05583640856	0.003717726801	
6.955712856		0.0558361813	0.003717645687	
6.970850425		0.05583772014	0.003717638443	
6.985987994		0.05584099291	0.003717701166	
7.001125563		0.05584596748	0.003717829932	
7.016263132		0.05585261177	0.003718020799	
7.0314007		0.05586089373	0.003718269806	
7.046538269		0.05587078139	0.00371857297	
7.061675838		0.05588224277	0.00371892629	
7.076813407		0.05589524595	0.003719325748	
7.091950975		0.05590975903	0.003719767305	
7.107088544		0.05592575016	0.003720246907	
7.122226113		0.0559431875	0.00372076048	
7.137363682		0.05596203928	0.003721303939	
7.152501251		0.05598227373	0.003721873181	
7.167638819		0.05600385915	0.003722464089	
7.182776388		0.05602676386	0.003723072534	
7.197913957		0.05605095625	0.003723694376	
7.213051526		0.05607640475	0.003724325464	
7.228189095		0.05610307784	0.003724961636	
7.243326663		0.05613094406	0.003725598723	
7.258464232		0.05615997201	0.003726232548	
7.273601801		0.05619013036	0.00372685893	
7.28873937		0.05622138784	0.00372747368	
7.303876938		0.05625371325	0.003728072606	
7.319014507		0.05628707544	0.003728651515	
7.334152076		0.05632144337	0.00372920621	
7.349289645		0.05635678604	0.003729732495	
7.364427214		0.05639307255	0.003730226176	
7.379564782		0.05643027204	0.003730683057	
7.394702351		0.05646835375	0.003731098949	
7.40983992		0.05650728701	0.003731469665	
7.424977489		0.05654704118	0.003731791024	
7.440115058		0.05658758572	0.003732058852	
7.455252626		0.05662889018	0.003732268982	
7.470390195		0.05667092415	0.003732417257	
7.485527764		0.0567136573	0.003732499527	
7.500665333		0.05675705939	0.003732511659	
7.515802901		0.05680110023	0.003732449526	
7.53094047		0.05684574969	0.003732309021	
7.546078039		0.05689097772	0.003732086048	
7.561215608		0.05693675433	0.00373177653	
7.576353177		0.05698304958	0.003731376404	
7.591490745		0.05702983361	0.003730881631	
7.606628314		0.05707707658	0.003730288189	
7.621765883		0.05712474875	0.003729592079	
7.636903452		0.0571728204	0.003728789323	
7.652041021		0.05722126186	0.003727875971	
7.667178589		0.05727004352	0.003726848095	
7.682316158		0.05731913581	0.003725701795	
7.697453727		0.05736850919	0.003724433202	
7.712591296		0.05741813416	0.003723038474	
7.727728864		0.05746798127	0.003721513801	
7.742866433		0.05751802109	0.003719855405	
7.758004002		0.05756822422	0.003718059542	
7.773141571		0.05761856128	0.003716122505	
7.78827914		0.05766900291	0.003714040621	
7.803416708		0.05771951978	0.003711810256	
7.818554277		0.05777008256	0.003709427817	
7.833691846		0.05782066194	0.003706889748	
7.848829415		0.05787122862	0.003704192539	
7.863966983		0.05792175329	0.00370133272	
7.879104552		0.05797220366	0.003698306674	
7.894242121		0.0580225564	0.003695111409	
7.90937969		0.05807277918	0.003691743401	
7.924517259		0.05812284269	0.003688199368	
7.939654827		0.05817271754	0.003684476075	
7.954792396		0.05822237436	0.003680570341	
7.969929965		0.05827178374	0.003676479034	
7.985067534		0.05832091623	0.003672199078	
8.000205103		0.05836974234	0.00366772745	
8.015342671		0.05841823255	0.003663061183	
8.03048024		0.05846635729	0.003658197367	
8.045617809		0.05851408694	0.003653133151	
8.060755378		0.05856139181	0.00364786574	
8.075892946		0.05860824216	0.003642392402	
8.091030515		0.05865460819	0.003636710465	
8.106168084		0.05870046002	0.00363081732	
8.121305653		0.0587457677	0.00362471042	
8.136443222		0.05879050119	0.003618387283	
8.15158079		0.05883463038	0.003611845494	
8.166718359		0.05887812506	0.003605082701	
8.181855928		0.05892095495	0.003598096623	
8.196993497		0.05896308966	0.003590885044	
8.212131066		0.05900449869	0.00358344582	
8.227268634		0.05904515146	0.003575776875	
8.242406203		0.05908501728	0.003567876207	
8.257543772		0.05912406535	0.003559741882	
8.272681341		0.05916226477	0.003551372043	
8.287818909		0.05919958452	0.003542764906	
8.302956478		0.05923599348	0.00353391876	
8.318094047		0.0592714604	0.003524831972	
8.333231616		0.05930595394	0.003515502985	
8.348369185		0.05933944265	0.00350593032	
8.363506753		0.05937189495	0.003496112574	
8.378644322		0.05940327916	0.003486048428	
8.393781891		0.0594335635	0.00347573664	
8.40891946		0.05946271609	0.00346517605	
8.424057029		0.05949070493	0.003454365582	
8.439194597		0.05951749796	0.00344330424	
8.454332166		0.05954306299	0.003431991114	
8.469469735		0.05956736778	0.00342042538	
8.484607304		0.05959037999	0.003408606298	
8.499744872		0.05961206723	0.003396533216	
8.514882441		0.05963239704	0.00338420557	
8.53002001		0.05965133691	0.003371622884	
8.545157579		0.0596688543	0.003358784774	
8.560295148		0.05968491662	0.003345690944	
8.575432716		0.05969949129	0.003332341192	
8.590570285		0.05971254571	0.003318735409	
8.605707854		0.05972404731	0.003304873579	
8.620845423		0.05973396353	0.003290755782	
8.635982991		0.05974226188	0.003276382194	
8.65112056		0.05974890991	0.003261753087	
8.666258129		0.05975387527	0.003246868833	
8.681395698		0.0597571257	0.003231729903	
8.696533267		0.05975862908	0.003216336867	
8.711670835		0.05975835343	0.003200690398	
8.726808404		0.05975626693	0.003184791273	
8.741945973		0.05975233796	0.003168640369	
8.757083542		0.05974653514	0.003152238672	
8.772221111		0.05973882731	0.00313558727	
8.787358679		0.05972918359	0.003118687362	
8.802496248		0.0597175734	0.003101540252	
8.817633817		0.05970396651	0.003084147354	
8.832771386		0.05968833302	0.003066510193	
8.847908954		0.05967064344	0.003048630404	
8.863046523		0.05965086869	0.003030509735	
8.878184092		0.05962898017	0.003012150046	
8.893321661		0.05960494972	0.002993553313	
8.90845923		0.05957874975	0.002974721625	
8.923596798		0.05955035319	0.002955657187	
8.938734367		0.05951973355	0.00293636232	
8.953871936		0.05948686498	0.002916839464	
8.969009505		0.05945172228	0.002897091174	
8.984147074		0.05941428093	0.002877120127	
8.999284642		0.05937451712	0.002856929114	
9.014422211		0.05933240781	0.00283652105	
9.02955978		0.05928793075	0.002815898966	
9.044697349		0.05924106448	0.002795066016	
9.059834917		0.05919178843	0.002774025472	
9.074972486		0.05914008288	0.002752780726	
9.090110055		0.05908592903	0.002731335292	
9.105247624		0.05902930904	0.002709692801	
9.120385193		0.05897020603	0.002687857007	
9.135522761		0.05890860411	0.002665831782	
9.15066033		0.05884448841	0.002643621115	
9.165797899		0.05877784513	0.002621229117	
9.180935468		0.05870866153	0.002598660013	
9.196073037		0.05863692595	0.002575918148	
9.211210605		0.05856262785	0.002553007979	
9.226348174		0.05848575783	0.00252993408	
9.241485743		0.05840630762	0.002506701138	
9.256623312		0.0583242701	0.002483313952	
9.27176088		0.05823963933	0.002459777429	
9.286898449		0.05815241055	0.002436096588	
9.302036018		0.05806258015	0.002412276552	
9.317173587		0.05797014573	0.002388322551	
9.332311156		0.05787510607	0.002364239914	
9.347448724		0.05777746113	0.002340034073	
9.362586293		0.05767721202	0.002315710559	
9.377723862		0.05757436104	0.002291274993	
9.392861431		0.05746891165	0.002266733094	
9.407998999		0.05736086844	0.002242090667	
9.423136568		0.05725023711	0.002217353605	
9.438274137		0.05713702447	0.002192527882	
9.453411706		0.05702123842	0.002167619556	
9.468549275		0.0569028879	0.002142634758	
9.483686843		0.05678198288	0.002117579693	
9.498824412		0.0566585343	0.002092460636	
9.513961981		0.05653255409	0.002067283926	
9.52909955		0.05640405507	0.002042055965	
9.544237119		0.05627305095	0.002016783212	
9.559374687		0.05613955629	0.00199147218	
9.574512256		0.05600358643	0.001966129431	
9.589649825		0.05586515746	0.001940761572	
9.604787394		0.05572428618	0.00191537525	
9.619924962		0.05558099004	0.001889977149	
9.635062531		0.05543528711	0.001864573987	
9.6502001		0.055287196	0.001839172506	
9.665337669		0.05513673583	0.001813779473	
9.680475238		0.05498392621	0.001788401673	
9.695612806		0.05482878712	0.001763045904	
9.710750375		0.05467133891	0.001737718975	
9.725887944		0.05451160226	0.001712427698	
9.741025513		0.05434959811	0.001687178885	
9.756163082		0.05418534761	0.001661979343	
9.77130065		0.05401887211	0.00163683587	
9.786438219		0.05385019307	0.00161175525	
9.801575788		0.05367933208	0.001586744249	
9.816713357		0.05350631079	0.001561809607	
9.831850925		0.05333115086	0.001536958037	
9.846988494		0.05315387399	0.001512196221	
9.862126063		0.05297450183	0.0014875308	
9.877263632		0.052793056	0.001462968374	
9.892401201		0.05260955805	0.001438515497	
9.907538769		0.05242402945	0.00141417867	
9.922676338		0.05223649159	0.001389964337	
9.937813907		0.05204696575	0.00136587888	
9.952951476		0.05185547312	0.001341928618	
9.968089045		0.05166203479	0.001318119794	
9.983226613		0.05146667174	0.001294458579	
9.998364182		0.05126940489	0.001270951061	
10.01350175		0.05107025507	0.001247603242	
10.02863932		0.05086924303	0.001224421035	
10.04377689		0.05066638951	0.001201410255	
10.05891446		0.0504617152	0.001178576617	
10.07405203		0.05025524082	0.001155925729	
10.08918959		0.05004698709	0.001133463091	
10.10432716		0.04983697483	0.001111194083	
10.11946473		0.04962522493	0.001089123967	
10.1346023		0.04941175843	0.001067257878	
10.14973987		0.04919659651	0.001045600818	
10.16487744		0.0489797606	0.001024157656	
10.18001501		0.04876127233	0.001002933116	
10.19515258		0.04854115367	0.0009819317801	
10.21029015		0.04831942689	0.0009611580756	
10.22542771		0.04809611466	0.0009406162764	
10.24056528		0.04787124006	0.0009203104951	
10.25570285		0.04764482667	0.0009002446799	
10.27084042		0.04741689855	0.0008804226089	
10.28597799		0.0471874803	0.0008608478866	
10.30111556		0.04695659705	0.0008415239382	
10.31625313		0.0467242744	0.0008224540046	
10.3313907		0.04649053827	0.0008036411349	
10.34652826		0.04625541446	0.0007850881762	
10.36166583		0.04601892775	0.0007667977556	
10.3768034		0.0457811	0.0007487722483	
10.39194097		0.04554194616	0.0007310137161	
10.40707854		0.04530146641	0.0007135237914	
10.42221611		0.04505963104	0.0006963034652	
10.43735368		0.04481635502	0.0006793527425	
10.45249125		0.0445714665	0.0006626702527	
10.46762881		0.04432470979	0.0006462534138	
10.48276638		0.04407589796	0.0006301007259	
10.49790395		0.04382528582	0.0006142168929	
10.51304152		0.04357374337	0.0005986145861	
10.52817909		0.04332215414	0.0005833055104	
10.54331666		0.04307075759	0.0005682917421	
10.55845423		0.04281930237	0.0005535686008	
10.5735918		0.04256747435	0.0005391307261	
10.58872936		0.04231507512	0.0005249743678	
10.60386693		0.04206201769	0.0005110971753	
10.6190045		0.04180828327	0.0004974975398	
10.63414207		0.04155388894	0.0004841741327	
10.64927964		0.0412988698	0.0004711256603	
10.66441721		0.04104327003	0.0004583507473	
10.67955478		0.04078713873	0.0004458478854	
10.69469235		0.04053052792	0.0004336154126	
10.70982991		0.0402734917	0.000421651507	
10.72496748		0.04001608582	0.0004099541862	
10.74010505		0.03975836746	0.0003985213119	
10.75524262		0.0395003952	0.0003873505933	
10.77038019		0.03924222893	0.0003764395938	
10.78551776		0.03898392983	0.000365785736	
10.80065533		0.03872556038	0.000355386309	
10.8157929		0.03846718429	0.000345238474	
10.83093047		0.03820886652	0.0003353392711	
10.84606803		0.03795067324	0.0003256856263	
10.8612056		0.03769267183	0.0003162743583	
10.87634317		0.0374349308	0.0003071021851	
10.89148074		0.03717751985	0.0002981657317	
10.90661831		0.03692050977	0.0002894615364	
10.92175588		0.03666397247	0.0002809860582	
10.93689345		0.03640798089	0.0002727356833	
10.95203102		0.03615260901	0.0002647067325	
10.96716858		0.0358979318	0.0002568954673	
10.98230615		0.03564402517	0.0002492980969	
10.99744372		0.03539096593	0.0002419107852	
11.01258129		0.03513883178	0.0002347296572	
11.02771886		0.03488770119	0.0002277508055	
11.04285643		0.03463765346	0.0002209702966	
11.057994		0.03438876858	0.0002143841762	
11.07313157		0.03414112724	0.0002079884756	
11.08826913		0.03389481074	0.0002017792167	
11.1034067		0.03364990099	0.0001957524181	
11.11854427		0.03340648035	0.0001899041001	
11.13368184		0.03316463164	0.0001842302908	
11.14881941		0.03292443802	0.0001787270304	
11.16395698		0.03268598302	0.0001733903763	
11.17909455		0.0324493504	0.0001682164066	
11.19423212		0.03221462423	0.0001632012243	
11.20936968		0.03198188871	0.0001583409609	
11.22450725		0.0317512282	0.0001536317806	
11.23964482		0.03152272701	0.0001490698844	
11.25478239		0.03129646941	0.0001446515143	
11.26991996		0.03107253949	0.000140372956	
11.28505753		0.03085102118	0.000136230542	
11.3001951		0.03063199823	0.000132220653	
11.31533267		0.03041555424	0.0001283397197	
11.33047024		0.03020177255	0.0001245842247	
11.3456078		0.0299907362	0.0001209507053	
11.36074537		0.02978252768	0.000117435756	
11.37588294		0.02957722882	0.0001140360317	
11.39102051		0.02937492073	0.0001107482488	
11.40615808		0.02917568384	0.000107569186	
11.42129565		0.02897959797	0.0001044956841	
11.43643322		0.02878674245	0.0001015246452	
11.45157079		0.028597196	9.865303309e-05	
11.46670835		0.02841103664	9.587787498e-05	
11.48184592		0.0282283413	9.319626331e-05	
11.49698349		0.02804918566	9.060535811e-05	
11.51212106		0.027873644	8.810238733e-05	
11.52725863		0.02770178939	8.568464585e-05	
11.5423962		0.0275336939	8.334949286e-05	
11.55753377		0.02736942892	8.109434953e-05	
11.57267134		0.027209065	7.89166978e-05	
11.5878089		0.02705267163	7.681408145e-05	
11.60294647		0.02690031665	7.478410812e-05	
11.61808404		0.02675206587	7.282445138e-05	
11.63322161		0.02660798291	7.093285066e-05	
11.64835918		0.02646812952	6.910710909e-05	
11.66349675		0.02633256609	6.734508919e-05	
11.67863432		0.02620135218	6.564470915e-05	
11.69377189		0.02607454655	6.400394076e-05	
11.70890945		0.02595220668	6.242081046e-05	
11.72404702		0.02583438795	6.089340191e-05	
11.73918459		0.02572114291	5.941985878e-05	
11.75432216		0.0256125211	5.799838482e-05	
11.76945973		0.02550856956	5.662724118e-05	
11.7845973		0.02540933373	5.5304741e-05	
11.79973487		0.02531485845	5.402924451e-05	
11.81487244		0.02522518812	5.27991562e-05	
11.83001001		0.02514036613	5.161292574e-05	
11.84514757		0.02506043363	5.046905113e-05	
11.86028514		0.02498542834	4.936608231e-05	
11.87542271		0.02491538414	4.830262177e-05	
11.89056028		0.02485033171	4.727732184e-05	
11.90569785		0.02479029993	4.628887883e-05	
11.92083542		0.02473531739	4.533602713e-05	
11.93597299		0.02468541298	4.441753561e-05	
11.95111056		0.0246406153	4.353220817e-05	
11.96624812		0.02460095098	4.267888723e-05	
11.98138569		0.02456644298	4.185645798e-05	
11.99652326		0.02453710961	4.106385013e-05	
12.01166083		0.02451296519	4.030003576e-05	
12.0267984		0.02449402179	3.956402356e-05	
12.04193597		0.02448029148	3.885485228e-05	
12.05707354		0.02447178747	3.817158603e-05	
12.07221111		0.02446852382	3.751331384e-05	
12.08734867		0.02447051347	3.687915274e-05	
12.10248624		0.02447776579	3.626825268e-05	
12.11762381		0.02449028491	3.567979941e-05	
12.13276138		0.02450806998	3.511301392e-05	
12.14789895		0.02453111707	3.456714758e-05	
12.16303652		0.02455942204	3.404147565e-05	
12.17817409		0.02459298265	3.353529174e-05	
12.19331166		0.02463179889	3.304790615e-05	
12.20844922		0.02467587105	3.257864821e-05	
12.22358679		0.02472519684	3.212687135e-05	
12.23872436		0.02477976879	3.169195729e-05	
12.25386193		0.02483957366	3.127331727e-05	
12.2689995		0.02490459404	3.087038875e-05	
12.28413707		0.02497481169	3.048262957e-05	
12.29927464		0.02505021045	3.010951181e-05	
12.31441221		0.02513077764	2.975051871e-05	
12.32954977		0.02521650268	2.94051455e-05	
12.34468734		0.0253073738	2.907290355e-05	
12.35982491		0.02540337405	2.875332461e-05	
12.37496248		0.02550447828	2.844596225e-05	
12.39010005		0.025610651	2.815038764e-05	
12.40523762		0.02572184342	2.786617867e-05	
12.42037519		0.02583798425	2.75929012e-05	
12.43551276		0.02595895745	2.733008023e-05	
12.45065033		0.02608456147	2.707716028e-05	
12.46578789		0.02621447117	2.683347793e-05	
12.48092546		0.02634830253	2.659834358e-05	
12.49606303		0.0264859354	2.63713723e-05	
12.5112006		0.02662788683	2.615283251e-05	
12.52633817		0.02677501923	2.594331556e-05	
12.54147574		0.02692779239	2.574299136e-05	
12.55661331		0.02708611676	2.555149014e-05	
12.57175088		0.02724970066	2.536825766e-05	
12.58688844		0.0274182909	2.519279078e-05	
12.60202601		0.02759172016	2.502468396e-05	
12.61716358		0.02776988267	2.486360892e-05	
12.63230115		0.02795270527	2.470928884e-05	
12.64743872		0.02814012994	2.456147968e-05	
12.66257629		0.02833210649	2.441995708e-05	
12.67771386		0.02852859112	2.428450746e-05	
12.69285143		0.02872954641	2.415492262e-05	
12.70798899		0.0289349408	2.403099818e-05	
12.72312656		0.02914474581	2.391253473e-05	
12.73826413		0.0293589324	2.379934075e-05	
12.7534017		0.02957746733	2.369123502e-05	
12.76853927		0.02980031167	2.358804733e-05	
12.78367684		0.03002742162	2.348961691e-05	
12.79881441		0.03025875138	2.339578952e-05	
12.81395198		0.03049425641	2.330641417e-05	
12.82908954		0.03073389576	2.322134135e-05	
12.84422711		0.03097763212	2.314042268e-05	
12.85936468		0.03122542997	2.306351257e-05	
12.87450225		0.03147725229	2.299047023e-05	
12.88963982		0.03173305784	2.292116151e-05	
12.90477739		0.03199279989	2.285545909e-05	
12.91991496		0.03225642723	2.279324143e-05	
12.93505253		0.03252388638	2.273439062e-05	
12.9501901		0.03279512442	2.267879045e-05	
12.96532766		0.03307009051	2.262632506e-05	
12.98046523		0.033348736	2.257687908e-05	
12.9956028		0.0336310124	2.253033858e-05	
13.01074037		0.03391686871	2.248659276e-05	
13.02587794		0.03420624872	2.244553503e-05	
13.04101551		0.03449908995	2.240706349e-05	
13.05615308		0.03479532413	2.237108008e-05	
13.07129065		0.03509487926	2.233748929e-05	
13.08642821		0.03539768191	2.230619658e-05	
13.10156578		0.03570365918	2.227710735e-05	
13.11670335		0.0360127392	2.225012654e-05	
13.13184092		0.03632485026	2.222515913e-05	
13.14697849		0.03663991843	2.220211114e-05	
13.16211606		0.03695786516	2.218089071e-05	
13.17725363		0.03727860516	2.216140877e-05	
13.1923912		0.0376020459	2.214357922e-05	
13.20752876		0.03792808808	2.212731837e-05	
13.22266633		0.0382566273	2.211254418e-05	
13.2378039		0.03858755587	2.209917532e-05	
13.25294147		0.03892076463	2.208713051e-05	
13.26807904		0.03925614386	2.207632806e-05	
13.28321661		0.03959358339	2.2066686e-05	
13.29835418		0.03993297178	2.205812234e-05	
13.31349175		0.04027419533	2.205055562e-05	
13.32862931		0.04061713694	2.204390524e-05	
13.34376688		0.04096167573	2.203809178e-05	
13.35890445		0.04130768687	2.203303699e-05	
13.37404202		0.04165504212	2.202866376e-05	
13.38917959		0.04200361038	2.202489589e-05	
13.40431716		0.04235325859	2.2021658e-05	
13.41945473		0.04270385238	2.201887531e-05	
13.4345923		0.04305525662	2.201647368e-05	
13.44972986		0.04340733552	2.201437957e-05	
13.46486743		0.04375995283	2.201252026e-05	
13.480005		0.04411297154	2.201082389e-05	
13.49514257		0.04446625402	2.20092197e-05	
13.51028014		0.04481966175	2.200763812e-05	
13.52541771		0.04517305554	2.200601097e-05	
13.54055528		0.04552629543	2.200427142e-05	
13.55569285		0.045879241	2.200235427e-05	
13.57083042		0.04623175142	2.200019581e-05	
13.58596798		0.04658368576	2.199773409e-05	
13.60110555		0.04693490314	2.199490877e-05	
13.61624312		0.0472852631	2.199166136e-05	
13.63138069		0.0476346257	2.198793509e-05	
13.64651826		0.04798285191	2.198367511e-05	
13.66165583		0.04832980373	2.197882838e-05	
13.6767934		0.04867534458	2.197334382e-05	
13.69193097		0.04901933938	2.196717227e-05	
13.70706853		0.04936165491	2.196026658e-05	
13.7222061		0.04970215991	2.195258155e-05	
13.73734367		0.05004072543	2.194407405e-05	
13.75248124		0.05037722485	2.193470294e-05	
13.76761881		0.05071153427	2.192442918e-05	
13.78275638		0.05104353249	2.191321576e-05	
13.79789395		0.05137310134	2.190102778e-05	
13.81303152		0.05170012568	2.188783238e-05	
13.82816908		0.05202449373	2.18735988e-05	
13.84330665		0.05234609699	2.185829832e-05	
13.85844422		0.05266483055	2.184190434e-05	
13.87358179		0.05298059304	2.182439226e-05	
13.88871936		0.05329328687	2.180573954e-05	
13.90385693		0.05360281819	2.178592566e-05	
13.9189945		0.05390909709	2.176493211e-05	
13.93413207		0.05421203753	2.174274235e-05	
13.94926963		0.05451155756	2.171934179e-05	
13.9644072		0.05480757919	2.169471776e-05	
13.97954477		0.05510002862	2.166885952e-05	
13.99468234		0.05538883609	2.164175814e-05	
14.00981991		0.05567393606	2.161340657e-05	
14.02495748		0.05595526713	2.158379952e-05	
14.04009505		0.05623277213	2.155293349e-05	
14.05523262		0.05650639805	2.152080669e-05	
14.07037019		0.05677609614	2.148741903e-05	
14.08550775		0.05704182183	2.145277206e-05	
14.10064532		0.05730353484	2.141686897e-05	
14.11578289		0.05756119905	2.137971454e-05	
14.13092046		0.05781478265	2.134131509e-05	
14.14605803		0.05806425802	2.130167846e-05	
14.1611956		0.05830960189	2.126081403e-05	
14.17633317		0.0585507952	2.12187326e-05	
14.19147074		0.05878782328	2.117544646e-05	
14.2066083		0.05902067577	2.11309693e-05	
14.22174587		0.05924934678	2.108531628e-05	
14.23688344		0.05947383483	2.103850391e-05	
14.25202101		0.0596941431	2.099055018e-05	
14.26715858		0.05991027935	2.094147443e-05	
14.28229615		0.06012225622	2.089129749e-05	
14.29743372		0.06033009122	2.08400416e-05	
14.31257129		0.06053380709	2.07877305e-05	
14.32770885		0.06073343182	2.073438944e-05	
14.34284642		0.06092899912	2.068004527e-05	
14.35798399		0.06112054849	2.062472644e-05	
14.37312156		0.0613081258	2.056846318e-05	
14.38825913		0.06149178346	2.051128747e-05	
14.4033967		0.06167158109	2.045323326e-05	
14.41853427		0.06184758584	2.039433654e-05	
14.43367184		0.06201987318	2.033463553e-05	
14.4488094		0.06218852739	2.027417078e-05	
14.46394697		0.06235364246	2.021298545e-05	
14.47908454		0.06251532282	2.015112547e-05	
14.49422211		0.06267368441	2.008863983e-05	
14.50935968		0.06282885558	2.002558076e-05	
14.52449725		0.06298097841	1.996200415e-05	
14.53963482		0.06313020983	1.989796979e-05	
14.55477239		0.06327672319	1.983354175e-05	
14.56990995		0.06342070962	1.976878877e-05	
14.58504752		0.06356237981	1.970378469e-05	
14.60018509		0.06370196568	1.963860882e-05	
14.61532266		0.06383972233	1.957334649e-05	
14.63046023		0.06397592996	1.950808945e-05	
14.6455978		0.06411089599	1.944293641e-05	
14.66073537		0.06424495707	1.937799349e-05	
14.67587294		0.06437848131	1.93133747e-05	
14.69101051		0.06451187018	1.924920237e-05	
14.70614807		0.06464556055	1.918560752e-05	
14.72128564		0.06478002625	1.912273019e-05	
14.73642321		0.0649157795	1.906071955e-05	
14.75156078		0.06505337151	1.899973395e-05	
14.76669835		0.06519339266	1.893994062e-05	
14.78183592		0.06533647129	1.888151516e-05	
14.79697349		0.06548327148	1.882464059e-05	
14.81211106		0.06563448864	1.876950584e-05	
14.82724862		0.06579084322	1.871630366e-05	
14.84238619		0.06595307099	1.866522763e-05	
14.85752376		0.0661219099	1.861646813e-05	
14.87266133		0.06629808192	1.857020707e-05	
14.8877989		0.06648226916	1.852661091e-05	
14.90293647		0.06667508235	1.848582178e-05	
14.91807404		0.06687702057	1.844794608e-05	
14.93321161		0.06708841967	1.841304031e-05	
14.94834917		0.06730938789	1.838109328e-05	
14.96348674		0.06753972628	1.835200453e-05	
14.97862431		0.06777883304	1.83255585e-05	
14.99376188		0.06802559237	1.830139472e-05	
15.00889945		0.06827825395	1.827897566e-05	
15.02403702		0.0685343173	1.825755606e-05	
15.03917459		0.06879045275	1.823616175e-05	
15.05431216		0.06904251236	1.821359174e-05	
15.06944972		0.06928571232	1.818846382e-05	
15.08458729		0.06951506736	1.815932322e-05	
15.09972486		0.06972613061	1.812482578e-05	
15.11486243		0.06991590808	1.80839579e-05	
15.13		0.07009973401	1.804148268e-05	
