-15.13		0.9530270151	0.0001067746087	
-15.11486243		0.9530903175	0.0001072736977	
-15.09972486		0.9531553402	0.0001077770293	
-15.08458729		0.9532220974	0.0001082846633	
-15.06944972		0.9532906031	0.0001087966602	
-15.05431216		0.9533608712	0.0001093130816	
-15.03917459		0.9534329155	0.0001098339901	
-15.02403702		0.9535067499	0.0001103594492	
-15.00889945		0.9535823878	0.0001108895235	
-14.99376188		0.953659843	0.0001114242786	
-14.97862431		0.9537391287	0.000111963781	
-14.96348674		0.9538202585	0.0001125080986	
-14.94834917		0.9539032455	0.0001130573	
-14.93321161		0.953988103	0.0001136114551	
-14.91807404		0.954074844	0.000114170635	
-14.90293647		0.9541634816	0.0001147349118	
-14.8877989		0.9542540286	0.0001153043589	
-14.87266133		0.9543464979	0.0001158790507	
-14.85752376		0.9544409023	0.0001164590629	
-14.84238619		0.9545372543	0.0001170444726	
-14.82724862		0.9546355666	0.0001176353579	
-14.81211106		0.9547358515	0.0001182317983	
-14.79697349		0.9548381215	0.0001188338746	
-14.78183592		0.9549423888	0.0001194416689	
-14.76669835		0.9550486657	0.0001200552648	
-14.75156078		0.9551569641	0.0001206747471	
-14.73642321		0.9552672961	0.000121300202	
-14.72128564		0.9553796736	0.0001219317175	
-14.70614807		0.9554941083	0.0001225693825	
-14.69101051		0.955610612	0.000123213288	
-14.67587294		0.9557291962	0.0001238635261	
-14.66073537		0.9558498725	0.0001245201908	
-14.6455978		0.9559726522	0.0001251833774	
-14.63046023		0.9560975465	0.0001258531831	
-14.61532266		0.9562245667	0.0001265297067	
-14.60018509		0.9563537237	0.0001272130487	
-14.58504752		0.9564850286	0.0001279033114	
-14.56990995		0.956618492	0.000128600599	
-14.55477239		0.9567541248	0.0001293050173	
-14.53963482		0.9568919373	0.0001300166744	
-14.52449725		0.95703194	0.0001307356801	
-14.50935968		0.9571741431	0.0001314621461	
-14.49422211		0.9573185567	0.0001321961863	
-14.47908454		0.9574651907	0.0001329379169	
-14.46394697		0.9576140548	0.0001336874559	
-14.4488094		0.9577651585	0.0001344449238	
-14.43367184		0.9579185112	0.0001352104432	
-14.41853427		0.9580741218	0.0001359841392	
-14.4033967		0.9582319994	0.0001367661392	
-14.38825913		0.9583921523	0.0001375565732	
-14.37312156		0.9585545891	0.0001383555735	
-14.35798399		0.9587193176	0.0001391632754	
-14.34284642		0.9588863455	0.0001399798166	
-14.32770885		0.9590556802	0.0001408053376	
-14.31257129		0.9592273286	0.0001416399819	
-14.29743372		0.9594012973	0.0001424838958	
-14.28229615		0.9595775924	0.0001433372289	
-14.26715858		0.9597562195	0.0001442001335	
-14.25202101		0.9599371838	0.0001450727654	
-14.23688344		0.9601204899	0.0001459552836	
-14.22174587		0.9603061419	0.0001468478506	
-14.2066083		0.9604941431	0.0001477506324	
-14.19147074		0.9606844962	0.0001486637986	
-14.17633317		0.9608772035	0.0001495875223	
-14.1611956		0.961072266	0.000150521981	
-14.14605803		0.9612696843	0.0001514673556	
-14.13092046		0.9614694579	0.0001524238314	
-14.11578289		0.9616715857	0.0001533915979	
-14.10064532		0.9618760652	0.0001543708489	
-14.08550775		0.9620828933	0.0001553617827	
-14.07037019		0.9622920654	0.0001563646021	
-14.05523262		0.962503576	0.000157379515	
-14.04009505		0.9627174182	0.000158406734	
-14.02495748		0.9629335841	0.0001594464766	
-14.00981991		0.9631520641	0.000160498966	
-13.99468234		0.9633728472	0.0001615644304	
-13.97954477		0.9635959212	0.0001626431037	
-13.9644072		0.963821272	0.0001637352256	
-13.94926963		0.9640488839	0.0001648410417	
-13.93413207		0.9642787396	0.0001659608035	
-13.9189945		0.9645108198	0.0001670947691	
-13.90385693		0.9647451035	0.0001682432028	
-13.88871936		0.9649815675	0.0001694063759	
-13.87358179		0.9652201869	0.0001705845661	
-13.85844422		0.9654609342	0.0001717780586	
-13.84330665		0.9657037802	0.0001729871457	
-13.82816908		0.9659486932	0.0001742121272	
-13.81303152		0.9661956392	0.0001754533108	
-13.79789395		0.9664445817	0.0001767110119	
-13.78275638		0.966695482	0.0001779855543	
-13.76761881		0.9669482986	0.00017927727	
-13.75248124		0.9672029875	0.0001805865	
-13.73734367		0.9674595023	0.0001819135938	
-13.7222061		0.9677177936	0.0001832589103	
-13.70706853		0.9679778095	0.0001846228179	
-13.69193097		0.9682394953	0.0001860056946	
-13.6767934		0.9685027935	0.0001874079282	
-13.66165583		0.968767644	0.000188829917	
-13.64651826		0.9690339836	0.0001902720698	
-13.63138069		0.9693017466	0.0001917348061	
-13.61624312		0.9695708645	0.0001932185566	
-13.60110555		0.9698412658	0.0001947237637	
-13.58596798		0.9701128766	0.0001962508813	
-13.57083042		0.9703856201	0.0001978003756	
-13.55569285		0.970659417	0.0001993727255	
-13.54055528		0.9709341854	0.0002009684228	
-13.52541771		0.971209841	0.0002025879725	
-13.51028014		0.9714862969	0.0002042318937	
-13.49514257		0.9717634643	0.0002059007198	
-13.480005		0.9720412519	0.0002075949992	
-13.46486743		0.9723195665	0.0002093152959	
-13.44972986		0.9725983131	0.0002110621901	
-13.4345923		0.9728773948	0.0002128362792	
-13.41945473		0.9731567135	0.0002146381789	
-13.40431716		0.9734361693	0.0002164685239	
-13.38917959		0.9737156616	0.0002183279697	
-13.37404202		0.9739950886	0.0002202171942	
-13.35890445		0.974274348	0.0002221368994	
-13.34376688		0.9745533372	0.0002240878148	
-13.32862931		0.9748319532	0.0002260706998	
-13.31349175		0.9751100938	0.0002280863488	
-13.29835418		0.9753876571	0.0002301355962	
-13.28321661		0.9756645425	0.000232219324	
-13.26807904		0.9759406512	0.0002343384709	
-13.25294147		0.9762158865	0.0002364940444	
-13.2378039		0.9764901549	0.0002386871345	
-13.22266633		0.9767633663	0.0002409189281	
-13.20752876		0.9770354346	0.0002431907172	
-13.1923912		0.9773062766	0.0002455038846	
-13.17725363		0.9775758086	0.0002478598305	
-13.16211606		0.977843938	0.0002502597786	
-13.14697849		0.9781105477	0.0002527044028	
-13.13184092		0.9783754789	0.0002551933751	
-13.11670335		0.9786385351	0.0002577253649	
-13.10156578		0.9788995369	0.0002602992647	
-13.08642821		0.979158405	0.0002629162393	
-13.07129065		0.9794151803	0.0002655804413	
-13.05615308		0.9796699517	0.0002682974341	
-13.04101551		0.9799227705	0.0002710720809	
-13.02587794		0.980173608	0.000273907287	
-13.01074037		0.9804223376	0.0002768032603	
-12.9956028		0.9806687262	0.0002797569413	
-12.98046523		0.9809124526	0.0002827622944	
-12.96532766		0.9811531879	0.0002858125228	
-12.9501901		0.9813907305	0.0002889042544	
-12.93505253		0.9816251212	0.0002920414671	
-12.91991496		0.9818566153	0.0002952352336	
-12.90477739		0.9820855128	0.0002984987345	
-12.88963982		0.9823119954	0.0003018418571	
-12.87450225		0.9825360562	0.0003052683337	
-12.85936468		0.9827574985	0.0003087749392	
-12.84422711		0.9829759788	0.0003123524215	
-12.82908954		0.9831911089	0.0003159890188	
-12.81395198		0.9834025996	0.0003196760848	
-12.79881441		0.983610381	0.0003234132971	
-12.78367684		0.9838146334	0.000327210549	
-12.76853927		0.9840156865	0.0003310844546	
-12.7534017		0.9842138429	0.0003350513235	
-12.73826413		0.9844092528	0.0003391216404	
-12.72312656		0.9846018785	0.0003432978906	
-12.70798899		0.9847915108	0.0003475743671	
-12.69285143		0.9849778273	0.0003519391161	
-12.67771386		0.985160503	0.0003563790188	
-12.66257629		0.9853393358	0.0003608863637	
-12.64743872		0.9855143312	0.0003654637126	
-12.63230115		0.9856856941	0.000370124283	
-12.61716358		0.9858537196	0.0003748868272	
-12.60202601		0.9860186521	0.0003797684672	
-12.58688844		0.9861805986	0.0003847797417	
-12.57175088		0.9863395006	0.0003899220159	
-12.55661331		0.9864951499	0.000395187055	
-12.54147574		0.9866472608	0.0004005606164	
-12.52633817		0.9867955853	0.000406029673	
-12.5112006		0.9869400168	0.0004115897393	
-12.49606303		0.9870806395	0.0004172490305	
-12.48092546		0.9872176921	0.0004230270721	
-12.46578789		0.9873514563	0.0004289478205	
-12.45065033		0.9874821353	0.0004350310917	
-12.43551276		0.9876097752	0.0004412857836	
-12.42037519		0.9877342481	0.0004477069073	
-12.40523762		0.987855306	0.000454278571	
-12.39010005		0.9879726858	0.0004609824241	
-12.37496248		0.988086218	0.0004678072208	
-12.35982491		0.9881958952	0.0004747555574	
-12.34468734		0.9883018798	0.0004818456015	
-12.32954977		0.9884044357	0.0004891060743	
-12.31441221		0.98850381	0.0004965656855	
-12.29927464		0.9886001232	0.0005042419114	
-12.28413707		0.9886933223	0.0005121347056	
-12.2689995		0.9887832138	0.0005202286901	
-12.25386193		0.9888695559	0.0005285025563	
-12.23872436		0.9889521607	0.0005369401978	
-12.22358679		0.989030968	0.0005455392964	
-12.20844922		0.9891060743	0.0005543157029	
-12.19331166		0.9891777011	0.0005633010539	
-12.17817409		0.9892460981	0.0005725321171	
-12.16303652		0.989311429	0.0005820362952	
-12.14789895		0.9893737041	0.000591821621	
-12.13276138		0.9894327905	0.0006018767874	
-12.11762381		0.9894884843	0.00061218002	
-12.10248624		0.9895406017	0.0006227111986	
-12.08734867		0.9895890526	0.0006334628101	
-12.07221111		0.9896338816	0.0006444474311	
-12.05707354		0.9896752555	0.0006556979453	
-12.04193597		0.9897133872	0.0006672572793	
-12.0267984		0.9897484344	0.0006791615924	
-12.01166083		0.9897804417	0.0006914268599	
-11.99652326		0.9898093572	0.0007040462491	
-11.98138569		0.989835078	0.0007169980946	
-11.96624812		0.9898574794	0.0007302592886	
-11.95111056		0.9898764682	0.000743819078	
-11.93597299		0.9898920516	0.0007576892862	
-11.92083542		0.9899043561	0.0007719057506	
-11.90569785		0.9899135704	0.0007865174284	
-11.89056028		0.989919853	0.0008015675865	
-11.87542271		0.9899232616	0.0008170780211	
-11.86028514		0.9899237412	0.0008330449096	
-11.84514757		0.9899211667	0.000849446968	
-11.83001001		0.989915411	0.0008662607502	
-11.81487244		0.98990641	0.0008834769199	
-11.79973487		0.9898942015	0.0009011116786	
-11.7845973		0.9898789183	0.000919207309	
-11.76945973		0.9898607348	0.000937819277	
-11.75432216		0.9898397923	0.0009569957866	
-11.73918459		0.9898161452	0.0009767614312	
-11.72404702		0.9897897563	0.0009971136006	
-11.70890945		0.9897605352	0.001018032204	
-11.69377189		0.9897283967	0.001039497175	
-11.67863432		0.9896933137	0.001061506277	
-11.66349675		0.9896553424	0.001084085552	
-11.64835918		0.9896146081	0.001107286381	
-11.63322161		0.9895712563	0.001131169175	
-11.61808404		0.989525396	0.001155782183	
-11.60294647		0.9894770658	0.001181147374	
-11.5878089		0.9894262393	0.00120726064	
-11.57267134		0.9893728609	0.001234105215	
-11.55753377		0.9893168922	0.00126167116	
-11.5423962		0.9892583472	0.001289971664	
-11.52725863		0.9891973008	0.001319048122	
-11.51212106		0.9891338673	0.001348960725	
-11.49698349		0.9890681595	0.001379769222	
-11.48184592		0.9890002532	0.001411514629	
-11.46670835		0.9889301734	0.001444212049	
-11.45157079		0.9888579082	0.001477857856	
-11.43643322		0.9887834395	0.001512446552	
-11.42129565		0.9887067738	0.00154798816	
-11.40615808		0.9886279578	0.001584517248	
-11.39102051		0.9885470728	0.001622089044	
-11.37588294		0.9884642127	0.001660764978	
-11.36074537		0.9883794572	0.001700595963	
-11.3456078		0.9882928561	0.001741612853	
-11.33047024		0.988204431	0.001783828873	
-11.31533267		0.9881141909	0.001827251759	
-11.3001951		0.9880221525	0.001871898248	
-11.28505753		0.987928354	0.001917803005	
-11.26991996		0.9878328564	0.001965017633	
-11.25478239		0.9877357326	0.002013601067	
-11.23964482		0.9876370528	0.002063607275	
-11.22450725		0.9875368727	0.002115077308	
-11.20936968		0.9874352313	0.002168039674	
-11.19423212		0.9873321583	0.002222517929	
-11.17909455		0.9872276837	0.002278540459	
-11.16395698		0.9871218473	0.002336146852	
-11.14881941		0.9870147004	0.002395387809	
-11.13368184		0.9869063014	0.002456319496	
-11.11854427		0.9867967093	0.002518996126	
-11.1034067		0.986685977	0.002583465067	
-11.08826913		0.9865741495	0.002649766781	
-11.07313157		0.9864612664	0.002717938901	
-11.057994		0.9863473666	0.002788021548	
-11.04285643		0.9862324921	0.00286006075	
-11.02771886		0.9861166897	0.002934108442	
-11.01258129		0.9860000091	0.00301021963	
-10.99744372		0.9858825005	0.003088448743	
-10.98230615		0.9857642119	0.003168847274	
-10.96716858		0.9856451878	0.003251463715	
-10.95203102		0.9855254706	0.003336345358	
-10.93689345		0.9854051014	0.003423540598	
-10.92175588		0.9852841221	0.003513100365	
-10.90661831		0.9851625757	0.003605078097	
-10.89148074		0.985040506	0.003699528538	
-10.87634317		0.9849179565	0.003796506269	
-10.8612056		0.9847949696	0.003896064763	
-10.84606803		0.9846715863	0.003998256335	
-10.83093047		0.9845478466	0.004103132762	
-10.8157929		0.9844237893	0.004210746054	
-10.80065533		0.984299453	0.004321148891	
-10.78551776		0.984174876	0.004434394536	
-10.77038019		0.9840500964	0.004550536369	
-10.75524262		0.9839251517	0.004669627359	
-10.74010505		0.9838000784	0.004791719725	
-10.72496748		0.9836749124	0.004916864876	
-10.70982991		0.9835496886	0.005045113543	
-10.69469235		0.9834244411	0.005176515927	
-10.67955478		0.9832992033	0.005311121728	
-10.66441721		0.9831740079	0.005448980032	
-10.64927964		0.9830488868	0.005590139111	
-10.63414207		0.9829238714	0.005734646223	
-10.6190045		0.9827989921	0.005882547487	
-10.60386693		0.9826742784	0.006033887808	
-10.58872936		0.9825497593	0.006188710848	
-10.5735918		0.9824254625	0.006347058967	
-10.55845423		0.9823014152	0.006508973138	
-10.54331666		0.9821776436	0.006674492836	
-10.52817909		0.9820541731	0.006843655918	
-10.51304152		0.9819310281	0.007016498524	
-10.49790395		0.9818082325	0.007193054993	
-10.48276638		0.9816858091	0.007373357789	
-10.46762881		0.9815637797	0.007557437431	
-10.45249125		0.9814421656	0.007745322401	
-10.43735368		0.9813209868	0.007937039063	
-10.42221611		0.9812002627	0.008132611564	
-10.40707854		0.9810800116	0.008332061763	
-10.39194097		0.980960251	0.008535409159	
-10.3768034		0.9808409977	0.008742670833	
-10.36166583		0.9807222673	0.008953861394	
-10.34652826		0.9806040748	0.009168992924	
-10.3313907		0.9804864342	0.009388074921	
-10.31625313		0.9803693585	0.009611114245	
-10.30111556		0.98025286	0.009838115072	
-10.28597799		0.9801369501	0.01006907885	
-10.27084042		0.980021639	0.0103040043	
-10.25570285		0.9799069365	0.01054288732	
-10.24056528		0.9797928513	0.01078572106	
-10.22542771		0.9796793912	0.01103249585	
-10.21029015		0.9795665634	0.0112831992	
-10.19515258		0.979454374	0.01153781582	
-10.18001501		0.9793428283	0.0117963276	
-10.16487744		0.9792319307	0.01205871362	
-10.14973987		0.979121685	0.01232495018	
-10.1346023		0.9790120937	0.01259501084	
-10.11946473		0.9789031586	0.01286886641	
-10.10432716		0.9787948804	0.01314648501	
-10.08918959		0.9786872578	0.01342783212	
-10.07405203		0.9785802875	0.01371287058	
-10.05891446		0.9784739614	0.01400156065	
-10.04377689		0.9783682654	0.01429386001	
-10.02863932		0.9782631781	0.01458972382	
-10.01350175		0.9781586801	0.01488910492	
-9.998364182		0.978054776	0.01519195426	
-9.983226613		0.9779515042	0.01549822115	
-9.968089045		0.9778489039	0.01580785287	
-9.952951476		0.9777469819	0.01612079427	
-9.937813907		0.9776457205	0.01643698787	
-9.922676338		0.9775450971	0.01675637429	
-9.907538769		0.9774450926	0.01707889251	
-9.892401201		0.9773456919	0.01740447994	
-9.877263632		0.9772468823	0.01773307255	
-9.862126063		0.9771486522	0.01806460491	
-9.846988494		0.9770509902	0.01839901031	
-9.831850925		0.9769538848	0.01873622089	
-9.816713357		0.9768573241	0.01907616768	
-9.801575788		0.976761296	0.01941878076	
-9.786438219		0.9766657875	0.01976398934	
-9.77130065		0.9765707856	0.02011172188	
-9.756163082		0.9764762764	0.02046190621	
-9.741025513		0.9763822457	0.0208144696	
-9.725887944		0.976288679	0.0211693389	
-9.710750375		0.9761955612	0.02152644063	
-9.695612806		0.9761028768	0.02188570106	
-9.680475238		0.9760106101	0.02224704634	
-9.665337669		0.9759187448	0.02261040257	
-9.6502001		0.9758272645	0.02297569593	
-9.635062531		0.9757361521	0.02334285271	
-9.619924962		0.9756453907	0.02371179945	
-9.604787394		0.9755549628	0.02408246298	
-9.589649825		0.9754648507	0.02445477052	
-9.574512256		0.9753750366	0.02482864977	
-9.559374687		0.9752855024	0.02520402894	
-9.544237119		0.97519623	0.02558083684	
-9.52909955		0.975107201	0.02595900295	
-9.513961981		0.9750183972	0.02633845745	
-9.498824412		0.9749297999	0.0267191313	
-9.483686843		0.9748413909	0.02710095629	
-9.468549275		0.9747531515	0.02748386506	
-9.453411706		0.9746650635	0.02786779116	
-9.438274137		0.9745771086	0.02825266909	
-9.423136568		0.9744892685	0.02863843431	
-9.407998999		0.9744015254	0.02902502331	
-9.392861431		0.9743138615	0.0294123736	
-9.377723862		0.9742262593	0.02980042375	
-9.362586293		0.9741387016	0.03018911338	
-9.347448724		0.9740511716	0.03057838322	
-9.332311156		0.9739636529	0.03096817511	
-9.317173587		0.9738761295	0.03135843196	
-9.302036018		0.9737885859	0.03174909782	
-9.286898449		0.9737010073	0.03214011784	
-9.27176088		0.9736133792	0.0325314383	
-9.256623312		0.9735256879	0.03292300657	
-9.241485743		0.9734379205	0.03331477115	
-9.226348174		0.9733500646	0.03370668163	
-9.211210605		0.9732621086	0.03409868866	
-9.196073037		0.9731740419	0.03449074402	
-9.180935468		0.9730858546	0.03488280051	
-9.165797899		0.9729975375	0.03527481198	
-9.15066033		0.9729090827	0.03566673332	
-9.135522761		0.9728204828	0.03605852043	
-9.120385193		0.9727317317	0.03645013019	
-9.105247624		0.9726428241	0.03684152045	
-9.090110055		0.9725537557	0.03723265001	
-9.074972486		0.9724645231	0.03762347856	
-9.059834917		0.972375124	0.03801396672	
-9.044697349		0.972285557	0.03840407596	
-9.02955978		0.9721958216	0.03879376858	
-9.014422211		0.9721059182	0.03918300769	
-8.999284642		0.9720158483	0.03957175719	
-8.984147074		0.9719256141	0.03995998174	
-8.969009505		0.9718352184	0.04034764669	
-8.953871936		0.9717446652	0.04073471811	
-8.938734367		0.9716539588	0.0411211627	
-8.923596798		0.9715631043	0.04150694782	
-8.90845923		0.9714721075	0.0418920414	
-8.893321661		0.9713809743	0.04227641194	
-8.878184092		0.9712897115	0.04266002847	
-8.863046523		0.9711983258	0.04304286054	
-8.847908954		0.9711068244	0.04342487813	
-8.832771386		0.9710152146	0.04380605171	
-8.817633817		0.9709235038	0.0441863521	
-8.802496248		0.9708316993	0.04456575055	
-8.787358679		0.9707398085	0.04494421863	
-8.772221111		0.9706478384	0.04532172823	
-8.757083542		0.970555796	0.04569825154	
-8.741945973		0.9704636876	0.04607376101	
-8.726808404		0.9703715196	0.04644822934	
-8.711670835		0.9702792974	0.04682162943	
-8.696533267		0.9701870262	0.04719393437	
-8.681395698		0.9700947105	0.04756511742	
-8.666258129		0.9700023541	0.047935152	
-8.65112056		0.9699099602	0.04830401163	
-8.635982991		0.969817531	0.04867166996	
-8.620845423		0.9697250681	0.04903810071	
-8.605707854		0.9696325723	0.04940327767	
-8.590570285		0.9695400434	0.04976717472	
-8.575432716		0.9694474804	0.05012976575	
-8.560295148		0.9693548814	0.05049102468	
-8.545157579		0.9692622435	0.05085092549	
-8.53002001		0.969169563	0.05120944214	
-8.514882441		0.9690768354	0.05156654859	
-8.499744872		0.9689840549	0.05192221882	
-8.484607304		0.9688912151	0.0522764268	
-8.469469735		0.9687983086	0.05262914647	
-8.454332166		0.9687053272	0.05298035178	
-8.439194597		0.9686122619	0.05333001666	
-8.424057029		0.9685191026	0.053678115	
-8.40891946		0.9684258387	0.05402462073	
-8.393781891		0.9683324585	0.05436950772	
-8.378644322		0.9682389499	0.05471274986	
-8.363506753		0.9681452999	0.05505432103	
-8.348369185		0.9680514947	0.05539419511	
-8.333231616		0.96795752	0.05573234601	
-8.318094047		0.967863361	0.05606874763	
-8.302956478		0.967769002	0.05640337392	
-8.287818909		0.9676744269	0.05673619885	
-8.272681341		0.9675796193	0.05706719645	
-8.257543772		0.9674845619	0.05739634078	
-8.242406203		0.9673892373	0.05772360601	
-8.227268634		0.9672936276	0.05804896635	
-8.212131066		0.9671977144	0.05837239612	
-8.196993497		0.9671014791	0.05869386974	
-8.181855928		0.9670049028	0.05901336175	
-8.166718359		0.9669079661	0.05933084684	
-8.15158079		0.9668106497	0.0596462998	
-8.136443222		0.9667129338	0.05995969564	
-8.121305653		0.9666147984	0.0602710095	
-8.106168084		0.9665162236	0.06058021672	
-8.091030515		0.9664171891	0.06088729287	
-8.075892946		0.9663176744	0.06119221371	
-8.060755378		0.9662176593	0.06149495525	
-8.045617809		0.966117123	0.06179549375	
-8.03048024		0.9660160452	0.06209380574	
-8.015342671		0.965914405	0.06238986802	
-8.000205103		0.9658121819	0.0626836577	
-7.985067534		0.9657093551	0.0629751522	
-7.969929965		0.9656059041	0.06326432925	
-7.954792396		0.9655018081	0.06355116695	
-7.939654827		0.9653970465	0.06383564373	
-7.924517259		0.9652915987	0.06411773842	
-7.90937969		0.9651854442	0.06439743019	
-7.894242121		0.9650785625	0.06467469867	
-7.879104552		0.9649709331	0.06494952384	
-7.863966983		0.9648625358	0.06522188614	
-7.848829415		0.9647533501	0.06549176645	
-7.833691846		0.964643356	0.06575914608	
-7.818554277		0.9645325332	0.06602400683	
-7.803416708		0.9644208619	0.06628633095	
-7.78827914		0.9643083219	0.06654610118	
-7.773141571		0.9641948936	0.06680330077	
-7.758004002		0.9640805572	0.06705791346	
-7.742866433		0.9639652929	0.06730992352	
-7.727728864		0.9638490812	0.06755931574	
-7.712591296		0.9637319028	0.06780607544	
-7.697453727		0.9636137382	0.0680501885	
-7.682316158		0.9634945681	0.06829164132	
-7.667178589		0.9633743734	0.0685304209	
-7.652041021		0.963253135	0.06876651478	
-7.636903452		0.9631308339	0.06899991106	
-7.621765883		0.9630074512	0.06923059844	
-7.606628314		0.9628829681	0.06945856619	
-7.591490745		0.9627573658	0.06968380418	
-7.576353177		0.9626306258	0.06990630286	
-7.561215608		0.9625027293	0.07012605327	
-7.546078039		0.962373658	0.07034304706	
-7.53094047		0.9622433935	0.07055727648	
-7.515802901		0.9621119173	0.07076873435	
-7.500665333		0.9619792112	0.07097741414	
-7.485527764		0.9618452569	0.07118330988	
-7.470390195		0.9617100364	0.07138641624	
-7.455252626		0.9615735315	0.07158672846	
-7.440115058		0.9614357242	0.07178424238	
-7.424977489		0.9612965964	0.07197895448	
-7.40983992		0.9611561304	0.07217086177	
-7.394702351		0.9610143082	0.07235996191	
-7.379564782		0.9608711119	0.07254625312	
-7.364427214		0.9607265238	0.0727297342	
-7.349289645		0.9605805261	0.07291040453	
-7.334152076		0.9604331012	0.07308826408	
-7.319014507		0.9602842313	0.07326331335	
-7.303876938		0.9601338989	0.07343555344	
-7.28873937		0.9599820863	0.07360498596	
-7.273601801		0.959828776	0.07377161308	
-7.258464232		0.9596739505	0.07393543752	
-7.243326663		0.9595175922	0.07409646249	
-7.228189095		0.9593596837	0.07425469173	
-7.213051526		0.9592002075	0.0744101295	
-7.197913957		0.9590391462	0.07456278052	
-7.182776388		0.9588764823	0.07471265003	
-7.167638819		0.9587121985	0.07485974372	
-7.152501251		0.9585462774	0.07500406775	
-7.137363682		0.9583787016	0.07514562872	
-7.122226113		0.9582094536	0.07528443369	
-7.107088544		0.9580385161	0.07542049014	
-7.091950975		0.9578658716	0.07555380598	
-7.076813407		0.9576915029	0.07568438952	
-7.061675838		0.9575153923	0.07581224946	
-7.046538269		0.9573375224	0.07593739494	
-7.0314007		0.9571578758	0.07605983542	
-7.016263132		0.9569764349	0.07617958079	
-7.001125563		0.956793182	0.07629664128	
-6.985987994		0.9566080996	0.0764110275	
-6.970850425		0.95642117	0.07652275038	
-6.955712856		0.9562323754	0.07663182124	
-6.940575288		0.9560416981	0.07673825172	
-6.925437719		0.9558491201	0.07684205379	
-6.91030015		0.9556546235	0.07694323975	
-6.895162581		0.9554581903	0.07704182221	
-6.880025013		0.9552598026	0.0771378141	
-6.864887444		0.9550594422	0.07723122863	
-6.849749875		0.9548570911	0.0773220793	
-6.834612306		0.954652731	0.07741037986	
-6.819474737		0.9544463438	0.07749614433	
-6.804337169		0.9542379115	0.07757938691	
-6.7891996		0.9540274158	0.07766012204	
-6.774062031		0.9538148388	0.07773836429	
-6.758924462		0.9536001624	0.07781412837	
-6.743786893		0.9533833687	0.07788742909	
-6.728649325		0.9531644399	0.0779582813	
-6.713511756		0.9529433585	0.07802669986	
-6.698374187		0.9527201067	0.0780926996	
-6.683236618		0.9524946675	0.07815629525	
-6.66809905		0.9522670235	0.07821750142	
-6.652961481		0.9520371577	0.07827633254	
-6.637823912		0.9518050535	0.07833280283	
-6.622686343		0.951570694	0.07838692626	
-6.607548774		0.9513340628	0.07843871655	
-6.592411206		0.9510951434	0.07848818713	
-6.577273637		0.9508539193	0.07853535117	
-6.562136068		0.9506103742	0.07858022158	
-6.546998499		0.9503644915	0.07862281108	
-6.53186093		0.9501162545	0.07866313223	
-6.516723362		0.9498656462	0.0787011975	
-6.501585793		0.9496126492	0.07873701942	
-6.486448224		0.9493572458	0.07877061059	
-6.471310655		0.9490994178	0.07880198389	
-6.456173087		0.9488391462	0.07883115256	
-6.441035518		0.9485764118	0.07885813027	
-6.425897949		0.9483111944	0.07888293128	
-6.41076038		0.9480434735	0.07890557046	
-6.395622811		0.947773228	0.07892606334	
-6.380485243		0.9475004365	0.07894442608	
-6.365347674		0.9472250773	0.07896067536	
-6.350210105		0.9469471287	0.07897482827	
-6.335072536		0.9466665694	0.07898690205	
-6.319934967		0.9463833785	0.07899691382	
-6.304797399		0.9460975358	0.07900488021	
-6.28965983		0.9458090224	0.07901081698	
-6.274522261		0.9455178207	0.07901473855	
-6.259384692		0.9452239145	0.07901665761	
-6.244247124		0.9449272894	0.07901658475	
-6.229109555		0.9446279329	0.07901452806	
-6.213971986		0.9443258339	0.07901049303	
-6.198834417		0.9440209829	0.07900448239	
-6.183696848		0.9437133718	0.07899649629	
-6.16855928		0.9434029928	0.0789865325	
-6.153421711		0.9430898389	0.07897458698	
-6.138284142		0.9427739025	0.07896065442	
-6.123146573		0.9424551751	0.07894472901	
-6.108009005		0.9421336467	0.07892680532	
-6.092871436		0.9418093055	0.07890687904	
-6.077733867		0.941482137	0.0788849478	
-6.062596298		0.9411521245	0.07886101178	
-6.047458729		0.9408192484	0.07883507408	
-6.032321161		0.9404834867	0.07880714094	
-6.017183592		0.9401448154	0.07877722156	
-6.002046023		0.9398032089	0.07874532777	
-5.986908454		0.9394586407	0.07871147341	
-5.971770885		0.9391110842	0.0786756735	
-5.956633317		0.9387605132	0.07863794344	
-5.941495748		0.9384069028	0.07859829807	
-5.926358179		0.9380502298	0.07855675087	
-5.91122061		0.9376904731	0.07851331336	
-5.896083042		0.9373276139	0.07846799461	
-5.880945473		0.9369616357	0.07842080102	
-5.865807904		0.9365925241	0.07837173635	
-5.850670335		0.9362202664	0.07832080197	
-5.835532766		0.9358448515	0.0782679972	
-5.820395198		0.9354662688	0.07821331985	
-5.805257629		0.9350845086	0.07815676675	
-5.79012006		0.9346995606	0.07809833431	
-5.774982491		0.9343114143	0.07803801906	
-5.759844922		0.9339200585	0.07797581796	
-5.744707354		0.9335254809	0.07791172883	
-5.729569785		0.9331276678	0.07784575044	
-5.714432216		0.932726605	0.07777788259	
-5.699294647		0.9323222766	0.07770812612	
-5.684157079		0.9319146662	0.07763648273	
-5.66901951		0.9315037566	0.07756295484	
-5.653881941		0.9310895299	0.07748754533	
-5.638744372		0.930671968	0.07741025731	
-5.623606803		0.9302510526	0.0773310939	
-5.608469235		0.9298267656	0.077250058	
-5.593331666		0.929399089	0.07716715208	
-5.578194097		0.9289680051	0.07708237805	
-5.563056528		0.9285334968	0.07699573715	
-5.547918959		0.9280955472	0.07690722988	
-5.532781391		0.9276541401	0.07681685595	
-5.517643822		0.9272092598	0.0767246143	
-5.502506253		0.9267608909	0.07663050312	
-5.487368684		0.9263090185	0.07653451994	
-5.472231116		0.9258536282	0.07643666163	
-5.457093547		0.9253947055	0.07633692456	
-5.441955978		0.9249322367	0.07623530467	
-5.426818409		0.9244662078	0.07613179752	
-5.41168084		0.9239966052	0.07602639843	
-5.396543272		0.9235234154	0.07591910254	
-5.381405703		0.9230466251	0.07580990489	
-5.366268134		0.9225662211	0.0756988005	
-5.351130565		0.9220821902	0.07558578441	
-5.335992996		0.9215945194	0.07547085173	
-5.320855428		0.9211031962	0.0753539977	
-5.305717859		0.9206082078	0.07523521769	
-5.29058029		0.9201095422	0.07511450725	
-5.275442721		0.9196071873	0.07499186207	
-5.260305153		0.9191011313	0.07486727802	
-5.245167584		0.9185913629	0.07474075113	
-5.230030015		0.9180778709	0.07461227757	
-5.214892446		0.9175606441	0.07448185362	
-5.199754877		0.9170396718	0.07434947566	
-5.184617309		0.9165149432	0.07421514015	
-5.16947974		0.9159864473	0.07407884356	
-5.154342171		0.9154541733	0.0739405824	
-5.139204602		0.9149181098	0.07380035314	
-5.124067034		0.9143782452	0.07365815223	
-5.108929465		0.9138345678	0.07351397607	
-5.093791896		0.9132870649	0.073367821	
-5.078654327		0.9127357239	0.07321968334	
-5.063516758		0.9121805312	0.07306955935	
-5.04837919		0.9116214732	0.07291744529	
-5.033241621		0.9110585359	0.07276333745	
-5.018104052		0.9104917051	0.07260723219	
-5.002966483		0.9099209664	0.07244912597	
-4.987828914		0.9093463058	0.07228901541	
-4.972691346		0.9087677095	0.07212689734	
-4.957553777		0.9081851641	0.0719627688	
-4.942416208		0.9075986569	0.07179662716	
-4.927278639		0.9070081757	0.07162847005	
-4.912141071		0.9064137095	0.07145829544	
-4.897003502		0.9058152475	0.07128610164	
-4.881865933		0.9052127801	0.07111188726	
-4.866728364		0.9046062983	0.07093565123	
-4.851590795		0.9039957935	0.07075739277	
-4.836453227		0.9033812576	0.07057711135	
-4.821315658		0.9027626829	0.07039480668	
-4.806178089		0.9021400617	0.07021047868	
-4.79104052		0.9015133863	0.07002412745	
-4.775902951		0.9008826488	0.06983575324	
-4.760765383		0.900247841	0.06964535645	
-4.745627814		0.8996089546	0.06945293761	
-4.730490245		0.8989659806	0.06925849742	
-4.715352676		0.8983189098	0.06906203667	
-4.700215108		0.8976677326	0.06886355635	
-4.685077539		0.8970124389	0.0686630576	
-4.66993997		0.8963530185	0.06846054173	
-4.654802401		0.8956894611	0.06825601029	
-4.639664832		0.8950217559	0.06804946503	
-4.624527264		0.8943498924	0.06784090796	
-4.609389695		0.8936738601	0.06763034132	
-4.594252126		0.8929936483	0.06741776767	
-4.579114557		0.8923092468	0.06720318982	
-4.563976988		0.8916206455	0.06698661089	
-4.54883942		0.8909278344	0.0667680343	
-4.533701851		0.8902308039	0.06654746374	
-4.518564282		0.8895295445	0.06632490325	
-4.503426713		0.8888240472	0.06610035711	
-4.488289145		0.8881143029	0.06587382993	
-4.473151576		0.887400303	0.06564532658	
-4.458014007		0.8866820389	0.0654148522	
-4.442876438		0.8859595023	0.06518241221	
-4.427738869		0.885232685	0.06494801227	
-4.412601301		0.8845015788	0.06471165828	
-4.397463732		0.8837661757	0.06447335638	
-4.382326163		0.8830264676	0.06423311293	
-4.367188594		0.8822824466	0.06399093449	
-4.352051026		0.8815341045	0.06374682784	
-4.336913457		0.8807814334	0.06350079994	
-4.321775888		0.8800244253	0.06325285795	
-4.306638319		0.8792630718	0.0630030092	
-4.29150075		0.878497365	0.06275126119	
-4.276363182		0.8777272964	0.06249762157	
-4.261225613		0.8769528579	0.06224209816	
-4.246088044		0.8761740409	0.06198469892	
-4.230950475		0.8753908372	0.06172543195	
-4.215812906		0.8746032382	0.06146430547	
-4.200675338		0.8738112354	0.06120132784	
-4.185537769		0.8730148203	0.06093650751	
-4.1704002		0.8722139842	0.06066985305	
-4.155262631		0.8714087185	0.06040137313	
-4.140125063		0.8705990145	0.06013107649	
-4.124987494		0.8697848638	0.05985897195	
-4.109849925		0.8689662575	0.05958506838	
-4.094712356		0.8681431871	0.05930937472	
-4.079574787		0.8673156439	0.05903189993	
-4.064437219		0.8664836193	0.058752653	
-4.04929965		0.8656471048	0.05847164294	
-4.034162081		0.8648060916	0.05818887874	
-4.019024512		0.8639605714	0.0579043694	
-4.003886943		0.8631105355	0.05761812385	
-3.988749375		0.8622559755	0.05733015099	
-3.973611806		0.8613968829	0.05704045968	
-3.958474237		0.8605332494	0.05674905868	
-3.943336668		0.8596650664	0.05645595663	
-3.9281991		0.8587923257	0.05616116212	
-3.913061531		0.857915019	0.05586468356	
-3.897923962		0.857033138	0.05556652924	
-3.882786393		0.8561466745	0.0552667073	
-3.867648824		0.8552556204	0.05496522569	
-3.852511256		0.8543599675	0.05466209217	
-3.837373687		0.8534597078	0.05435731431	
-3.822236118		0.8525548332	0.05405089943	
-3.807098549		0.851645336	0.05374285465	
-3.79196098		0.8507312081	0.05343318681	
-3.776823412		0.8498124418	0.05312190249	
-3.761685843		0.8488890293	0.05280900801	
-3.746548274		0.8479609631	0.05249450938	
-3.731410705		0.8470282355	0.0521784123	
-3.716273137		0.846090839	0.05186072217	
-3.701135568		0.8451487663	0.05154144406	
-3.685997999		0.84420201	0.05122058271	
-3.67086043		0.843250563	0.05089814249	
-3.655722861		0.8422944182	0.05057412743	
-3.640585293		0.8413335685	0.05024854123	
-3.625447724		0.8403680072	0.04992138717	
-3.610310155		0.8393977274	0.04959266822	
-3.595172586		0.8384227224	0.04926238694	
-3.580035018		0.8374429859	0.04893054553	
-3.564897449		0.8364585114	0.04859714584	
-3.54975988		0.8354692925	0.04826218934	
-3.534622311		0.8344753233	0.04792567713	
-3.519484742		0.8334765977	0.04758760999	
-3.504347174		0.8324731099	0.04724798833	
-3.489209605		0.8314648541	0.04690681226	
-3.474072036		0.8304518247	0.04656408155	
-3.458934467		0.8294340164	0.0462197957	
-3.443796898		0.8284114238	0.04587395393	
-3.42865933		0.8273840418	0.0455265552	
-3.413521761		0.8263518654	0.04517759828	
-3.398384192		0.8253148897	0.04482708173	
-3.383246623		0.82427311	0.04447500395	
-3.368109055		0.8232265217	0.04412136325	
-3.352971486		0.8221751203	0.04376615785	
-3.337833917		0.8211189015	0.04340938596	
-3.322696348		0.8200578611	0.0430510458	
-3.307558779		0.8189919951	0.04269113569	
-3.292421211		0.8179212996	0.04232965407	
-3.277283642		0.8168457706	0.04196659962	
-3.262146073		0.8157654046	0.04160197127	
-3.247008504		0.8146801979	0.04123576831	
-3.231870935		0.8135901471	0.04086799046	
-3.216733367		0.8124952487	0.04049863795	
-3.201595798		0.8113954995	0.04012771163	
-3.186458229		0.8102908964	0.03975521305	
-3.17132066		0.8091814361	0.03938114453	
-3.156183092		0.8080671157	0.03900550934	
-3.141045523		0.8069479321	0.03862831174	
-3.125907954		0.8058238826	0.03824955714	
-3.110770385		0.8046949642	0.03786925218	
-3.095632816		0.8035611742	0.03748740492	
-3.080495248		0.8024225098	0.03710402488	
-3.065357679		0.8012789683	0.03671912329	
-3.05022011		0.8001305471	0.03633271312	
-3.035082541		0.7989772435	0.0359448093	
-3.019944972		0.7978190548	0.03555542883	
-3.004807404		0.7966559785	0.03516459095	
-2.989669835		0.7954880119	0.0347723173	
-2.974532266		0.7943151524	0.03437863204	
-2.959394697		0.7931373975	0.03398356209	
-2.944257129		0.7919547444	0.03358713718	
-2.92911956		0.7907671907	0.03318939012	
-2.913981991		0.7895747336	0.0327903569	
-2.898844422		0.7883773706	0.03239007687	
-2.883706853		0.7871750989	0.03198859292	
-2.868569285		0.7859679159	0.0315859516	
-2.853431716		0.7847558189	0.0311822033	
-2.838294147		0.7835388053	0.03077740242	
-2.823156578		0.7823168723	0.03037160747	
-2.80801901		0.7810900173	0.02996488126	
-2.792881441		0.7798582377	0.02955729101	
-2.777743872		0.7786215307	0.02914890846	
-2.762606303		0.7773798938	0.02873981001	
-2.747468734		0.7761333244	0.02833007681	
-2.732331166		0.7748818199	0.02791979485	
-2.717193597		0.773625378	0.02750905505	
-2.702056028		0.7723639964	0.02709795329	
-2.686918459		0.7710976727	0.02668659049	
-2.67178089		0.7698264049	0.0262750726	
-2.656643322		0.7685501912	0.02586351066	
-2.641505753		0.7672690298	0.0254520207	
-2.626368184		0.7659829192	0.02504072379	
-2.611230615		0.7646918582	0.02462974592	
-2.596093047		0.7633958461	0.02421921796	
-2.580955478		0.7620948821	0.02380927549	
-2.565817909		0.7607889663	0.02340005874	
-2.55068034		0.7594780989	0.02299171235	
-2.535542771		0.7581622808	0.02258438523	
-2.520405203		0.7568415133	0.02217823033	
-2.505267634		0.7555157986	0.02177340437	
-2.490130065		0.7541851392	0.02137006758	
-2.474992496		0.7528495389	0.02096838339	
-2.459854927		0.751509002	0.02056851811	
-2.444717359		0.7501635337	0.02017064055	
-2.42957979		0.7488131405	0.01977492161	
-2.414442221		0.7474578298	0.01938153395	
-2.399304652		0.7460976104	0.01899065144	
-2.384167084		0.7447324924	0.0186024488	
-2.369029515		0.7433624874	0.01821710105	
-2.353891946		0.7419876084	0.01783478306	
-2.338754377		0.7406078702	0.017455669	
-2.323616808		0.7392232896	0.01707993185	
-2.30847924		0.7378338851	0.01670774281	
-2.293341671		0.7364396775	0.01633927082	
-2.278204102		0.7350406898	0.01597468197	
-2.263066533		0.7336369474	0.01561413896	
-2.247928964		0.732228478	0.01525780056	
-2.232791396		0.7308153124	0.01490582111	
-2.217653827		0.7293974839	0.01455834993	
-2.202516258		0.7279750288	0.01421553086	
-2.187378689		0.7265479865	0.01387750177	
-2.172241121		0.7251163997	0.01354439407	
-2.157103552		0.7236803141	0.01321633231	
-2.141965983		0.7222397792	0.01289343373	
-2.126828414		0.7207948477	0.01257580791	
-2.111690845		0.7193455759	0.01226355645	
-2.096553277		0.7178920237	0.01195677264	
-2.081415708		0.7164342548	0.01165554123	
-2.066278139		0.7149723361	0.01135993821	
-2.05114057		0.7135063385	0.01107003063	
-2.036003002		0.7120363363	0.01078587653	
-2.020865433		0.7105624072	0.01050752481	
-2.005727864		0.7090846324	0.01023501526	
-1.990590295		0.7076030962	0.009968378548	
-1.975452726		0.7061178862	0.009707636295	
-1.960315158		0.7046290927	0.009452801211	
-1.945177589		0.7031368091	0.009203877235	
-1.93004002		0.7016411309	0.00896085974	
-1.914902451		0.7001421563	0.008723735767	
-1.899764882		0.6986399853	0.008492484297	
-1.884627314		0.69713472	0.008267076555	
-1.869489745		0.6956264637	0.008047476335	
-1.854352176		0.6941153214	0.007833640362	
-1.839214607		0.6926013987	0.007625518659	
-1.824077039		0.6910848024	0.007423054939	
-1.80893947		0.6895656395	0.007226187011	
-1.793801901		0.6880440173	0.007034847186	
-1.778664332		0.6865200433	0.006848962694	
-1.763526763		0.6849938244	0.006668456098	
-1.748389195		0.683465467	0.006493245708	
-1.733251626		0.6819350769	0.006323245992	
-1.718114057		0.6804027588	0.006158367973	
-1.702976488		0.6788686158	0.005998519624	
-1.687838919		0.6773327499	0.005843606243	
-1.672701351		0.6757952612	0.005693530816	
-1.657563782		0.6742562476	0.005548194374	
-1.642426213		0.6727158049	0.005407496315	
-1.627288644		0.6711740266	0.005271334729	
-1.612151076		0.6696310031	0.005139606688	
-1.597013507		0.6680868222	0.005012208533	
-1.581875938		0.6665415682	0.004889036133	
-1.566738369		0.6649953222	0.00476998513	
-1.5516008		0.6634481616	0.004654951167	
-1.536463232		0.6619001599	0.004543830097	
-1.521325663		0.6603513867	0.004436518178	
-1.506188094		0.6588019071	0.004332912252	
-1.491050525		0.6572517817	0.004232909905	
-1.475912956		0.6557010665	0.004136409622	
-1.460775388		0.6541498126	0.004043310916	
-1.445637819		0.6525980662	0.003953514457	
-1.43050025		0.6510458684	0.003866922181	
-1.415362681		0.6494932549	0.003783437389	
-1.400225113		0.6479402563	0.003702964836	
-1.385087544		0.6463868977	0.003625410813	
-1.369949975		0.6448331989	0.003550683214	
-1.354812406		0.6432791742	0.003478691599	
-1.339674837		0.6417248325	0.003409347246	
-1.324537269		0.6401701775	0.003342563198	
-1.3093997		0.6386152075	0.003278254299	
-1.294262131		0.6370599157	0.00321633723	
-1.279124562		0.6355042905	0.003156730529	
-1.263986993		0.633948315	0.003099354616	
-1.248849425		0.6323919677	0.003044131803	
-1.233711856		0.6308352222	0.002990986306	
-1.218574287		0.6292780467	0.002939844242	
-1.203436718		0.6277204027	0.002890633626	
-1.18829915		0.6261622433	0.002843284358	
-1.173161581		0.6246035069	0.002797728188	
-1.158024012		0.6230441067	0.002753898658	
-1.142886443		0.6214839062	0.002711730992	
-1.127748874		0.6199226714	0.002671161878	
-1.112611306		0.6183599716	0.00263212905	
-1.097473737		0.616794982	0.002594570482	
-1.082336168		0.6152261061	0.002558422875	
-1.067198599		0.6136503115	0.002523619064	
-1.052061031		0.6120622057	0.002490084513	
-1.036923462		0.610453625	0.002457736084	
-1.021785893		0.6088165123	0.002426493935	
-1.006648324		0.6071525739	0.002396319456	
-0.9915107554		0.6054824735	0.002367249247	
-0.9763731866		0.6038342224	0.002339346778	
-0.9612356178		0.6022196887	0.002312611236	
-0.946098049		0.6006325006	0.002286972538	
-0.9309604802		0.5990612829	0.00226234428	
-0.9158229115		0.5974975007	0.002238653732	
-0.9006853427		0.5959362953	0.002215844335	
-0.8855477739		0.5943752117	0.002193870358	
-0.8704102051		0.5928130717	0.002172692354	
-0.8552726363		0.591249318	0.00215227455	
-0.8401350675		0.5896836853	0.002132583534	
-0.8249974987		0.5881160434	0.002113587616	
-0.80985993		0.5865463254	0.002095256522	
-0.7947223612		0.5849744946	0.002077561232	
-0.7795847924		0.58340053	0.002060473893	
-0.7644472236		0.5818244191	0.00204396776	
-0.7493096548		0.5802461552	0.00202801715	
-0.734172086		0.5786657361	0.002012597407	
-0.7190345173		0.5770831626	0.001997684864	
-0.7038969485		0.5754984394	0.001983256814	
-0.6887593797		0.5739115738	0.001969291477	
-0.6736218109		0.5723225764	0.001955767968	
-0.6584842421		0.5707314604	0.001942666274	
-0.6433466733		0.5691382422	0.001929967216	
-0.6282091046		0.5675429404	0.001917652431	
-0.6130715358		0.5659455768	0.001905704334	
-0.597933967		0.564346175	0.001894106101	
-0.5827963982		0.5627447615	0.001882841635	
-0.5676588294		0.5611413647	0.001871895546	
-0.5525212606		0.5595360152	0.001861253123	
-0.5373836918		0.5579287459	0.001850900315	
-0.5222461231		0.5563195916	0.001840823702	
-0.5071085543		0.554708589	0.001831010478	
-0.4919709855		0.5530957766	0.001821448428	
-0.4768334167		0.5514811945	0.001812125903	
-0.4616958479		0.5498648844	0.001803031807	
-0.4465582791		0.5482468894	0.00179415557	
-0.4314207104		0.546627254	0.001785487134	
-0.4162831416		0.5450060242	0.001777016934	
-0.4011455728		0.543383247	0.00176873588	
-0.386008004		0.5417589709	0.001760635341	
-0.3708704352		0.5401332452	0.001752707129	
-0.3557328664		0.5385061201	0.00174494348	
-0.3405952976		0.5368776471	0.001737337046	
-0.3254577289		0.5352478782	0.001729880872	
-0.3103201601		0.5336168662	0.00172256839	
-0.2951825913		0.5319846649	0.001715393401	
-0.2800450225		0.5303513287	0.001708350065	
-0.2649074537		0.5287169124	0.001701432887	
-0.2497698849		0.5270814718	0.00169463671	
-0.2346323162		0.5254450628	0.001687956696	
-0.2194947474		0.523807742	0.001681388323	
-0.2043571786		0.5221695663	0.001674927372	
-0.1892196098		0.5205305932	0.001668569918	
-0.174082041		0.5188908804	0.00166231232	
-0.1589444722		0.517250486	0.001656151215	
-0.1438069035		0.5156094683	0.001650083506	
-0.1286693347		0.513967886	0.00164410636	
-0.1135317659		0.5123257979	0.001638217195	
-0.0983941971		0.5106832631	0.001632413678	
-0.08325662831		0.5090403408	0.001626693714	
-0.06811905953		0.5073970903	0.001621055445	
-0.05298149075		0.5057535712	0.001615497242	
-0.03784392196		0.504109843	0.001610017699	
-0.02270635318		0.5024659655	0.001604615629	
-0.007568784392		0.5008219983	0.001599290062	
0.007568784392		0.4991780013	0.001594040236	
0.02270635318		0.4975340341	0.001588865599	
0.03784392196		0.4958901566	0.0015837658	
0.05298149075		0.4942464285	0.00157874069	
0.06811905953		0.4926029094	0.001573790319	
0.08325662831		0.4909596589	0.00156891493	
0.0983941971		0.4893167367	0.001564114964	
0.1135317659		0.4876742019	0.001559391048	
0.1286693347		0.4860321139	0.001554744005	
0.1438069035		0.4843905317	0.001550174843	
0.1589444722		0.4827495141	0.001545684761	
0.174082041		0.4811091198	0.001541275145	
0.1892196098		0.4794694071	0.001536947567	
0.2043571786		0.4778304341	0.00153270379	
0.2194947474		0.4761922586	0.001528545759	
0.2346323162		0.4745549378	0.001524475614	
0.2497698849		0.4729185289	0.001520495677	
0.2649074537		0.4712830883	0.001516608466	
0.2800450225		0.4696486722	0.001512816685	
0.2951825913		0.4680153361	0.001509123235	
0.3103201601		0.4663831348	0.001505531208	
0.3254577289		0.4647521229	0.001502043894	
0.3405952976		0.4631223539	0.001498664782	
0.3557328664		0.4614938807	0.00149539756	
0.3708704352		0.4598667556	0.001492246122	
0.386008004		0.4582410297	0.001489214567	
0.4011455728		0.4566167534	0.001486307204	
0.4162831416		0.4549939762	0.001483528556	
0.4314207104		0.4533727462	0.00148088336	
0.4465582791		0.4517531106	0.001478376576	
0.4616958479		0.4501351153	0.001476013387	
0.4768334167		0.4485188048	0.001473799202	
0.4919709855		0.4469042223	0.001471739666	
0.5071085543		0.4452914096	0.001469840657	
0.5222461231		0.4436804068	0.001468108298	
0.5373836918		0.4420712524	0.001466548957	
0.5525212606		0.440463983	0.00146516925	
0.5676588294		0.4388586334	0.001463976055	
0.5827963982		0.4372552365	0.001462976505	
0.597933967		0.4356538228	0.001462178004	
0.6130715358		0.434054421	0.001461588227	
0.6282091046		0.4324570574	0.001461215123	
0.6433466733		0.4308617558	0.001461066929	
0.6584842421		0.4292685378	0.001461152168	
0.6736218109		0.4276774222	0.001461479658	
0.6887593797		0.4260884252	0.001462058515	
0.7038969485		0.42450156	0.001462898165	
0.7190345173		0.4229168372	0.001464008342	
0.734172086		0.4213342641	0.001465399097	
0.7493096548		0.4197538453	0.001467080805	
0.7644472236		0.4181755817	0.001469064169	
0.7795847924		0.4165994711	0.001471360223	
0.7947223612		0.4150255068	0.001473980338	
0.80985993		0.4134536764	0.001476936219	
0.8249974987		0.4118839588	0.001480239902	
0.8401350675		0.4103163173	0.001483903732	
0.8552726363		0.4087506848	0.001487940314	
0.8704102051		0.4071869312	0.00149236239	
0.8855477739		0.4056247909	0.001497182569	
0.9006853427		0.4040637071	0.001502412734	
0.9158229115		0.4025025013	0.001508062759	
0.9309604802		0.4009387189	0.001514137947	
0.946098049		0.3993675011	0.001520634514	
0.9612356178		0.397780313	0.001527534289	
0.9763731866		0.3961657794	0.00153480725	
0.9915107554		0.394517528	0.001542441547	
1.006648324		0.3928474272	0.001550496492	
1.021785893		0.3911834881	0.001559097603	
1.036923462		0.3895463746	0.001568345483	
1.052061031		0.3879377933	0.001578267514	
1.067198599		0.3863496872	0.001588851861	
1.082336168		0.3847738927	0.001600085434	
1.097473737		0.383205017	0.001611965815	
1.112611306		0.3816400277	0.001624500046	
1.127748874		0.3800773279	0.001637701141	
1.142886443		0.378516093	0.001651585516	
1.158024012		0.3769558923	0.001666171483	
1.173161581		0.3753964917	0.001681478461	
1.18829915		0.3738377552	0.00169752656	
1.203436718		0.372279596	0.001714336366	
1.218574287		0.3707219525	0.00173192883	
1.233711856		0.3691647775	0.001750325199	
1.248849425		0.3676080324	0.001769546975	
1.263986993		0.3660516854	0.00178961588	
1.279124562		0.3644957098	0.00181055383	
1.294262131		0.3629400842	0.001832382905	
1.3093997		0.3613847921	0.001855125325	
1.324537269		0.3598298219	0.001878803417	
1.339674837		0.3582751669	0.001903439588	
1.354812406		0.3567208254	0.001929056288	
1.369949975		0.3551668008	0.001955675976	
1.385087544		0.353613102	0.001983321083	
1.400225113		0.3520597433	0.002012013973	
1.415362681		0.3505067444	0.002041776899	
1.43050025		0.3489541305	0.002072631956	
1.445637819		0.3474019322	0.002104601038	
1.460775388		0.3458501856	0.002137705784	
1.475912956		0.3442989317	0.002171967523	
1.491050525		0.3427482166	0.002207407219	
1.506188094		0.3411980913	0.00224404541	
1.521325663		0.3396486118	0.002281902145	
1.536463232		0.3380998387	0.002320996912	
1.5516008		0.336551837	0.002361348575	
1.566738369		0.3350046764	0.002402975292	
1.581875938		0.3334584303	0.002445894444	
1.597013507		0.3319131764	0.002490122544	
1.612151076		0.3303689956	0.002535675158	
1.627288644		0.3288259724	0.002582566812	
1.642426213		0.3272841944	0.002630810899	
1.657563782		0.3257437521	0.002680419579	
1.672701351		0.3242047389	0.002731403682	
1.687838919		0.3226672504	0.002783772602	
1.702976488		0.3211313848	0.002837534187	
1.718114057		0.319597242	0.002892694639	
1.733251626		0.3180649241	0.002949258395	
1.748389195		0.3165345343	0.003007228017	
1.763526763		0.3150061773	0.003066604084	
1.778664332		0.3134799587	0.003127385078	
1.793801901		0.311955985	0.003189567275	
1.80893947		0.3104343631	0.003253144639	
1.824077039		0.3089152004	0.003318108718	
1.839214607		0.3073986042	0.003384448548	
1.854352176		0.3058846816	0.003452150564	
1.869489745		0.3043735392	0.00352119851	
1.884627314		0.3028652828	0.003591573371	
1.899764882		0.3013600173	0.003663253305	
1.914902451		0.2998578462	0.003736213592	
1.93004002		0.2983588714	0.003810426591	
1.945177589		0.2968631931	0.003885861717	
1.960315158		0.2953709091	0.003962485426	
1.975452726		0.2938821154	0.004040261219	
1.990590295		0.2923969051	0.004119149662	
2.005727864		0.2909153685	0.004199108424	
2.020865433		0.2894375933	0.004280092325	
2.036003002		0.2879636639	0.004362053411	
2.05114057		0.2864936613	0.00444494104	
2.066278139		0.2850276634	0.004528701985	
2.081415708		0.2835657444	0.004613280551	
2.096553277		0.2821079752	0.004698618719	
2.111690845		0.2806544228	0.004784656286	
2.126828414		0.2792051508	0.004871331036	
2.141965983		0.2777602192	0.004958578913	
2.157103552		0.2763196841	0.00504633421	
2.172241121		0.2748835985	0.005134529764	
2.187378689		0.2734520116	0.005223097162	
2.202516258		0.2720249694	0.005311966955	
2.217653827		0.2706025143	0.005401068872	
2.232791396		0.2691846858	0.005490332042	
2.247928964		0.2677715203	0.005579685213	
2.263066533		0.2663630511	0.005669056978	
2.278204102		0.2649593087	0.005758375992	
2.293341671		0.2635603212	0.005847571193	
2.30847924		0.2621661138	0.005936572008	
2.323616808		0.2607767095	0.006025308569	
2.338754377		0.259392129	0.006113711902	
2.353891946		0.258012391	0.00620171413	
2.369029515		0.2566375121	0.006289248644	
2.384167084		0.2552675072	0.006376250282	
2.399304652		0.2539023894	0.006462655489	
2.414442221		0.2525421701	0.00654840246	
2.42957979		0.2511868595	0.006633431285	
2.444717359		0.2498364664	0.006717684068	
2.459854927		0.2484909982	0.006801105039	
2.474992496		0.2471504613	0.006883640653	
2.490130065		0.245814861	0.006965239676	
2.505267634		0.2444842017	0.007045853253	
2.520405203		0.243158487	0.007125434974	
2.535542771		0.2418377195	0.007203940914	
2.55068034		0.2405219013	0.007281329671	
2.565817909		0.2392110339	0.007357562389	
2.580955478		0.2379051181	0.007432602766	
2.596093047		0.2366041541	0.007506417058	
2.611230615		0.2353081419	0.007578974067	
2.626368184		0.2340170809	0.007650245121	
2.641505753		0.2327309703	0.007720204048	
2.656643322		0.2314498088	0.007788827135	
2.67178089		0.230173595	0.007856093089	
2.686918459		0.2289023272	0.007921982979	
2.702056028		0.2276360035	0.007986480185	
2.717193597		0.2263746218	0.00804957033	
2.732331166		0.2251181799	0.008111241212	
2.747468734		0.2238666755	0.008171482733	
2.762606303		0.222620106	0.008230286825	
2.777743872		0.2213784692	0.008287647365	
2.792881441		0.2201417622	0.008343560098	
2.80801901		0.2189099826	0.008398022555	
2.823156578		0.2176831277	0.008451033961	
2.838294147		0.2164611949	0.00850259516	
2.853431716		0.2152441813	0.008552708518	
2.868569285		0.2140320844	0.008601377848	
2.883706853		0.2128249016	0.008648608316	
2.898844422		0.21162263	0.008694406362	
2.913981991		0.210425267	0.008738779614	
2.92911956		0.2092328101	0.008781736808	
2.944257129		0.2080452565	0.008823287705	
2.959394697		0.2068626036	0.008863443019	
2.974532266		0.2056848487	0.008902214334	
2.989669835		0.2045119894	0.008939614034	
3.004807404		0.2033440229	0.008975655233	
3.019944972		0.2021809467	0.009010351702	
3.035082541		0.2010227581	0.009043717809	
3.05022011		0.1998694546	0.009075768452	
3.065357679		0.1987210334	0.009106519	
3.080495248		0.197577492	0.009135985236	
3.095632816		0.1964388276	0.009164183303	
3.110770385		0.1953050376	0.009191129649	
3.125907954		0.1941761192	0.009216840983	
3.141045523		0.1930520696	0.009241334227	
3.156183092		0.191932886	0.009264626472	
3.17132066		0.1908185654	0.00928673494	
3.186458229		0.189709105	0.009307676942	
3.201595798		0.1886045016	0.009327469848	
3.216733367		0.1875047522	0.009346131052	
3.231870935		0.1864098536	0.009363677942	
3.247008504		0.1853198024	0.00938012787	
3.262146073		0.1842345954	0.009395498134	
3.277283642		0.183154229	0.009409805943	
3.292421211		0.1820786996	0.009423068409	
3.307558779		0.1810080035	0.009435302516	
3.322696348		0.179942137	0.009446525112	
3.337833917		0.1788810961	0.009456752887	
3.352971486		0.1778248768	0.009466002364	
3.368109055		0.1767734748	0.009474289884	
3.383246623		0.1757268859	0.009481631596	
3.398384192		0.1746851056	0.009488043449	
3.413521761		0.1736481293	0.009493541184	
3.42865933		0.1726159524	0.009498140327	
3.443796898		0.1715885699	0.009501856183	
3.458934467		0.1705659769	0.009504703835	
3.474072036		0.1695481683	0.009506698135	
3.489209605		0.1685351386	0.00950785371	
3.504347174		0.1675268827	0.009508184954	
3.519484742		0.1665233948	0.009507706029	
3.534622311		0.1655246693	0.009506430867	
3.54975988		0.1645307004	0.00950437317	
3.564897449		0.163541482	0.009501546412	
3.580035018		0.1625570081	0.009497963839	
3.595172586		0.1615772723	0.009493638476	
3.610310155		0.1606022684	0.009488583124	
3.625447724		0.1596319899	0.009482810369	
3.640585293		0.1586664299	0.009476332582	
3.655722861		0.1577055819	0.009469161927	
3.67086043		0.1567494389	0.00946131036	
3.685997999		0.155797994	0.00945278964	
3.701135568		0.1548512399	0.009443611326	
3.716273137		0.1539091695	0.009433786791	
3.731410705		0.1529717754	0.00942332722	
3.746548274		0.1520390502	0.009412243618	
3.761685843		0.1511109864	0.009400546815	
3.776823412		0.1501875763	0.009388247471	
3.79196098		0.1492688122	0.009375356082	
3.807098549		0.1483546863	0.009361882985	
3.822236118		0.1474451908	0.009347838363	
3.837373687		0.1465403176	0.00933323225	
3.852511256		0.1456400588	0.009318074537	
3.867648824		0.1447444062	0.009302374977	
3.882786393		0.1438533519	0.009286143191	
3.897923962		0.1429668875	0.00926938867	
3.913061531		0.1420850048	0.009252120782	
3.9281991		0.1412076956	0.00923434878	
3.943336668		0.1403349516	0.009216081798	
3.958474237		0.1394667645	0.009197328866	
3.973611806		0.1386031258	0.009178098906	
3.988749375		0.1377440274	0.009158400741	
4.003886943		0.1368894608	0.009138243096	
4.019024512		0.1360394176	0.009117634605	
4.034162081		0.1351938894	0.009096583813	
4.04929965		0.134352868	0.00907509918	
4.064437219		0.1335163449	0.009053189083	
4.079574787		0.1326843118	0.009030861821	
4.094712356		0.1318567603	0.009008125619	
4.109849925		0.1310336821	0.008984988626	
4.124987494		0.130215069	0.008961458924	
4.140125063		0.1294009124	0.008937544524	
4.155262631		0.1285912042	0.008913253374	
4.1704002		0.1277859361	0.008888593356	
4.185537769		0.1269850996	0.008863572292	
4.200675338		0.1261886865	0.008838197942	
4.215812906		0.1253966885	0.008812478008	
4.230950475		0.124609097	0.008786420132	
4.246088044		0.1238259037	0.008760031902	
4.261225613		0.1230471002	0.008733320847	
4.276363182		0.122272678	0.008706294443	
4.29150075		0.1215026284	0.00867896011	
4.306638319		0.1207369428	0.008651325214	
4.321775888		0.1199756125	0.008623397068	
4.336913457		0.1192186288	0.008595182932	
4.352051026		0.1184659827	0.008566690011	
4.367188594		0.1177176655	0.008537925464	
4.382326163		0.116973668	0.008508896393	
4.397463732		0.1162339812	0.008479609853	
4.412601301		0.1154985961	0.00845007285	
4.427738869		0.1147675036	0.008420292342	
4.442876438		0.1140406945	0.008390275239	
4.458014007		0.1133181597	0.008360028409	
4.473151576		0.1125998903	0.008329558673	
4.488289145		0.1118858772	0.008298872811	
4.503426713		0.1111761116	0.008267977563	
4.518564282		0.1104705848	0.008236879631	
4.533701851		0.109769288	0.008205585675	
4.54883942		0.1090722129	0.008174102321	
4.563976988		0.1083793511	0.008142436155	
4.579114557		0.1076906946	0.008110593726	
4.594252126		0.1070062353	0.008078581546	
4.609389695		0.1063259653	0.008046406081	
4.624527264		0.105649877	0.008014073758	
4.639664832		0.1049779624	0.007981590954	
4.654802401		0.1043102138	0.007948963995	
4.66993997		0.1036466233	0.00791619915	
4.685077539		0.1029871827	0.007883302623	
4.700215108		0.1023318837	0.007850280554	
4.715352676		0.1016807175	0.007817139006	
4.730490245		0.1010336751	0.007783883964	
4.745627814		0.1003907467	0.007750521327	
4.760765383		0.09975192214	0.007717056911	
4.775902951		0.09911719079	0.007683496439	
4.79104052		0.09848654137	0.007649845546	
4.806178089		0.09785996217	0.007616109782	
4.821315658		0.09723744102	0.007582294608	
4.836453227		0.09661896545	0.007548405412	
4.851590795		0.09600452277	0.007514447508	
4.866728364		0.09539410023	0.007480426146	
4.881865933		0.09478768514	0.007446346524	
4.897003502		0.09418526505	0.007412213794	
4.912141071		0.09358682784	0.007378033071	
4.927278639		0.09299236189	0.00734380944	
4.942416208		0.09240185609	0.007309547963	
4.957553777		0.09181529992	0.007275253675	
4.972691346		0.09123268344	0.00724093159	
4.987828914		0.09065399722	0.007206586697	
5.002966483		0.09007923229	0.007172223949	
5.018104052		0.08950837995	0.007137848259	
5.033241621		0.08894143166	0.007103464488	
5.04837919		0.08837837886	0.007069077431	
5.063516758		0.08781921279	0.00703469181	
5.078654327		0.08726392433	0.00700031226	
5.093791896		0.08671250388	0.006965943322	
5.108929465		0.08616494125	0.006931589432	
5.124067034		0.08562122558	0.006897254918	
5.139204602		0.08508134535	0.006862944	
5.154342171		0.08454528839	0.006828660788	
5.16947974		0.0840130419	0.006794409284	
5.184617309		0.08348459258	0.00676019339	
5.199754877		0.08295992671	0.006726016906	
5.214892446		0.08243903022	0.006691883547	
5.230030015		0.08192188889	0.006657796936	
5.245167584		0.08140848833	0.006623760619	
5.260305153		0.08089881418	0.006589778065	
5.275442721		0.08039285209	0.006555852669	
5.29058029		0.07989058782	0.006521987754	
5.305717859		0.07939200722	0.006488186569	
5.320855428		0.07889709629	0.006454452293	
5.335992996		0.07840584111	0.006420788029	
5.351130565		0.07791822785	0.006387196805	
5.366268134		0.07743424274	0.006353681569	
5.381405703		0.07695387202	0.006320245192	
5.396543272		0.07647710194	0.006286890467	
5.41168084		0.0760039187	0.006253620108	
5.426818409		0.07553430846	0.006220436753	
5.441955978		0.07506825734	0.006187342971	
5.457093547		0.07460575143	0.006154341266	
5.472231116		0.07414677679	0.006121434086	
5.487368684		0.07369131953	0.00608862383	
5.502506253		0.07323936583	0.006055912859	
5.517643822		0.07279090198	0.006023303504	
5.532781391		0.07234591447	0.005990798079	
5.547918959		0.07190439	0.005958398883	
5.563056528		0.07146631553	0.005926108206	
5.578194097		0.07103167832	0.005893928333	
5.593331666		0.07060046587	0.005861861537	
5.608469235		0.07017266595	0.005829910073	
5.623606803		0.06974826648	0.005798076163	
5.638744372		0.06932725544	0.005766361971	
5.653881941		0.06890962076	0.005734769585	
5.66901951		0.06849535009	0.00570330098	
5.684157079		0.06808443066	0.005671957983	
5.699294647		0.06767684902	0.005640742239	
5.714432216		0.06727259084	0.005609655176	
5.729569785		0.06687164069	0.005578697966	
5.744707354		0.06647398188	0.005547871508	
5.759844922		0.06607959631	0.005517176406	
5.774982491		0.06568846441	0.005486612969	
5.79012006		0.06530056519	0.005456181224	
5.805257629		0.06491587633	0.005425880946	
5.820395198		0.0645343744	0.005395711705	
5.835532766		0.06415603523	0.005365672932	
5.850670335		0.06378083428	0.005335763997	
5.865807904		0.06340874713	0.005305984296	
5.880945473		0.06303975004	0.005276333341	
5.896083042		0.06267382044	0.005246810851	
5.91122061		0.06231093744	0.005217416822	
5.926358179		0.06195108222	0.005188151586	
5.941495748		0.06159423831	0.005159015843	
5.956633317		0.06124039169	0.005130010663	
5.971770885		0.06088953074	0.00510113745	
5.986908454		0.06054164594	0.005072397882	
6.002046023		0.06019672946	0.005043793825	
6.017183592		0.05985477459	0.005015327218	
6.032321161		0.05951577502	0.004986999956	
6.047458729		0.05917972412	0.004958813772	
6.062596298		0.0588466143	0.004930770128	
6.077733867		0.05851643633	0.004902870131	
6.092871436		0.05818917893	0.004875114472	
6.108009005		0.05786482843	0.004847503404	
6.123146573		0.05754336871	0.004820036752	
6.138284142		0.05722478133	0.004792713951	
6.153421711		0.05690904575	0.004765534112	
6.16855928		0.0565961398	0.004738496104	
6.183696848		0.05628604021	0.004711598649	
6.198834417		0.05597872313	0.004684840412	
6.213971986		0.0556741647	0.004658220083	
6.229109555		0.05537234156	0.004631736448	
6.244247124		0.05507323125	0.00460538844	
6.259384692		0.0547768125	0.004579175171	
6.274522261		0.05448306542	0.004553095941	
6.28965983		0.05419197155	0.004527150231	
6.304797399		0.05390351384	0.004501337685	
6.319934967		0.05361767646	0.004475658072	
6.335072536		0.05333444466	0.004450111249	
6.350210105		0.05305380446	0.004424697119	
6.365347674		0.05277574244	0.004399415586	
6.380485243		0.05250024541	0.004374266519	
6.395622811		0.05222730023	0.004349249718	
6.41076038		0.05195689353	0.004324364886	
6.425897949		0.05168901155	0.004299611613	
6.441035518		0.05142364001	0.004274989365	
6.456173087		0.05116076403	0.004250497474	
6.471310655		0.05090036803	0.004226135148	
6.486448224		0.05064243577	0.004201901469	
6.501585793		0.05038695035	0.004177795413	
6.516723362		0.05013389426	0.004153815854	
6.53186093		0.04988324946	0.004129961586	
6.546998499		0.04963499744	0.004106231335	
6.562136068		0.04938911933	0.004082623778	
6.577273637		0.049145596	0.004059137554	
6.592411206		0.04890440811	0.004035771279	
6.607548774		0.04866553625	0.004012523558	
6.622686343		0.04842896096	0.003989392994	
6.637823912		0.04819466285	0.003966378199	
6.652961481		0.04796262261	0.003943477793	
6.66809905		0.04773282106	0.003920690417	
6.683236618		0.0475052392	0.003898014728	
6.698374187		0.04727985822	0.003875449404	
6.713511756		0.0470566595	0.003852993144	
6.728649325		0.04683562462	0.003830644664	
6.743786893		0.04661673534	0.0038084027	
6.758924462		0.04639997363	0.003786266001	
6.774062031		0.0461853216	0.00376423333	
6.7891996		0.04597276151	0.003742303458	
6.804337169		0.04576227576	0.003720475167	
6.819474737		0.04555384683	0.003698747239	
6.834612306		0.04534745731	0.003677118463	
6.849749875		0.04514308984	0.003655587627	
6.864887444		0.04494072709	0.003634153518	
6.880025013		0.04474035178	0.003612814922	
6.895162581		0.04454194662	0.003591570621	
6.91030015		0.04434549434	0.003570419394	
6.925437719		0.04415097766	0.003549360016	
6.940575288		0.04395837926	0.00352839126	
6.955712856		0.0437676818	0.003507511894	
6.970850425		0.04357886795	0.003486720684	
6.985987994		0.04339192029	0.003466016394	
7.001125563		0.04320682143	0.003445397787	
7.016263132		0.0430235539	0.003424863627	
7.0314007		0.04284210024	0.003404412677	
7.046538269		0.04266244294	0.003384043703	
7.061675838		0.04248456449	0.003363755474	
7.076813407		0.04230844733	0.003343546763	
7.091950975		0.04213407392	0.003323416348	
7.107088544		0.04196142669	0.003303363014	
7.122226113		0.04179048805	0.003283385552	
7.137363682		0.04162124042	0.00326348276	
7.152501251		0.04145366621	0.003243653446	
7.167638819		0.04128774783	0.003223896427	
7.182776388		0.04112346768	0.00320421053	
7.197913957		0.04096080817	0.00318459459	
7.213051526		0.04079975171	0.003165047455	
7.228189095		0.0406402807	0.003145567985	
7.243326663		0.04048237754	0.003126155047	
7.258464232		0.04032602463	0.003106807525	
7.273601801		0.04017120437	0.003087524311	
7.28873937		0.04001789916	0.003068304309	
7.303876938		0.03986609137	0.003049146439	
7.319014507		0.03971576336	0.003030049628	
7.334152076		0.03956689751	0.003011012818	
7.349289645		0.03941947613	0.002992034964	
7.364427214		0.03927348156	0.00297311503	
7.379564782		0.03912889607	0.002954251995	
7.394702351		0.03898570193	0.002935444849	
7.40983992		0.03884388137	0.002916692595	
7.424977489		0.03870341658	0.002897994247	
7.440115058		0.0385642897	0.002879348831	
7.455252626		0.03842648284	0.002860755386	
7.470390195		0.03828997807	0.002842212963	
7.485527764		0.03815475738	0.002823720623	
7.500665333		0.03802080272	0.002805277442	
7.515802901		0.03788809599	0.002786882504	
7.53094047		0.037756619	0.002768534909	
7.546078039		0.03762635352	0.002750233766	
7.561215608		0.03749728122	0.002731978196	
7.576353177		0.03736938373	0.002713767333	
7.591490745		0.03724264257	0.002695600322	
7.606628314		0.03711703921	0.00267747632	
7.621765883		0.03699255501	0.002659394495	
7.636903452		0.03686917127	0.002641354029	
7.652041021		0.03674686919	0.002623354113	
7.667178589		0.03662562986	0.002605393952	
7.682316158		0.03650543432	0.002587472762	
7.697453727		0.03638626348	0.002569589771	
7.712591296		0.03626809817	0.002551744219	
7.727728864		0.03615091912	0.00253393536	
7.742866433		0.03603470698	0.002516162458	
7.758004002		0.03591944227	0.00249842479	
7.773141571		0.03580510544	0.002480721647	
7.78827914		0.03569167683	0.00246305233	
7.803416708		0.03557913668	0.002445416157	
7.818554277		0.03546746514	0.002427812454	
7.833691846		0.03535664228	0.002410240566	
7.848829415		0.03524664806	0.002392699848	
7.863966983		0.03513746235	0.002375189669	
7.879104552		0.03502906495	0.002357709416	
7.894242121		0.03492143557	0.002340258486	
7.90937969		0.03481455385	0.002322836294	
7.924517259		0.03470839936	0.002305442271	
7.939654827		0.03460295161	0.002288075863	
7.954792396		0.03449819003	0.002270736532	
7.969929965		0.03439409405	0.002253423759	
7.985067534		0.03429064302	0.002236137043	
8.000205103		0.03418781629	0.0022188759	
8.015342671		0.03408559318	0.002201639866	
8.03048024		0.03398395302	0.002184428498	
8.045617809		0.03388287515	0.002167241373	
8.060755378		0.03378233893	0.002150078091	
8.075892946		0.03368232376	0.002132938273	
8.091030515		0.03358280912	0.002115821567	
8.106168084		0.03348377456	0.002098727641	
8.121305653		0.03338519973	0.002081656194	
8.136443222		0.0332870644	0.002064606949	
8.15158079		0.0331893485	0.002047579658	
8.166718359		0.03309203212	0.002030574102	
8.181855928		0.03299509553	0.002013590094	
8.196993497		0.03289851926	0.001996627477	
8.212131066		0.03280228407	0.00197968613	
8.227268634		0.03270637098	0.001962765963	
8.242406203		0.03261076137	0.001945866924	
8.257543772		0.03251543692	0.001928988999	
8.272681341		0.03242037971	0.00191213221	
8.287818909		0.03232557221	0.001895296621	
8.302956478		0.03223099736	0.001878482336	
8.318094047		0.03213663854	0.001861689501	
8.333231616		0.03204247969	0.001844918305	
8.348369185		0.03194850525	0.001828168984	
8.363506753		0.03185470028	0.001811441818	
8.378644322		0.03176105045	0.001794737134	
8.393781891		0.03166754206	0.001778055305	
8.40891946		0.03157416213	0.001761396755	
8.424057029		0.03148089839	0.001744761954	
8.439194597		0.0313877393	0.001728151426	
8.454332166		0.03129467413	0.001711565739	
8.469469735		0.03120169294	0.001695005515	
8.484607304		0.03110878662	0.001678471425	
8.499744872		0.03101594695	0.001661964189	
8.514882441		0.03092316654	0.001645484578	
8.53002001		0.03083043892	0.00162903341	
8.545157579		0.03073775851	0.001612611552	
8.560295148		0.03064512067	0.001596219918	
8.575432716		0.03055252165	0.001579859468	
8.590570285		0.03045995862	0.001563531204	
8.605707854		0.03036742966	0.001547236172	
8.620845423		0.03027493376	0.001530975459	
8.635982991		0.03018247078	0.001514750188	
8.65112056		0.03009004145	0.001498561519	
8.666258129		0.02999764733	0.001482410645	
8.681395698		0.02990529077	0.001466298786	
8.696533267		0.02981297489	0.001450227194	
8.711670835		0.02972070351	0.00143419714	
8.726808404		0.02962848114	0.001418209917	
8.741945973		0.02953631287	0.001402266834	
8.757083542		0.02944420433	0.001386369215	
8.772221111		0.02935216166	0.001370518389	
8.787358679		0.02926019139	0.001354715695	
8.802496248		0.02916830037	0.00133896247	
8.817633817		0.02907649571	0.001323260053	
8.832771386		0.02898478472	0.001307609773	
8.847908954		0.02889317476	0.001292012953	
8.863046523		0.02880167323	0.001276470903	
8.878184092		0.02871028741	0.001260984916	
8.893321661		0.02861902445	0.001245556267	
8.90845923		0.02852789124	0.001230186212	
8.923596798		0.02843689433	0.001214875979	
8.938734367		0.02834603985	0.001199626773	
8.953871936		0.02825533347	0.00118443977	
8.969009505		0.02816478026	0.001169316118	
8.984147074		0.02807438468	0.001154256934	
8.999284642		0.02798415048	0.001139263304	
9.014422211		0.02789408067	0.001124336284	
9.02955978		0.02780417745	0.001109476896	
9.044697349		0.02771444215	0.001094686135	
9.059834917		0.02762487524	0.001079964963	
9.074972486		0.02753547625	0.001065314315	
9.090110055		0.0274462438	0.001050735098	
9.105247624		0.0273571755	0.001036228195	
9.120385193		0.02726826804	0.001021794464	
9.135522761		0.02717951708	0.001007434741	
9.15066033		0.02709091735	0.0009931498449	
9.165797899		0.02700246261	0.0009789405785	
9.180935468		0.02691414564	0.0009648077309	
9.196073037		0.02682595834	0.0009507520809	
9.211210605		0.02673789167	0.0009367744002	
9.226348174		0.02664993575	0.0009228754565	
9.241485743		0.02656207984	0.0009090560159	
9.256623312		0.02647431239	0.0008953168462	
9.27176088		0.02638662112	0.0008816587198	
9.286898449		0.02629899297	0.0008680824163	
9.302036018		0.02621141426	0.0008545887251	
9.317173587		0.02612387063	0.0008411784483	
9.332311156		0.02603634714	0.0008278524029	
9.347448724		0.02594882833	0.0008146114228	
9.362586293		0.02586129823	0.0008014563613	
9.377723862		0.02577374043	0.0007883880924	
9.392861431		0.02568613811	0.0007754075122	
9.407998999		0.0255984741	0.0007625155406	
9.423136568		0.02551073094	0.0007497131218	
9.438274137		0.02542289085	0.0007370012257	
9.453411706		0.02533493588	0.0007243808478	
9.468549275		0.02524684787	0.0007118530099	
9.483686843		0.02515860853	0.0006994187603	
9.498824412		0.02507019949	0.0006870791735	
9.513961981		0.02498160229	0.0006748353496	
9.52909955		0.0248927985	0.000662688414	
9.544237119		0.02480376967	0.0006506395158	
9.559374687		0.02471449741	0.0006386898274	
9.574512256		0.02462496341	0.0006268405424	
9.589649825		0.02453514949	0.0006150928743	
9.604787394		0.02444503759	0.0006034480548	
9.619924962		0.02435460984	0.0005919073317	
9.635062531		0.02426384861	0.000580471967	
9.6502001		0.02417273648	0.0005691432345	
9.665337669		0.0240812563	0.0005579224169	
9.680475238		0.02398939122	0.0005468108039	
9.695612806		0.02389712472	0.0005358096882	
9.710750375		0.02380444058	0.0005249203636	
9.725887944		0.02371132296	0.0005141441209	
9.741025513		0.0236177564	0.0005034822457	
9.756163082		0.02352372584	0.0004929360147	
9.77130065		0.02342921666	0.0004825066923	
9.786438219		0.02333421467	0.0004721955279	
9.801575788		0.02323870616	0.0004620037516	
9.816713357		0.0231426779	0.000451932571	
9.831850925		0.02304611714	0.0004419831677	
9.846988494		0.02294901159	0.0004321566926	
9.862126063		0.02285134939	0.0004224542621	
9.877263632		0.02275311901	0.0004128769526	
9.892401201		0.0226543091	0.0004034257941	
9.907538769		0.02255490799	0.0003941017596	
9.922676338		0.02245490302	0.0003849057502	
9.937813907		0.0223542791	0.0003758385712	
9.952951476		0.02225301722	0.0003669009082	
9.968089045		0.02215109474	0.0003580933367	
9.983226613		0.02204849395	0.0003494164599	
9.998364182		0.0219452217	0.0003408712045	
10.01350175		0.02184131709	0.0003324588971	
10.02863932		0.02173681855	0.0003241807223	
10.04377689		0.02163173075	0.0003160372408	
10.05891446		0.02152603424	0.0003080285788	
10.07405203		0.02141970778	0.0003001547753	
10.08918959		0.02131273707	0.0002924159043	
10.10432716		0.02120511434	0.000284812057	
10.11946473		0.02109683599	0.0002773433013	
10.1346023		0.02098790096	0.0002700096544	
10.14973987		0.0208783098	0.0002628110677	
10.16487744		0.02076806424	0.0002557474198	
10.18001501		0.02065716699	0.0002488185128	
10.19515258		0.02054562168	0.0002420240711	
10.21029015		0.02043343279	0.0002353637407	
10.22542771		0.02032060567	0.0002288370892	
10.24056528		0.02020714649	0.0002224436057	
10.25570285		0.02009306229	0.0002161827015	
10.27084042		0.01997836093	0.0002100537114	
10.28597799		0.01986305111	0.0002040558941	
10.30111556		0.01974714238	0.0001981884349	
10.31625313		0.01963064516	0.0001924504463	
10.3313907		0.01951357077	0.0001868409702	
10.34652826		0.0193959314	0.0001813589787	
10.36166583		0.01927774016	0.0001760033763	
10.3768034		0.01915901103	0.0001707730014	
10.39194097		0.01903975886	0.0001656666289	
10.40707854		0.01891999938	0.0001606829735	
10.42221611		0.01879974915	0.0001558206924	
10.43735368		0.01867902562	0.0001510783888	
10.45249125		0.01855784713	0.0001464546139	
10.46762881		0.01843623294	0.000141947868	
10.48276638		0.01831420327	0.0001375566026	
10.49790395		0.01819177923	0.0001332792223	
10.51304152		0.01806898283	0.0001291140889	
10.52817909		0.01794583689	0.0001250595261	
10.54331666		0.01782236504	0.0001211138255	
10.55845423		0.01769859172	0.0001172752499	
10.5735918		0.0175745422	0.0001135420357	
10.58872936		0.01745024269	0.0001099123914	
10.60386693		0.0173257204	0.0001063844975	
10.6190045		0.01720100351	0.000102956507	
10.63414207		0.01707612111	9.962655076e-05	
10.64927964		0.01695110302	9.639274543e-05	
10.66441721		0.01682597963	9.325320266e-05	
10.67955478		0.0167007819	9.020603483e-05	
10.69469235		0.01657554142	8.724935508e-05	
10.70982991		0.01645029069	8.438127183e-05	
10.72496748		0.01632506333	8.159988188e-05	
10.74010505		0.01619989419	7.890326747e-05	
10.75524262		0.01607481916	7.628950166e-05	
10.77038019		0.01594987471	7.375666177e-05	
10.78551776		0.01582509743	7.130284557e-05	
10.80065533		0.01570052371	6.892618229e-05	
10.8157929		0.01557619	6.662483186e-05	
10.83093047		0.01545213347	6.439697205e-05	
10.84606803		0.0153283928	6.224078018e-05	
10.8612056		0.01520500874	6.015442052e-05	
10.87634317		0.01508202379	5.813604731e-05	
10.89148074		0.01495948114	5.618382513e-05	
10.90661831		0.01483742319	5.429595845e-05	
10.92175588		0.01471589053	5.2470715e-05	
10.93689345		0.01459492215	5.070642859e-05	
10.95203102		0.01447455704	4.9001477e-05	
10.96716858		0.01435483642	4.735424481e-05	
10.98230615		0.01423580558	4.576309157e-05	
10.99744372		0.0141175138	4.422634581e-05	
11.01258129		0.01400001209	4.2742333e-05	
11.02771886		0.01388334955	4.13094261e-05	
11.04285643		0.01376757028	3.992609239e-05	
11.057994		0.01365271287	3.859090843e-05	
11.07313157		0.01353881336	3.730253027e-05	
11.08826913		0.01342591057	3.605963107e-05	
11.1034067		0.01331405108	3.486083899e-05	
11.11854427		0.01320329068	3.370471199e-05	
11.13368184		0.01309369077	3.258976885e-05	
11.14881941		0.01298531066	3.15145646e-05	
11.16395698		0.01287819975	3.047777139e-05	
11.17909455		0.01277239431	2.947821826e-05	
11.19423212		0.01266792142	2.851486267e-05	
11.20936968		0.01256480928	2.758670409e-05	
11.22450725		0.01246309868	2.669268328e-05	
11.23964482		0.01236284916	2.583162337e-05	
11.25478239		0.01226413514	2.50022495e-05	
11.26991996		0.01216703266	2.420328255e-05	
11.28505753		0.01207160295	2.343355921e-05	
11.3001951		0.01197788202	2.269211199e-05	
11.31533267		0.01188588313	2.197816119e-05	
11.33047024		0.01179561258	2.12910181e-05	
11.3456078		0.0117070916	2.062994761e-05	
11.36074537		0.01162037277	1.999406279e-05	
11.37588294		0.01153554072	1.938231159e-05	
11.39102051		0.01145269444	1.879356876e-05	
11.40615808		0.01137191895	1.822678746e-05	
11.42129565		0.01129326121	1.768112829e-05	
11.43643322		0.01121672424	1.715599398e-05	
11.45157079		0.0111422846	1.665094871e-05	
11.46670835		0.01106992603	1.61655623e-05	
11.48184592		0.01099967287	1.569925835e-05	
11.49698349		0.01093160494	1.525124666e-05	
11.51212106		0.01086584309	1.482057967e-05	
11.52725863		0.01080251017	1.440630719e-05	
11.5423962		0.01074168676	1.400764678e-05	
11.55753377		0.01068338583	1.362407772e-05	
11.57267134		0.01062756094	1.325531029e-05	
11.5878089		0.01057414596	1.290114803e-05	
11.60294647		0.01052310831	1.256131148e-05	
11.61808404		0.01047448966	1.223530995e-05	
11.63322161		0.01042841089	1.192242754e-05	
11.64835918		0.01038503399	1.16218354e-05	
11.66349675		0.01034449788	1.133277374e-05	
11.67863432		0.01030686204	1.105470626e-05	
11.69377189		0.01027208864	1.078736687e-05	
11.70890945		0.01024007275	1.053068058e-05	
11.72404702		0.01021070724	1.028460161e-05	
11.73918459		0.01018395341	1.004894374e-05	
11.75432216		0.01015988315	9.823281471e-06	
11.76945973		0.01013866674	9.606974207e-06	
11.7845973		0.01012050575	9.399309161e-06	
11.79973487		0.01010554405	9.199690643e-06	
11.81487244		0.01009380612	9.007772111e-06	
11.83001001		0.01008519504	8.823464817e-06	
11.84514757		0.01007954812	8.646829737e-06	
11.86028514		0.01007672405	8.477909812e-06	
11.87542271		0.01007668536	8.316574373e-06	
11.89056028		0.01007953773	8.162444393e-06	
11.90569785		0.01008549798	8.014942884e-06	
11.92083542		0.01009479724	7.873456149e-06	
11.93597299		0.01010756908	7.737520184e-06	
11.95111056		0.01012378625	7.606924709e-06	
11.96624812		0.01014327646	7.481686668e-06	
11.98138569		0.01016580511	7.361929409e-06	
11.99652326		0.01019119835	7.247739143e-06	
12.01166083		0.01021945645	7.139047849e-06	
12.0267984		0.01025077151	7.035564355e-06	
12.04193597		0.01028543275	6.936804408e-06	
12.05707354		0.01032369702	6.842250613e-06	
12.07221111		0.01036568251	6.75154474e-06	
12.08734867		0.01041132726	6.664578068e-06	
12.10248624		0.01046043105	6.58144289e-06	
12.11762381		0.01051274822	6.502304133e-06	
12.13276138		0.01056809016	6.427262503e-06	
12.14789895		0.0106264122	6.3562507e-06	
12.16303652		0.01068785321	6.288995887e-06	
12.17817409		0.01075268856	6.225080124e-06	
12.19331166		0.01082119679	6.164089483e-06	
12.20844922		0.01089351433	6.105769846e-06	
12.22358679		0.01096957825	6.050084587e-06	
12.23872436		0.01104918117	5.997149931e-06	
12.25386193		0.01113207421	5.947118773e-06	
12.2689995		0.0112180615	5.900080989e-06	
12.28413707		0.01130707943	5.855994667e-06	
12.29927464		0.01139924547	5.814656271e-06	
12.31441221		0.01149482871	5.775740121e-06	
12.32954977		0.01159412097	5.738915894e-06	
12.34468734		0.01169727729	5.703982106e-06	
12.35982491		0.01180424514	5.670917551e-06	
12.37496248		0.01191482344	5.639822471e-06	
12.39010005		0.01202877202	5.610819742e-06	
12.40523762		0.01214589352	5.583984357e-06	
12.42037519		0.01226609499	5.559301078e-06	
12.43551276		0.01238944399	5.536636849e-06	
12.45065033		0.01251617123	5.515753612e-06	
12.46578789		0.01264656931	5.496387873e-06	
12.48092546		0.0127808284	5.478362321e-06	
12.49606303		0.01291893433	5.461644896e-06	
12.5112006		0.01306070801	5.446311487e-06	
12.52633817		0.01320592126	5.432462244e-06	
12.54147574		0.01335437715	5.420165e-06	
12.55661331		0.01350594576	5.409433678e-06	
12.57175088		0.01366060971	5.400210267e-06	
12.58688844		0.01381850359	5.392355069e-06	
12.60202601		0.01397987357	5.385679384e-06	
12.61716358		0.01414494339	5.380020988e-06	
12.63230115		0.01431377861	5.375310173e-06	
12.64743872		0.01448626383	5.371572154e-06	
12.66257629		0.01466219904	5.368871465e-06	
12.67771386		0.01484139877	5.367258525e-06	
12.69285143		0.0150237193	5.366753828e-06	
12.70798899		0.01520907195	5.367343897e-06	
12.72312656		0.01539747388	5.368965223e-06	
12.73826413		0.01558907634	5.371499738e-06	
12.7534017		0.01578409772	5.374809182e-06	
12.76853927		0.01598268669	5.378792952e-06	
12.78367684		0.01618482329	5.383423981e-06	
12.79881441		0.01639034735	5.388731763e-06	
12.81395198		0.01659907157	5.394753948e-06	
12.82908954		0.01681084329	5.401509178e-06	
12.84422711		0.01702552693	5.40900202e-06	
12.85936468		0.01724300869	5.417223349e-06	
12.87450225		0.01746325949	5.426132652e-06	
12.88963982		0.0176863744	5.435649026e-06	
12.90477739		0.01791252157	5.445671302e-06	
12.91991496		0.01814181933	5.456118531e-06	
12.93505253		0.01837424126	5.466958701e-06	
12.9501901		0.01860964978	5.47819599e-06	
12.96532766		0.01884790122	5.489835511e-06	
12.98046523		0.01908887255	5.501872375e-06	
12.9956028		0.0193324116	5.514305564e-06	
13.01074037		0.01957833551	5.527139724e-06	
13.02587794		0.01982650031	5.540367081e-06	
13.04101551		0.02007685621	5.553953042e-06	
13.05615308		0.02032943073	5.567841445e-06	
13.07129065		0.02058425035	5.581976335e-06	
13.08642821		0.02084127407	5.596320368e-06	
13.10156578		0.0211004078	5.610851131e-06	
13.11670335		0.02136155803	5.625546314e-06	
13.13184092		0.02162463782	5.640380942e-06	
13.14697849		0.02188953423	5.655335005e-06	
13.16211606		0.02215610516	5.670394634e-06	
13.17725363		0.02242420971	5.685545258e-06	
13.1923912		0.02269372927	5.700766879e-06	
13.20752876		0.02296456598	5.716034611e-06	
13.22266633		0.02323663242	5.731321217e-06	
13.2378039		0.02350984343	5.74659912e-06	
13.25294147		0.02378411193	5.761841443e-06	
13.26807904		0.02405934753	5.777022387e-06	
13.28321661		0.0243354565	5.792117295e-06	
13.29835418		0.02461234221	5.807102607e-06	
13.31349175		0.02488990576	5.821955775e-06	
13.32862931		0.02516804655	5.836655192e-06	
13.34376688		0.02544666282	5.851180139e-06	
13.35890445		0.02572565213	5.865510741e-06	
13.37404202		0.02600491173	5.879627941e-06	
13.38917959		0.0262843389	5.893513487e-06	
13.40431716		0.02656383131	5.907149917e-06	
13.41945473		0.02684328727	5.920520558e-06	
13.4345923		0.027122606	5.933609523e-06	
13.44972986		0.02740168783	5.946401713e-06	
13.46486743		0.02768043445	5.958882816e-06	
13.480005		0.02795874908	5.971039305e-06	
13.49514257		0.02823653665	5.982858444e-06	
13.51028014		0.02851370397	5.994328279e-06	
13.52541771		0.02879015988	6.005437644e-06	
13.54055528		0.02906581536	6.016176149e-06	
13.55569285		0.02934058368	6.026534178e-06	
13.57083042		0.02961438047	6.036502883e-06	
13.58596798		0.02988712386	6.046074169e-06	
13.60110555		0.03015873451	6.05524069e-06	
13.61624312		0.03042913571	6.063995832e-06	
13.63138069		0.03069825342	6.0723337e-06	
13.64651826		0.03096601632	6.080249103e-06	
13.66165583		0.03123235584	6.087737534e-06	
13.6767934		0.03149720618	6.094795158e-06	
13.69193097		0.03176050432	6.101418784e-06	
13.70706853		0.03202219003	6.107605853e-06	
13.7222061		0.03228220587	6.113354411e-06	
13.73734367		0.03254049713	6.118663087e-06	
13.75248124		0.03279701186	6.123531074e-06	
13.76761881		0.03305170083	6.127958102e-06	
13.78275638		0.03330451743	6.131944415e-06	
13.79789395		0.03355541774	6.135490747e-06	
13.81303152		0.03380436035	6.1385983e-06	
13.82816908		0.0340513064	6.141268716e-06	
13.84330665		0.03429621951	6.143504054e-06	
13.85844422		0.03453906565	6.145306768e-06	
13.87358179		0.03477981316	6.146679681e-06	
13.88871936		0.03501843262	6.14762596e-06	
13.90385693		0.03525489681	6.148149096e-06	
13.9189945		0.03548918063	6.14825288e-06	
13.93413207		0.03572126099	6.147941379e-06	
13.94926963		0.03595111681	6.147218916e-06	
13.9644072		0.03617872887	6.146090049e-06	
13.97954477		0.03640407977	6.144559551e-06	
13.99468234		0.03662715385	6.142632387e-06	
14.00981991		0.03684793711	6.140313698e-06	
14.02495748		0.03706641712	6.137608783e-06	
14.04009505		0.037282583	6.134523079e-06	
14.05523262		0.03749642526	6.131062145e-06	
14.07037019		0.0377079358	6.127231649e-06	
14.08550775		0.03791710782	6.123037347e-06	
14.10064532		0.03812393574	6.118485074e-06	
14.11578289		0.03832841515	6.113580727e-06	
14.13092046		0.03853054273	6.108330253e-06	
14.14605803		0.03873031619	6.102739637e-06	
14.1611956		0.03892773423	6.096814891e-06	
14.17633317		0.03912279647	6.090562043e-06	
14.19147074		0.03931550337	6.083987125e-06	
14.2066083		0.03950585621	6.077096166e-06	
14.22174587		0.03969385705	6.069895185e-06	
14.23688344		0.03987950863	6.062390179e-06	
14.25202101		0.04006281437	6.054587117e-06	
14.26715858		0.0402437783	6.046491935e-06	
14.28229615		0.04042240504	6.038110528e-06	
14.29743372		0.04059869975	6.029448744e-06	
14.31257129		0.04077266808	6.020512383e-06	
14.32770885		0.04094431616	6.011307185e-06	
14.34284642		0.04111365054	6.001838833e-06	
14.35798399		0.04128067821	5.992112947e-06	
14.37312156		0.04144540648	5.982135077e-06	
14.38825913		0.04160784306	5.971910707e-06	
14.4033967		0.04176799596	5.961445247e-06	
14.41853427		0.04192587349	5.950744033e-06	
14.43367184		0.04208148425	5.939812327e-06	
14.4488094		0.04223483708	5.928655312e-06	
14.46394697		0.04238594108	5.917278093e-06	
14.47908454		0.04253480557	5.905685696e-06	
14.49422211		0.04268144008	5.893883067e-06	
14.50935968		0.04282585432	5.881875073e-06	
14.52449725		0.0429680582	5.869666499e-06	
14.53963482		0.0431080618	5.857262051e-06	
14.55477239		0.04324587533	5.844666353e-06	
14.56990995		0.0433815092	5.831883951e-06	
14.58504752		0.04351497391	5.818919313e-06	
14.60018509		0.04364628012	5.805776825e-06	
14.61532266		0.04377543863	5.792460797e-06	
14.63046023		0.04390246032	5.778975463e-06	
14.6455978		0.04402735623	5.765324981e-06	
14.66073537		0.04415013749	5.751513432e-06	
14.67587294		0.04427081533	5.737544827e-06	
14.69101051		0.0443894011	5.723423102e-06	
14.70614807		0.04450590624	5.709152122e-06	
14.72128564		0.04462034229	5.694735684e-06	
14.73642321		0.04473272091	5.680177515e-06	
14.75156078		0.04484305383	5.665481277e-06	
14.76669835		0.04495135288	5.650650565e-06	
14.78183592		0.04505763	5.635688911e-06	
14.79697349		0.04516189723	5.620599785e-06	
14.81211106		0.04526416668	5.605386595e-06	
14.82724862		0.04536445059	5.590052692e-06	
14.84238619		0.04546276127	5.574601365e-06	
14.85752376		0.04555911116	5.559035853e-06	
14.87266133		0.04565351278	5.543359335e-06	
14.8877989		0.04574597877	5.527574941e-06	
14.90293647		0.04583652185	5.511685746e-06	
14.91807404		0.04592515488	5.495694777e-06	
14.93321161		0.04601189081	5.479605012e-06	
14.94834917		0.0460967427	5.463419382e-06	
14.96348674		0.04617972373	5.447140771e-06	
14.97862431		0.04626084719	5.43077202e-06	
14.99376188		0.04634012647	5.414315925e-06	
15.00889945		0.04641757511	5.39777524e-06	
15.02403702		0.04649320672	5.38115268e-06	
15.03917459		0.04656703505	5.364450917e-06	
15.05431216		0.04663907397	5.347672585e-06	
15.06944972		0.04670933742	5.33082028e-06	
15.08458729		0.0467778395	5.313896559e-06	
15.09972486		0.04684459437	5.296903944e-06	
15.11486243		0.04690961632	5.27984492e-06	
15.13		0.04697291971	5.262721934e-06	
