-15.13		0.9605174136	0.0001738341097	
-15.11486243		0.9605609367	0.0001745838326	
-15.09972486		0.9606052419	0.000175337375	
-15.08458729		0.9606503431	0.0001760947773	
-15.06944972		0.9606962544	0.0001768560803	
-15.05431216		0.9607429898	0.0001776213262	
-15.03917459		0.9607905637	0.0001783905578	
-15.02403702		0.9608389902	0.0001791638191	
-15.00889945		0.9608882838	0.0001799411549	
-14.99376188		0.9609384588	0.0001807226112	
-14.97862431		0.9609895298	0.0001815082349	
-14.96348674		0.9610415114	0.000182298074	
-14.94834917		0.9610944183	0.0001830921776	
-14.93321161		0.9611482652	0.0001838905961	
-14.91807404		0.961203067	0.0001846933806	
-14.90293647		0.9612588385	0.0001855005837	
-14.8877989		0.9613155948	0.0001863122592	
-14.87266133		0.9613733509	0.000187128462	
-14.85752376		0.9614321219	0.0001879492482	
-14.84238619		0.961491923	0.0001887746753	
-14.82724862		0.9615527694	0.0001896048021	
-14.81211106		0.9616146764	0.0001904396886	
-14.79697349		0.9616776594	0.0001912793963	
-14.78183592		0.9617417338	0.0001921239881	
-14.76669835		0.9618069151	0.0001929735282	
-14.75156078		0.9618732187	0.0001938280823	
-14.73642321		0.9619406603	0.0001946877178	
-14.72128564		0.9620092555	0.0001955525033	
-14.70614807		0.96207902	0.0001964225092	
-14.69101051		0.9621499693	0.0001972978075	
-14.67587294		0.9622221193	0.0001981784717	
-14.66073537		0.9622954857	0.0001990645771	
-14.6455978		0.9623700844	0.0001999562008	
-14.63046023		0.9624459311	0.0002008534214	
-14.61532266		0.9625230418	0.0002017563195	
-14.60018509		0.9626014323	0.0002026649777	
-14.58504752		0.9626811184	0.0002035794801	
-14.56990995		0.9627621162	0.0002044999131	
-14.55477239		0.9628444416	0.0002054263649	
-14.53963482		0.9629281105	0.0002063589259	
-14.52449725		0.9630131389	0.0002072976886	
-14.50935968		0.9630995427	0.0002082427474	
-14.49422211		0.963187338	0.0002091941991	
-14.47908454		0.9632765406	0.0002101521429	
-14.46394697		0.9633671666	0.0002111166801	
-14.4488094		0.963459232	0.0002120879145	
-14.43367184		0.9635527526	0.0002130659523	
-14.41853427		0.9636477444	0.0002140509023	
-14.4033967		0.9637442235	0.0002150428759	
-14.38825913		0.9638422055	0.0002160419869	
-14.37312156		0.9639417066	0.0002170483523	
-14.35798399		0.9640427425	0.0002180620915	
-14.34284642		0.964145329	0.000219083327	
-14.32770885		0.9642494821	0.0002201121841	
-14.31257129		0.9643552173	0.0002211487915	
-14.29743372		0.9644625505	0.0002221932806	
-14.28229615		0.9645714973	0.0002232457863	
-14.26715858		0.9646820734	0.0002243064469	
-14.25202101		0.9647942943	0.0002253754039	
-14.23688344		0.9649081756	0.0002264528024	
-14.22174587		0.9650237326	0.0002275387914	
-14.2066083		0.9651409808	0.0002286335232	
-14.19147074		0.9652599354	0.0002297371544	
-14.17633317		0.9653806117	0.0002308498452	
-14.1611956		0.9655030248	0.0002319717602	
-14.14605803		0.9656271897	0.0002331030681	
-14.13092046		0.9657531213	0.000234243942	
-14.11578289		0.9658808346	0.0002353945595	
-14.10064532		0.9660103441	0.0002365551029	
-14.08550775		0.9661416645	0.0002377257594	
-14.07037019		0.9662748102	0.0002389067208	
-14.05523262		0.9664097955	0.0002400981846	
-14.04009505		0.9665466346	0.0002413003532	
-14.02495748		0.9666853415	0.0002425134347	
-14.00981991		0.9668259299	0.0002437376428	
-13.99468234		0.9669684137	0.0002449731972	
-13.97954477		0.9671128062	0.0002462203236	
-13.9644072		0.9672591206	0.0002474792543	
-13.94926963		0.9674073702	0.0002487502278	
-13.93413207		0.9675575676	0.0002500334897	
-13.9189945		0.9677097255	0.0002513292928	
-13.90385693		0.9678638562	0.000252637897	
-13.88871936		0.9680199719	0.0002539595701	
-13.87358179		0.9681780842	0.000255294588	
-13.85844422		0.9683382049	0.0002566432349	
-13.84330665		0.968500345	0.0002580058037	
-13.82816908		0.9686645156	0.0002593825964	
-13.81303152		0.9688307271	0.000260773925	
-13.79789395		0.9689989899	0.0002621801113	
-13.78275638		0.9691693139	0.0002636014877	
-13.76761881		0.9693417085	0.0002650383982	
-13.75248124		0.9695161829	0.0002664911983	
-13.73734367		0.9696927458	0.0002679602564	
-13.7222061		0.9698714058	0.0002694459542	
-13.70706853		0.9700521706	0.0002709486881	
-13.69193097		0.9702350479	0.0002724688697	
-13.6767934		0.9704200449	0.0002740069273	
-13.66165583		0.9706071684	0.0002755633075	
-13.64651826		0.9707964248	0.0002771384764	
-13.63138069		0.9709878202	0.0002787329217	
-13.61624312		0.9711813602	0.0002803471543	
-13.60110555		0.9713770505	0.0002819817114	
-13.58596798		0.971574896	0.0002836371577	
-13.57083042		0.9717749019	0.0002853140886	
-13.55569285		0.9719770728	0.0002870131314	
-13.54055528		0.9721814128	0.0002887349461	
-13.52541771		0.9723879259	0.0002904802233	
-13.51028014		0.9725966144	0.0002922496784	
-13.49514257		0.9728074793	0.0002940440385	
-13.480005		0.9730205182	0.0002958640214	
-13.46486743		0.9732357241	0.0002977103068	
-13.44972986		0.9734530837	0.0002995835057	
-13.4345923		0.9736725769	0.0003014841488	
-13.41945473		0.9738941785	0.0003034127198	
-13.40431716		0.9741178634	0.0003053697526	
-13.38917959		0.974343613	0.0003073559701	
-13.37404202		0.9745714205	0.0003093723848	
-13.35890445		0.9748012883	0.000311420273	
-13.34376688		0.9750332198	0.0003135009988	
-13.32862931		0.9752672059	0.0003156157551	
-13.31349175		0.9755032153	0.0003177653324	
-13.29835418		0.9757411896	0.0003199500112	
-13.28321661		0.9759810484	0.000322169653	
-13.26807904		0.9762227045	0.0003244240142	
-13.25294147		0.9764660845	0.0003267132225	
-13.2378039		0.9767111478	0.0003290382227	
-13.22266633		0.9769578917	0.0003314009357	
-13.20752876		0.9772063375	0.0003338039763	
-13.1923912		0.977456503	0.0003362500203	
-13.17725363		0.9777083737	0.0003387411122	
-13.16211606		0.9779618867	0.0003412782216	
-13.14697849		0.9782169326	0.000343861239	
-13.13184092		0.9784733755	0.0003464894478	
-13.11670335		0.978731085	0.0003491623329	
-13.10156578		0.9789899667	0.0003518804148	
-13.08642821		0.9792499772	0.0003546457247	
-13.07129065		0.9795111156	0.0003574616545	
-13.05615308		0.9797733948	0.0003603322131	
-13.04101551		0.9800368053	0.0003632610245	
-13.02587794		0.9803012883	0.0003662505025	
-13.01074037		0.9805667275	0.0003693015171	
-12.9956028		0.9808329615	0.0003724136797	
-12.98046523		0.9810998132	0.0003755861744	
-12.96532766		0.9813671246	0.0003788188533	
-12.9501901		0.9816347831	0.0003821131457	
-12.93505253		0.9819027262	0.0003854723491	
-12.91991496		0.9821709235	0.0003889011322	
-12.90477739		0.9824393432	0.0003924044648	
-12.88963982		0.9827079191	0.0003959864487	
-12.87450225		0.9829765312	0.0003996495228	
-12.85936468		0.9832450072	0.0004033943562	
-12.84422711		0.9835131441	0.0004072205247	
-12.82908954		0.9837807423	0.0004111277747	
-12.81395198		0.9840476385	0.0004151173732	
-12.79881441		0.9843137216	0.0004191929265	
-12.78367684		0.9845789243	0.0004233602261	
-12.76853927		0.9848431935	0.0004276261178	
-12.7534017		0.9851064524	0.0004319968573	
-12.73826413		0.9853685715	0.0004364766662	
-12.72312656		0.9856293614	0.0004410671407	
-12.70798899		0.9858885909	0.0004457678487	
-12.69285143		0.9861460226	0.0004505779424	
-12.67771386		0.9864014508	0.0004554981284	
-12.66257629		0.9866547253	0.0004605321216	
-12.64743872		0.9869057503	0.000465686878	
-12.63230115		0.9871544577	0.0004709713896	
-12.61716358		0.9874007673	0.0004763944812	
-12.60202601		0.9876445521	0.0004819625916	
-12.58688844		0.9878856251	0.0004876786208	
-12.57175088		0.9881237541	0.0004935424623	
-12.55661331		0.9883586971	0.0004995530338	
-12.54147574		0.9885902413	0.0005057109194	
-12.52633817		0.9888182296	0.0005120204915	
-12.5112006		0.9890425639	0.0005184905647	
-12.49606303		0.9892631821	0.0005251331376	
-12.48092546		0.9894800192	0.0005319605958	
-12.46578789		0.9896929709	0.0005389826179	
-12.45065033		0.9899018772	0.000546204332	
-12.43551276		0.9901065334	0.0005536266738	
-12.42037519		0.9903067223	0.0005612487887	
-12.40523762		0.9905022519	0.0005690714058	
-12.39010005		0.9906929828	0.0005770997786	
-12.37496248		0.9908788337	0.0005853448883	
-12.35982491		0.9910597624	0.0005938221289	
-12.34468734		0.9912357296	0.0006025477884	
-12.32954977		0.9914066631	0.0006115349404	
-12.31441221		0.9915724415	0.0006207908675	
-12.29927464		0.991732903	0.0006303173492	
-12.28413707		0.9918878755	0.0006401136789	
-12.2689995		0.9920372117	0.0006501810743	
-12.25386193		0.9921808147	0.0006605266044	
-12.23872436		0.9923186432	0.0006711647881	
-12.22358679		0.9924506929	0.0006821157623	
-12.20844922		0.9925769615	0.0006934005563	
-12.19331166		0.9926974168	0.000705035781	
-12.17817409		0.9928119823	0.0007170305574	
-12.16303652		0.992920548	0.0007293872989	
-12.14789895		0.9930229993	0.0007421059773	
-12.13276138		0.9931192482	0.0007551899436	
-12.11762381		0.9932092541	0.0007686506836	
-12.10248624		0.9932930231	0.0007825090863	
-12.08734867		0.993370583	0.0007967921563	
-12.07221111		0.9934419452	0.0008115264906	
-12.05707354		0.9935070681	0.0008267318983	
-12.04193597		0.9935658444	0.0008424186212	
-12.0267984		0.9936181333	0.0008585896585	
-12.01166083		0.9936638718	0.0008752471241	
-11.99652326		0.9937032158	0.0008923996603	
-11.98138569		0.993736499	0.0009100671525	
-11.96624812		0.9937639699	0.0009282799816	
-11.95111056		0.9937856714	0.0009470729304	
-11.93597299		0.9938015436	0.0009664768034	
-11.92083542		0.9938115175	0.0009865122244	
-11.90569785		0.9938155381	0.001007189066	
-11.89056028		0.9938135707	0.001028511931	
-11.87542271		0.9938056136	0.001050488925	
-11.86028514		0.9937917098	0.001073139217	
-11.84514757		0.9937719461	0.001096495261	
-11.83001001		0.9937464359	0.0011205981	
-11.81487244		0.9937152923	0.001145488074	
-11.79973487		0.9936786059	0.001171196168	
-11.7845973		0.9936364381	0.001197740974	
-11.76945973		0.9935888325	0.001225133017	
-11.75432216		0.9935358379	0.001253383984	
-11.73918459		0.9934775285	0.001282515779	
-11.72404702		0.9934140118	0.001312564341	
-11.70890945		0.9933454202	0.001343576001	
-11.69377189		0.9932718908	0.001375598372	
-11.67863432		0.9931935454	0.001408671118	
-11.66349675		0.9931104823	0.001442822036	
-11.64835918		0.9930227827	0.001478070622	
-11.63322161		0.9929305274	0.001514436821	
-11.61808404		0.9928338139	0.001551949767	
-11.60294647		0.9927327642	0.001590651476	
-11.5878089		0.9926275193	0.001630593528	
-11.57267134		0.9925182248	0.00167182891	
-11.55753377		0.9924050162	0.001714404031	
-11.5423962		0.9922880123	0.001758355648	
-11.52725863		0.9921673189	0.00180371422	
-11.51212106		0.9920430406	0.001850511296	
-11.49698349		0.9919152925	0.001898786268	
-11.48184592		0.9917842045	0.001948588597	
-11.46670835		0.9916499183	0.001999974576	
-11.45157079		0.9915125773	0.002053001009	
-11.43643322		0.9913723182	0.002107719818	
-11.42129565		0.9912292667	0.002164176658	
-11.40615808		0.9910835411	0.002222413954	
-11.39102051		0.990935259	0.002282476035	
-11.37588294		0.9907845432	0.00234441307	
-11.36074537		0.9906315241	0.002408281636	
-11.3456078		0.9904763366	0.002474142044	
-11.33047024		0.9903191153	0.002542054401	
-11.31533267		0.9901599902	0.002612075891	
-11.3001951		0.9899990851	0.002684260658	
-11.28505753		0.9898365199	0.002758661941	
-11.26991996		0.9896724138	0.002835334819	
-11.25478239		0.9895068876	0.002914337839	
-11.23964482		0.9893400641	0.002995732751	
-11.22450725		0.9891720667	0.003079582828	
-11.20936968		0.989003017	0.003165950973	
-11.19423212		0.9888330335	0.003254898722	
-11.17909455		0.9886622312	0.003346486525	
-11.16395698		0.9884907225	0.003440774823	
-11.14881941		0.9883186187	0.003537825117	
-11.13368184		0.9881460303	0.003637700346	
-11.11854427		0.9879730668	0.003740464463	
-11.1034067		0.9877998366	0.003846181601	
-11.08826913		0.9876264457	0.003954915348	
-11.07313157		0.9874529977	0.00406672848	
-11.057994		0.9872795936	0.004181683145	
-11.04285643		0.9871063324	0.004299841204	
-11.02771886		0.9869333109	0.004421264433	
-11.01258129		0.9867606242	0.004546014426	
-10.99744372		0.9865883653	0.004674152277	
-10.98230615		0.9864166253	0.004805738227	
-10.96716858		0.9862454925	0.004940831436	
-10.95203102		0.9860750531	0.005079489897	
-10.93689345		0.9859053909	0.005221770444	
-10.92175588		0.9857365874	0.005367728725	
-10.90661831		0.9855687217	0.00551741908	
-10.89148074		0.9854018704	0.00567089436	
-10.87634317		0.985236108	0.00582820573	
-10.8612056		0.9850715064	0.005989402508	
-10.84606803		0.9849081349	0.006154532061	
-10.83093047		0.9847460607	0.006323639715	
-10.8157929		0.9845853483	0.006496768652	
-10.80065533		0.9844260597	0.00667395977	
-10.78551776		0.9842682547	0.006855251532	
-10.77038019		0.9841119905	0.007040679808	
-10.75524262		0.9839573216	0.007230277754	
-10.74010505		0.9838043003	0.007424075712	
-10.72496748		0.9836529763	0.007622101122	
-10.70982991		0.9835033969	0.007824378433	
-10.69469235		0.983355607	0.008030929	
-10.67955478		0.983209649	0.008241770973	
-10.66441721		0.9830655628	0.008456919191	
-10.64927964		0.9829233861	0.008676385098	
-10.63414207		0.982783154	0.008900176669	
-10.6190045		0.9826448993	0.00912829836	
-10.60386693		0.9825086525	0.009360751058	
-10.58872936		0.9823744416	0.009597532036	
-10.5735918		0.9822422925	0.009838634908	
-10.55845423		0.9821122288	0.0100840496	
-10.54331666		0.9819842718	0.01033376229	
-10.52817909		0.9818584406	0.01058775547	
-10.51304152		0.981734752	0.01084600783	
-10.49790395		0.9816132208	0.0111084944	
-10.48276638		0.9814938598	0.01137518645	
-10.46762881		0.9813766793	0.01164605161	
-10.45249125		0.981261688	0.01192105387	
-10.43735368		0.9811488924	0.0122001536	
-10.42221611		0.9810382971	0.01248330768	
-10.40707854		0.9809299046	0.01277046948	
-10.39194097		0.9808237158	0.01306158899	
-10.3768034		0.9807197296	0.0133566129	
-10.36166583		0.9806179431	0.0136554847	
-10.34652826		0.9805183518	0.01395814474	
-10.3313907		0.9804209493	0.01426453042	
-10.31625313		0.9803257278	0.01457457621	
-10.30111556		0.9802326777	0.01488821386	
-10.28597799		0.980141788	0.01520537248	
-10.27084042		0.9800530461	0.01552597869	
-10.25570285		0.9799664381	0.01584995676	
-10.24056528		0.9798819487	0.01617722877	
-10.22542771		0.9797995612	0.01650771473	
-10.21029015		0.9797192578	0.01684133276	
-10.19515258		0.9796410193	0.01717799923	
-10.18001501		0.9795648255	0.01751762892	
-10.16487744		0.9794906551	0.01786013516	
-10.14973987		0.9794184857	0.01820543004	
-10.1346023		0.9793482936	0.01855342448	
-10.11946473		0.9792800535	0.01890402846	
-10.10432716		0.979213738	0.01925715112	
-10.08918959		0.9791493156	0.01961270087	
-10.07405203		0.9790867472	0.01997058546	
-10.05891446		0.9790259795	0.02033071201	
-10.04377689		0.9789669358	0.02069298689	
-10.02863932		0.978909513	0.02105731578	
-10.01350175		0.9788536165	0.0214236045	
-9.998364182		0.9787992493	0.02179176116	
-9.983226613		0.978746554	0.0221616974	
-9.968089045		0.9786956824	0.02253332579	
-9.952951476		0.9786466625	0.02290655683	
-9.937813907		0.9785994255	0.0232812995	
-9.922676338		0.978553885	0.02365746306	
-9.907538769		0.9785099711	0.02403495797	
-9.892401201		0.9784676325	0.02441369604	
-9.877263632		0.9784268309	0.02479359043	
-9.862126063		0.9783875352	0.02517455559	
-9.846988494		0.9783497188	0.0255565073	
-9.831850925		0.9783133579	0.02593936264	
-9.816713357		0.9782784308	0.0263230401	
-9.801575788		0.9782449173	0.02670745957	
-9.786438219		0.9782127988	0.02709254243	
-9.77130065		0.9781820583	0.02747821157	
-9.756163082		0.9781526802	0.02786439142	
-9.741025513		0.9781246507	0.02825100801	
-9.725887944		0.9780979574	0.02863798897	
-9.710750375		0.9780725899	0.02902526356	
-9.695612806		0.9780485392	0.02941276271	
-9.680475238		0.9780257984	0.02980041898	
-9.665337669		0.9780043622	0.03018816662	
-9.6502001		0.977984227	0.03057594155	
-9.635062531		0.977965391	0.03096368135	
-9.619924962		0.9779478543	0.03135132524	
-9.604787394		0.9779316184	0.03173881411	
-9.589649825		0.9779166865	0.03212609044	
-9.574512256		0.9779030634	0.03251309835	
-9.559374687		0.9778907552	0.03289978351	
-9.544237119		0.9778797695	0.03328609314	
-9.52909955		0.9778701147	0.03367197597	
-9.513961981		0.9778618005	0.03405738219	
-9.498824412		0.9778548376	0.03444226344	
-9.483686843		0.9778492371	0.03482657274	
-9.468549275		0.9778450108	0.03521026443	
-9.453411706		0.9778421708	0.03559329417	
-9.438274137		0.9778407295	0.03597561882	
-9.423136568		0.9778406991	0.03635719645	
-9.407998999		0.9778420919	0.03673798624	
-9.392861431		0.9778449195	0.03711794846	
-9.377723862		0.9778491933	0.03749704436	
-9.362586293		0.9778549238	0.03787523619	
-9.347448724		0.9778621207	0.03825248705	
-9.332311156		0.9778707927	0.03862876091	
-9.317173587		0.9778809474	0.03900402252	
-9.302036018		0.9778925912	0.03937823733	
-9.286898449		0.9779057291	0.0397513715	
-9.27176088		0.9779203646	0.04012339176	
-9.256623312		0.9779364998	0.04049426543	
-9.241485743		0.9779541353	0.04086396033	
-9.226348174		0.9779732699	0.04123244474	
-9.211210605		0.9779939009	0.04159968736	
-9.196073037		0.978016024	0.04196565724	
-9.180935468		0.9780396332	0.04233032377	
-9.165797899		0.9780647207	0.04269365661	
-9.15066033		0.9780912774	0.04305562569	
-9.135522761		0.9781192923	0.04341620111	
-9.120385193		0.9781487533	0.04377535317	
-9.105247624		0.9781796464	0.04413305232	
-9.090110055		0.9782119564	0.0444892691	
-9.074972486		0.9782456667	0.04484397416	
-9.059834917		0.9782807594	0.04519713821	
-9.044697349		0.9783172155	0.04554873201	
-9.02955978		0.9783550148	0.04589872634	
-9.014422211		0.978394136	0.04624709199	
-8.999284642		0.9784345569	0.04659379977	
-8.984147074		0.9784762545	0.04693882043	
-8.969009505		0.9785192048	0.04728212475	
-8.953871936		0.9785633833	0.04762368344	
-8.938734367		0.9786087647	0.04796346718	
-8.923596798		0.9786553231	0.04830144663	
-8.90845923		0.9787030323	0.04863759239	
-8.893321661		0.9787518656	0.04897187504	
-8.878184092		0.9788017957	0.04930426509	
-8.863046523		0.9788527954	0.04963473305	
-8.847908954		0.978904837	0.04996324938	
-8.832771386		0.9789578926	0.05028978453	
-8.817633817		0.9790119345	0.05061430893	
-8.802496248		0.9790669346	0.05093679301	
-8.787358679		0.9791228649	0.05125720722	
-8.772221111		0.9791796973	0.05157552202	
-8.757083542		0.979237404	0.0518917079	
-8.741945973		0.9792959571	0.0522057354	
-8.726808404		0.9793553288	0.05251757513	
-8.711670835		0.9794154915	0.05282719779	
-8.696533267		0.979476418	0.05313457417	
-8.681395698		0.9795380809	0.05343967517	
-8.666258129		0.9796004532	0.05374247184	
-8.65112056		0.9796635083	0.05404293537	
-8.635982991		0.9797272197	0.05434103716	
-8.620845423		0.9797915611	0.05463674876	
-8.605707854		0.9798565066	0.05493004198	
-8.590570285		0.9799220306	0.05522088886	
-8.575432716		0.9799881076	0.05550926169	
-8.560295148		0.9800547128	0.05579513306	
-8.545157579		0.9801218213	0.05607847586	
-8.53002001		0.9801894086	0.05635926334	
-8.514882441		0.9802574508	0.05663746906	
-8.499744872		0.9803259239	0.056913067	
-8.484607304		0.9803948045	0.05718603152	
-8.469469735		0.9804640695	0.05745633743	
-8.454332166		0.9805336958	0.05772395996	
-8.439194597		0.9806036611	0.05798887484	
-8.424057029		0.9806739429	0.05825105828	
-8.40891946		0.9807445194	0.05851048702	
-8.393781891		0.9808153689	0.05876713835	
-8.378644322		0.9808864699	0.05902099012	
-8.363506753		0.9809578015	0.05927202076	
-8.348369185		0.9810293427	0.05952020933	
-8.333231616		0.981101073	0.05976553551	
-8.318094047		0.9811729721	0.06000797964	
-8.302956478		0.98124502	0.06024752272	
-8.287818909		0.981317197	0.06048414648	
-8.272681341		0.9813894834	0.06071783333	
-8.257543772		0.98146186	0.06094856644	
-8.242406203		0.9815343078	0.06117632972	
-8.227268634		0.9816068078	0.06140110786	
-8.212131066		0.9816793416	0.06162288633	
-8.196993497		0.9817518906	0.06184165143	
-8.181855928		0.9818244366	0.06205739024	
-8.166718359		0.9818969618	0.06227009072	
-8.15158079		0.9819694482	0.06247974166	
-8.136443222		0.9820418782	0.06268633272	
-8.121305653		0.9821142345	0.06288985445	
-8.106168084		0.9821864996	0.06309029828	
-8.091030515		0.9822586566	0.06328765653	
-8.075892946		0.9823306885	0.06348192248	
-8.060755378		0.9824025784	0.06367309027	
-8.045617809		0.9824743099	0.06386115503	
-8.03048024		0.9825458663	0.0640461128	
-8.015342671		0.9826172313	0.06422796056	
-8.000205103		0.9826883888	0.06440669627	
-7.985067534		0.9827593226	0.06458231884	
-7.969929965		0.9828300168	0.06475482812	
-7.954792396		0.9829004555	0.06492422495	
-7.939654827		0.982970623	0.06509051115	
-7.924517259		0.9830405038	0.06525368947	
-7.90937969		0.9831100822	0.06541376368	
-7.894242121		0.983179343	0.06557073848	
-7.879104552		0.9832482707	0.06572461956	
-7.863966983		0.9833168502	0.06587541359	
-7.848829415		0.9833850665	0.06602312817	
-7.833691846		0.9834529043	0.0661677719	
-7.818554277		0.9835203489	0.06630935431	
-7.803416708		0.9835873854	0.0664478859	
-7.78827914		0.9836539989	0.06658337809	
-7.773141571		0.9837201747	0.06671584327	
-7.758004002		0.9837858983	0.06684529474	
-7.742866433		0.9838511551	0.06697174672	
-7.727728864		0.9839159305	0.06709521435	
-7.712591296		0.9839802102	0.06721571367	
-7.697453727		0.9840439797	0.0673332616	
-7.682316158		0.9841072247	0.06744787594	
-7.667178589		0.984169931	0.06755957537	
-7.652041021		0.9842320844	0.06766837941	
-7.636903452		0.9842936707	0.06777430841	
-7.621765883		0.9843546758	0.06787738356	
-7.606628314		0.9844150857	0.06797762683	
-7.591490745		0.9844748864	0.06807506102	
-7.576353177		0.9845340638	0.06816970968	
-7.561215608		0.9845926041	0.06826159711	
-7.546078039		0.9846504934	0.06835074837	
-7.53094047		0.9847077178	0.06843718922	
-7.515802901		0.9847642636	0.06852094615	
-7.500665333		0.9848201169	0.06860204631	
-7.485527764		0.9848752641	0.06868051752	
-7.470390195		0.9849296913	0.06875638823	
-7.455252626		0.9849833851	0.06882968755	
-7.440115058		0.9850363316	0.06890044514	
-7.424977489		0.9850885174	0.06896869128	
-7.40983992		0.9851399287	0.06903445679	
-7.394702351		0.9851905521	0.06909777302	
-7.379564782		0.9852403739	0.06915867186	
-7.364427214		0.9852893808	0.06921718565	
-7.349289645		0.9853375591	0.06927334724	
-7.334152076		0.9853848955	0.0693271899	
-7.319014507		0.9854313763	0.06937874733	
-7.303876938		0.9854769883	0.06942805362	
-7.28873937		0.9855217179	0.06947514325	
-7.273601801		0.9855655518	0.06952005104	
-7.258464232		0.9856084765	0.06956281216	
-7.243326663		0.9856504786	0.06960346207	
-7.228189095		0.9856915448	0.06964203651	
-7.213051526		0.9857316616	0.06967857149	
-7.197913957		0.9857708156	0.06971310326	
-7.182776388		0.9858089935	0.06974566827	
-7.167638819		0.9858461819	0.06977630319	
-7.152501251		0.9858823674	0.06980504484	
-7.137363682		0.9859175365	0.0698319302	
-7.122226113		0.9859516759	0.06985699637	
-7.107088544		0.9859847721	0.06988028057	
-7.091950975		0.9860168118	0.06990182009	
-7.076813407		0.9860477815	0.06992165229	
-7.061675838		0.9860776677	0.06993981458	
-7.046538269		0.9861064569	0.06995634438	
-7.0314007		0.9861341358	0.06997127914	
-7.016263132		0.9861606907	0.06998465627	
-7.001125563		0.9861861081	0.06999651314	
-6.985987994		0.9862103746	0.07000688707	
-6.970850425		0.9862334765	0.07001581531	
-6.955712856		0.9862554003	0.07002333498	
-6.940575288		0.9862761325	0.07002948311	
-6.925437719		0.9862956593	0.07003429657	
-6.91030015		0.9863139672	0.07003781207	
-6.895162581		0.9863310426	0.07004006612	
-6.880025013		0.9863468717	0.07004109503	
-6.864887444		0.9863614411	0.07004093487	
-6.849749875		0.986374737	0.07003962146	
-6.834612306		0.9863867457	0.07003719032	
-6.819474737		0.9863974536	0.07003367667	
-6.804337169		0.9864068469	0.0700291154	
-6.7891996		0.9864149121	0.07002354105	
-6.774062031		0.9864216353	0.07001698778	
-6.758924462		0.9864270029	0.07000948934	
-6.743786893		0.986431001	0.07000107907	
-6.728649325		0.986433616	0.06999178986	
-6.713511756		0.986434834	0.06998165418	
-6.698374187		0.9864346412	0.06997070398	
-6.683236618		0.9864330236	0.06995897078	
-6.66809905		0.9864299673	0.06994648557	
-6.652961481		0.9864254583	0.06993327889	
-6.637823912		0.9864194824	0.06991938075	
-6.622686343		0.9864120254	0.0699048207	
-6.607548774		0.9864030729	0.06988962778	
-6.592411206		0.9863926106	0.06987383056	
-6.577273637		0.9863806239	0.06985745713	
-6.562136068		0.9863670981	0.06984053511	
-6.546998499		0.9863520183	0.06982309166	
-6.53186093		0.9863353695	0.06980515347	
-6.516723362		0.9863171368	0.06978674676	
-6.501585793		0.9862973049	0.06976789728	
-6.486448224		0.9862758584	0.06974863027	
-6.471310655		0.986252782	0.06972897046	
-6.456173087		0.9862280602	0.06970894199	
-6.441035518		0.9862016775	0.0696885684	
-6.425897949		0.9861736185	0.06966787254	
-6.41076038		0.9861438675	0.0696468765	
-6.395622811		0.9861124093	0.06962560158	
-6.380485243		0.9860792285	0.0696040681	
-6.365347674		0.9860443097	0.06958229543	
-6.350210105		0.9860076379	0.06956030182	
-6.335072536		0.9859691981	0.06953810434	
-6.319934967		0.9859289754	0.06951571887	
-6.304797399		0.9858869551	0.06949315996	
-6.28965983		0.9858431226	0.06947044089	
-6.274522261		0.9857974634	0.06944757362	
-6.259384692		0.9857499631	0.06942456885	
-6.244247124		0.9857006072	0.06940143611	
-6.229109555		0.9856493811	0.06937818377	
-6.213971986		0.9855962704	0.06935481929	
-6.198834417		0.9855412602	0.06933134925	
-6.183696848		0.9854843355	0.0693077796	
-6.16855928		0.985425481	0.06928411579	
-6.153421711		0.9853646812	0.06926036295	
-6.138284142		0.98530192	0.06923652605	
-6.123146573		0.9852371812	0.06921261002	
-6.108009005		0.9851704479	0.06918861986	
-6.092871436		0.9851017032	0.06916456072	
-6.077733867		0.9850309296	0.06914043787	
-6.062596298		0.9849581094	0.06911625677	
-6.047458729		0.9848832246	0.0690920229	
-6.032321161		0.9848062573	0.06906774174	
-6.017183592		0.9847271893	0.06904341862	
-6.002046023		0.9846460024	0.06901905859	
-5.986908454		0.9845626785	0.06899466625	
-5.971770885		0.9844771997	0.06897024565	
-5.956633317		0.9843895482	0.06894580011	
-5.941495748		0.9842997064	0.06892133216	
-5.926358179		0.984207657	0.06889684348	
-5.91122061		0.9841133829	0.06887233479	
-5.896083042		0.9840168673	0.06884780594	
-5.880945473		0.9839180934	0.06882325585	
-5.865807904		0.9838170448	0.06879868263	
-5.850670335		0.983713705	0.0687740836	
-5.835532766		0.9836080578	0.06874945542	
-5.820395198		0.9835000867	0.06872479414	
-5.805257629		0.9833897756	0.06870009531	
-5.79012006		0.9832771078	0.06867535403	
-5.774982491		0.9831620668	0.06865056507	
-5.759844922		0.9830446361	0.06862572283	
-5.744707354		0.9829247986	0.06860082144	
-5.729569785		0.9828025374	0.06857585473	
-5.714432216		0.9826778353	0.06855081619	
-5.699294647		0.982550675	0.06852569899	
-5.684157079		0.9824210389	0.06850049589	
-5.66901951		0.9822889097	0.06847519924	
-5.653881941		0.9821542696	0.06844980083	
-5.638744372		0.9820171009	0.06842429194	
-5.623606803		0.981877386	0.0683986632	
-5.608469235		0.9817351072	0.06837290455	
-5.593331666		0.9815902469	0.06834700525	
-5.578194097		0.9814427875	0.06832095377	
-5.563056528		0.9812927116	0.06829473782	
-5.547918959		0.9811400018	0.06826834431	
-5.532781391		0.9809846408	0.06824175936	
-5.517643822		0.9808266116	0.06821496829	
-5.502506253		0.9806658971	0.06818795565	
-5.487368684		0.9805024804	0.06816070526	
-5.472231116		0.9803363448	0.0681332002	
-5.457093547		0.9801674735	0.06810542285	
-5.441955978		0.97999585	0.06807735496	
-5.426818409		0.9798214579	0.06804897767	
-5.41168084		0.9796442808	0.06802027154	
-5.396543272		0.9794643026	0.06799121659	
-5.381405703		0.979281507	0.06796179234	
-5.366268134		0.9790958781	0.06793197787	
-5.351130565		0.9789074001	0.06790175179	
-5.335992996		0.9787160572	0.06787109236	
-5.320855428		0.9785218339	0.06783997741	
-5.305717859		0.9783247148	0.06780838447	
-5.29058029		0.9781246847	0.06777629071	
-5.275442721		0.9779217286	0.06774367299	
-5.260305153		0.9777158316	0.06771050789	
-5.245167584		0.9775069791	0.06767677169	
-5.230030015		0.9772951568	0.06764244039	
-5.214892446		0.9770803504	0.06760748973	
-5.199754877		0.9768625459	0.06757189521	
-5.184617309		0.9766417296	0.06753563206	
-5.16947974		0.9764178878	0.06749867524	
-5.154342171		0.9761910069	0.0674609995	
-5.139204602		0.9759610738	0.06742257933	
-5.124067034		0.975728075	0.067383389	
-5.108929465		0.9754919974	0.06734340252	
-5.093791896		0.975252828	0.06730259371	
-5.078654327		0.9750105536	0.06726093615	
-5.063516758		0.9747651612	0.06721840322	
-5.04837919		0.9745166378	0.0671749681	
-5.033241621		0.9742649704	0.06713060381	
-5.018104052		0.9740101462	0.06708528318	
-5.002966483		0.9737521521	0.06703897892	
-4.987828914		0.9734909755	0.06699166358	
-4.972691346		0.9732266035	0.06694330964	
-4.957553777		0.9729590238	0.06689388948	
-4.942416208		0.9726882239	0.06684337545	
-4.927278639		0.9724141917	0.06679173985	
-4.912141071		0.9721369154	0.06673895498	
-4.897003502		0.9718563833	0.06668499316	
-4.881865933		0.9715725844	0.06662982678	
-4.866728364		0.9712855077	0.06657342826	
-4.851590795		0.9709951427	0.06651577015	
-4.836453227		0.9707014793	0.06645682507	
-4.821315658		0.9704045077	0.0663965658	
-4.806178089		0.9701042186	0.06633496526	
-4.79104052		0.9698006028	0.06627199651	
-4.775902951		0.9694936518	0.06620763279	
-4.760765383		0.969183357	0.06614184753	
-4.745627814		0.9688697102	0.06607461436	
-4.730490245		0.9685527035	0.0660059071	
-4.715352676		0.9682323292	0.0659356998	
-4.700215108		0.9679085797	0.06586396673	
-4.685077539		0.9675814476	0.06579068241	
-4.66993997		0.9672509256	0.06571582162	
-4.654802401		0.9669170066	0.0656393594	
-4.639664832		0.9665796835	0.06556127106	
-4.624527264		0.9662389496	0.06548153224	
-4.609389695		0.965894798	0.06540011887	
-4.594252126		0.9655472222	0.06531700722	
-4.579114557		0.9651962157	0.06523217391	
-4.563976988		0.9648417723	0.06514559595	
-4.54883942		0.9644838857	0.0650572507	
-4.533701851		0.9641225503	0.06496711595	
-4.518564282		0.9637577603	0.06487516992	
-4.503426713		0.9633895102	0.06478139126	
-4.488289145		0.9630177951	0.06468575908	
-4.473151576		0.9626426099	0.06458825298	
-4.458014007		0.96226395	0.06448885304	
-4.442876438		0.9618818112	0.06438753986	
-4.427738869		0.9614961894	0.06428429454	
-4.412601301		0.9611070809	0.06417909877	
-4.397463732		0.9607144822	0.06407193473	
-4.382326163		0.9603183901	0.0639627852	
-4.367188594		0.9599188019	0.06385163354	
-4.352051026		0.959515715	0.06373846366	
-4.336913457		0.9591091271	0.06362326012	
-4.321775888		0.9586990362	0.06350600804	
-4.306638319		0.9582854405	0.06338669317	
-4.29150075		0.9578683387	0.06326530191	
-4.276363182		0.9574477296	0.06314182127	
-4.261225613		0.9570236122	0.06301623889	
-4.246088044		0.9565959858	0.0628885431	
-4.230950475		0.9561648502	0.06275872284	
-4.215812906		0.9557302051	0.06262676774	
-4.200675338		0.9552920506	0.06249266809	
-4.185537769		0.9548503871	0.06235641486	
-4.1704002		0.9544052153	0.0622179997	
-4.155262631		0.953956536	0.06207741494	
-4.140125063		0.9535043503	0.0619346536	
-4.124987494		0.9530486596	0.06178970938	
-4.109849925		0.9525894656	0.06164257669	
-4.094712356		0.9521267702	0.06149325064	
-4.079574787		0.9516605756	0.06134172702	
-4.064437219		0.9511908842	0.06118800235	
-4.04929965		0.9507176989	0.06103207381	
-4.034162081		0.9502410225	0.06087393933	
-4.019024512		0.9497608584	0.06071359748	
-4.003886943		0.9492772102	0.06055104759	
-3.988749375		0.9487900818	0.06038628963	
-3.973611806		0.9482994773	0.06021932431	
-3.958474237		0.9478054013	0.06005015298	
-3.943336668		0.9473078584	0.05987877771	
-3.9281991		0.9468068539	0.05970520122	
-3.913061531		0.946302393	0.05952942693	
-3.897923962		0.9457944815	0.0593514589	
-3.882786393		0.9452831254	0.05917130185	
-3.867648824		0.944768331	0.05898896114	
-3.852511256		0.944250105	0.05880444279	
-3.837373687		0.9437284544	0.05861775341	
-3.822236118		0.9432033865	0.05842890026	
-3.807098549		0.942674909	0.05823789118	
-3.79196098		0.9421430297	0.05804473462	
-3.776823412		0.9416077571	0.05784943957	
-3.761685843		0.9410690997	0.05765201561	
-3.746548274		0.9405270666	0.05745247286	
-3.731410705		0.939981667	0.05725082198	
-3.716273137		0.9394329107	0.05704707412	
-3.701135568		0.9388808077	0.05684124094	
-3.685997999		0.9383253683	0.05663333457	
-3.67086043		0.9377666033	0.05642336761	
-3.655722861		0.9372045239	0.05621135309	
-3.640585293		0.9366391413	0.05599730446	
-3.625447724		0.9360704675	0.05578123555	
-3.610310155		0.9354985146	0.05556316061	
-3.595172586		0.9349232951	0.05534309418	
-3.580035018		0.934344822	0.05512105118	
-3.564897449		0.9337631085	0.05489704682	
-3.54975988		0.9331781683	0.05467109656	
-3.534622311		0.9325900154	0.05444321617	
-3.519484742		0.9319986642	0.0542134216	
-3.504347174		0.9314041295	0.05398172902	
-3.489209605		0.9308064263	0.05374815479	
-3.474072036		0.9302055703	0.0535127154	
-3.458934467		0.9296015773	0.05327542746	
-3.443796898		0.9289944636	0.05303630768	
-3.42865933		0.9283842458	0.05279537283	
-3.413521761		0.9277709409	0.05255263971	
-3.398384192		0.9271545664	0.05230812512	
-3.383246623		0.9265351399	0.05206184583	
-3.368109055		0.9259126795	0.05181381856	
-3.352971486		0.9252872037	0.05156405993	
-3.337833917		0.9246587314	0.05131258645	
-3.322696348		0.9240272816	0.05105941446	
-3.307558779		0.9233928739	0.05080456012	
-3.292421211		0.9227555281	0.05054803938	
-3.277283642		0.9221152644	0.05028986793	
-3.262146073		0.9214721032	0.05003006117	
-3.247008504		0.9208260652	0.04976863421	
-3.231870935		0.9201771716	0.04950560177	
-3.216733367		0.9195254436	0.04924097823	
-3.201595798		0.9188709028	0.04897477751	
-3.186458229		0.918213571	0.04870701312	
-3.17132066		0.9175534703	0.04843769807	
-3.156183092		0.916890623	0.04816684485	
-3.141045523		0.9162250513	0.04789446543	
-3.125907954		0.915556778	0.04762057117	
-3.110770385		0.9148858257	0.04734517284	
-3.095632816		0.9142122172	0.04706828056	
-3.080495248		0.9135359754	0.04678990378	
-3.065357679		0.9128571232	0.04651005126	
-3.05022011		0.9121756834	0.04622873101	
-3.035082541		0.911491679	0.04594595028	
-3.019944972		0.9108051327	0.04566171556	
-3.004807404		0.9101160671	0.04537603248	
-2.989669835		0.9094245046	0.04508890587	
-2.974532266		0.9087304676	0.04480033968	
-2.959394697		0.9080339779	0.04451033696	
-2.944257129		0.9073350571	0.04421889986	
-2.92911956		0.9066337262	0.0439260296	
-2.913981991		0.905930006	0.04363172644	
-2.898844422		0.9052239166	0.04333598969	
-2.883706853		0.9045154773	0.04303881765	
-2.868569285		0.9038047068	0.04274020766	
-2.853431716		0.9030916229	0.04244015602	
-2.838294147		0.9023762426	0.04213865804	
-2.823156578		0.9016585818	0.041835708	
-2.80801901		0.9009386551	0.04153129915	
-2.792881441		0.9002164759	0.04122542374	
-2.777743872		0.8994920563	0.04091807297	
-2.762606303		0.8987654068	0.04060923706	
-2.747468734		0.8980365361	0.04029890522	
-2.732331166		0.897305451	0.03998706566	
-2.717193597		0.8965721566	0.03967370565	
-2.702056028		0.8958366555	0.0393588115	
-2.686918459		0.895098948	0.03904236861	
-2.67178089		0.8943590317	0.03872436152	
-2.656643322		0.8936169016	0.0384047739	
-2.641505753		0.8928725494	0.03808358865	
-2.626368184		0.8921259637	0.03776078792	
-2.611230615		0.8913771295	0.03743635319	
-2.596093047		0.890626028	0.03711026531	
-2.580955478		0.8898726361	0.03678250459	
-2.565817909		0.8891169266	0.03645305086	
-2.55068034		0.8883588671	0.03612188361	
-2.535542771		0.8875984206	0.03578898201	
-2.520405203		0.8868355442	0.03545432507	
-2.505267634		0.8860701893	0.03511789177	
-2.490130065		0.885302301	0.03477966111	
-2.474992496		0.8845318175	0.03443961231	
-2.459854927		0.8837586702	0.03409772495	
-2.444717359		0.8829827822	0.03375397908	
-2.42957979		0.8822040689	0.03340835544	
-2.414442221		0.8814224366	0.0330608356	
-2.399304652		0.8806377823	0.03271140219	
-2.384167084		0.879849993	0.03236003904	
-2.369029515		0.8790589451	0.03200673145	
-2.353891946		0.8782645035	0.0316514664	
-2.338754377		0.8774665211	0.03129423277	
-2.323616808		0.876664838	0.03093502161	
-2.30847924		0.8758592804	0.0305738264	
-2.293341671		0.8750496601	0.03021064331	
-2.278204102		0.8742357733	0.0298454715	
-2.263066533		0.8734174	0.02947831341	
-2.247928964		0.8725943025	0.02910917508	
-2.232791396		0.8717662246	0.02873806644	
-2.217653827		0.8709328906	0.02836500168	
-2.202516258		0.870094004	0.02798999954	
-2.187378689		0.869249246	0.02761308369	
-2.172241121		0.8683982746	0.02723428305	
-2.157103552		0.867540723	0.02685363216	
-2.141965983		0.8666761982	0.02647117152	
-2.126828414		0.8658042795	0.02608694794	
-2.111690845		0.864924517	0.02570101494	
-2.096553277		0.8640364297	0.02531343303	
-2.081415708		0.8631395041	0.02492427008	
-2.066278139		0.8622331921	0.02453360166	
-2.05114057		0.8613169093	0.02414151134	
-2.036003002		0.8603900329	0.023748091	
-2.020865433		0.8594518998	0.02335344107	
-2.005727864		0.8585018043	0.02295767085	
-1.990590295		0.857538996	0.02256089866	
-1.975452726		0.8565626777	0.02216325206	
-1.960315158		0.8555720025	0.02176486802	
-1.945177589		0.8545660721	0.02136589299	
-1.93004002		0.8535439335	0.02096648297	
-1.914902451		0.8525045772	0.02056680354	
-1.899764882		0.8514469341	0.02016702978	
-1.884627314		0.8503698729	0.01976734616	
-1.869489745		0.8492721977	0.01936794642	
-1.854352176		0.8481526448	0.01896903323	
-1.839214607		0.8470098804	0.01857081798	
-1.824077039		0.8458424977	0.01817352031	
-1.80893947		0.8446490142	0.01777736769	
-1.793801901		0.8434278694	0.01738259484	
-1.778664332		0.8421774217	0.01698944315	
-1.763526763		0.8408959465	0.01659815997	
-1.748389195		0.839581634	0.01620899778	
-1.733251626		0.8382325867	0.01582221345	
-1.718114057		0.8368468183	0.0154380672	
-1.702976488		0.8354222517	0.01505682173	
-1.687838919		0.8339567185	0.0146787411	
-1.672701351		0.8324479579	0.01430408969	
-1.657563782		0.8308936171	0.01393313103	
-1.642426213		0.8292912516	0.01356612669	
-1.627288644		0.8276383265	0.01320333506	
-1.612151076		0.8259322188	0.01284501014	
-1.597013507		0.8241702204	0.01249140043	
-1.581875938		0.8223495418	0.01214274768	
-1.566738369		0.8204673182	0.01179928577	
-1.5516008		0.8185206149	0.01146123965	
-1.536463232		0.8165064364	0.01112882422	
-1.521325663		0.8144217352	0.01080224341	
-1.506188094		0.8122634234	0.01048168926	
-1.491050525		0.8100283856	0.01016734107	
-1.475912956		0.8077134943	0.00985936473	
-1.460775388		0.8053156268	0.009557912048	
-1.445637819		0.8028316846	0.00926312027	
-1.43050025		0.800258615	0.008975111659	
-1.415362681		0.7975934354	0.008693993208	
-1.400225113		0.7948332593	0.008419856451	
-1.385087544		0.7919753254	0.008152777394	
-1.369949975		0.7890170282	0.007892816546	
-1.354812406		0.7859559518	0.007640019047	
-1.339674837		0.7827899045	0.007394414898	
-1.324537269		0.7795169566	0.007156019266	
-1.3093997		0.7761354782	0.006924832878	
-1.294262131		0.772644179	0.006700842475	
-1.279124562		0.7690421483	0.006484021329	
-1.263986993		0.7653288948	0.006274329815	
-1.248849425		0.7615043856	0.006071716011	
-1.233711856		0.7575690827	0.005876116345	
-1.218574287		0.7535239762	0.00568745624	
-1.203436718		0.7493706117	0.005505650773	
-1.18829915		0.7451111061	0.005330605295	
-1.173161581		0.7407481464	0.005162215986	
-1.158024012		0.736284954	0.005000370234	
-1.142886443		0.7317251853	0.00484494669	
-1.127748874		0.7270727075	0.004695814648	
-1.112611306		0.7223311287	0.004552832109	
-1.097473737		0.7175028525	0.004415841325	
-1.082336168		0.7125872599	0.004284659835	
-1.067198599		0.707577503	0.004159064656	
-1.052061031		0.7024559961	0.004038771109	
-1.036923462		0.6971922268	0.003923427384	
-1.021785893		0.6917560857	0.003812695152	
-1.006648324		0.6861637059	0.003706495863	
-0.9915107554		0.6805220737	0.00360522203	
-0.9763731866		0.6749749762	0.003509413183	
-0.9612356178		0.6695906834	0.003419171748	
-0.946098049		0.6643503663	0.003334146077	
-0.9309604802		0.6592104985	0.003253878066	
-0.9158229115		0.6541404249	0.003177994358	
-0.9006853427		0.6491265939	0.003106219846	
-0.8855477739		0.6441665749	0.003038342257	
-0.8704102051		0.6392636561	0.002974182932	
-0.8552726363		0.6344236614	0.002913580463	
-0.8401350675		0.6296533141	0.002856382734	
-0.8249974987		0.6249594335	0.002802443317	
-0.80985993		0.6203485423	0.002751619935	
-0.7947223612		0.6158266721	0.002703773857	
-0.7795847924		0.6113992639	0.002658769703	
-0.7644472236		0.6070711184	0.002616475424	
-0.7493096548		0.6028463726	0.00257676234	
-0.734172086		0.5987284928	0.002539505212	
-0.7190345173		0.5947202809	0.002504582292	
-0.7038969485		0.5908238874	0.002471875386	
-0.6887593797		0.5870408338	0.002441269883	
-0.6736218109		0.5833720398	0.002412654789	
-0.6584842421		0.5798178554	0.002385922736	
-0.6433466733		0.5763780974	0.002360969982	
-0.6282091046		0.5730520885	0.002337696401	
-0.6130715358		0.569838698	0.002316005465	
-0.597933967		0.5667363843	0.002295804206	
-0.5827963982		0.5637432373	0.002277003183	
-0.5676588294		0.5608570206	0.002259516429	
-0.5525212606		0.558075213	0.0022432614	
-0.5373836918		0.5553950486	0.002228158912	
-0.5222461231		0.5528135548	0.002214133078	
-0.5071085543		0.550327589	0.002201111234	
-0.4919709855		0.5479338722	0.002189023869	
-0.4768334167		0.5456290206	0.002177804546	
-0.4616958479		0.5434095742	0.002167389821	
-0.4465582791		0.5412720229	0.002157719163	
-0.4314207104		0.5392128304	0.00214873487	
-0.4162831416		0.5372284545	0.002140381985	
-0.4011455728		0.5353153664	0.002132608209	
-0.386008004		0.5334700656	0.002125363821	
-0.3708704352		0.5316890947	0.002118601586	
-0.3557328664		0.5299690498	0.00211227668	
-0.3405952976		0.528306591	0.002106346597	
-0.3254577289		0.5266984493	0.002100771073	
-0.3103201601		0.5251414327	0.002095512001	
-0.2951825913		0.5236324308	0.002090533356	
-0.2800450225		0.5221684173	0.00208580111	
-0.2649074537		0.5207464521	0.002081283164	
-0.2497698849		0.5193636816	0.002076949268	
-0.2346323162		0.518017338	0.00207277095	
-0.2194947474		0.5167047382	0.002068721448	
-0.2043571786		0.5154232816	0.00206477564	
-0.1892196098		0.5141704469	0.002060909979	
-0.174082041		0.5129437889	0.002057102431	
-0.1589444722		0.5117409344	0.002053332414	
-0.1438069035		0.5105595778	0.002049580736	
-0.1286693347		0.509397476	0.002045829546	
-0.1135317659		0.5082524437	0.002042062273	
-0.0983941971		0.5071223475	0.002038263579	
-0.08325662831		0.5060051006	0.002034419308	
-0.06811905953		0.5048986566	0.002030516443	
-0.05298149075		0.5038010039	0.002026543057	
-0.03784392196		0.5027101591	0.002022488272	
-0.02270635318		0.5016241612	0.002018342225	
-0.007568784392		0.5005410651	0.002014096021	
0.007568784392		0.4994589352	0.002009741706	
0.02270635318		0.4983758391	0.002005272229	
0.03784392196		0.4972898412	0.002000681414	
0.05298149075		0.4961989964	0.001995963929	
0.06811905953		0.4951013436	0.001991115259	
0.08325662831		0.4939948996	0.001986131684	
0.0983941971		0.4928776527	0.00198101025	
0.1135317659		0.4917475565	0.001975748756	
0.1286693347		0.4906025241	0.001970345726	
0.1438069035		0.4894404223	0.001964800398	
0.1589444722		0.4882590655	0.001959112705	
0.174082041		0.487056211	0.00195328326	
0.1892196098		0.4858295529	0.001947313348	
0.2043571786		0.4845767181	0.001941204908	
0.2194947474		0.4832952614	0.00193496053	
0.2346323162		0.4819826616	0.001928583442	
0.2497698849		0.480636318	0.001922077506	
0.2649074537		0.4792535473	0.001915447214	
0.2800450225		0.4778315821	0.001908697678	
0.2951825913		0.4763675686	0.001901834635	
0.3103201601		0.4748585666	0.001894864439	
0.3254577289		0.47330155	0.001887794064	
0.3405952976		0.4716934082	0.001880631102	
0.3557328664		0.4700309494	0.001873383766	
0.3708704352		0.4683109047	0.001866060893	
0.386008004		0.4665299338	0.001858671943	
0.4011455728		0.4646846332	0.001851227009	
0.4162831416		0.4627715451	0.001843736814	
0.4314207104		0.4607871694	0.001836212723	
0.4465582791		0.458727977	0.001828666743	
0.4616958479		0.4565904259	0.001821111531	
0.4768334167		0.4543709796	0.0018135604	
0.4919709855		0.4520661283	0.001806027324	
0.5071085543		0.4496724118	0.001798526944	
0.5222461231		0.4471864463	0.001791074574	
0.5373836918		0.4446049527	0.001783686206	
0.5525212606		0.4419247883	0.001776378515	
0.5676588294		0.4391429808	0.001769168865	
0.5827963982		0.4362567642	0.001762075309	
0.597933967		0.4332636173	0.001755116595	
0.6130715358		0.4301613038	0.001748312166	
0.6282091046		0.4269479134	0.001741682158	
0.6433466733		0.4236219044	0.001735247405	
0.6584842421		0.4201821464	0.001729029427	
0.6736218109		0.4166279617	0.001723050432	
0.6887593797		0.4129591674	0.001717333307	
0.7038969485		0.4091761135	0.001711901606	
0.7190345173		0.4052797197	0.001706779541	
0.734172086		0.4012715075	0.001701991963	
0.7493096548		0.3971536274	0.001697564348	
0.7644472236		0.3929288812	0.001693522766	
0.7795847924		0.3886007353	0.001689893858	
0.7947223612		0.3841733267	0.001686704789	
0.80985993		0.379651456	0.001683983187	
0.8249974987		0.3750405645	0.001681757036	
0.8401350675		0.3703466837	0.001680054484	
0.8552726363		0.3655763363	0.001678903448	
0.8704102051		0.3607363415	0.001678330781	
0.8855477739		0.3558334228	0.001678360487	
0.9006853427		0.3508734039	0.001679009831	
0.9158229115		0.345859573	0.001680281071	
0.9309604802		0.3407894996	0.001682144751	
0.946098049		0.335649632	0.001684510106	
0.9612356178		0.3304093152	0.001687189243	
0.9763731866		0.3250250227	0.001689910205	
0.9915107554		0.3194779253	0.001692507708	
1.006648324		0.3138362931	0.001695270256	
1.021785893		0.3082439133	0.001698922636	
1.036923462		0.3028077722	0.001704041236	
1.052061031		0.297544003	0.001710729394	
1.067198599		0.2924224963	0.001718828059	
1.082336168		0.2874127397	0.00172816143	
1.097473737		0.2824971473	0.001738616882	
1.112611306		0.2776688715	0.001750138819	
1.127748874		0.2729272929	0.001762706757	
1.142886443		0.2682748154	0.001776318759	
1.158024012		0.263715047	0.001790981682	
1.173161581		0.2592518548	0.001806705924	
1.18829915		0.2548888953	0.001823502669	
1.203436718		0.2506293898	0.001841382448	
1.218574287		0.2464760252	0.001860354351	
1.233711856		0.2424309188	0.001880425587	
1.248849425		0.2384956158	0.0019016012	
1.263986993		0.2346711066	0.001923883884	
1.279124562		0.2309578531	0.001947273835	
1.294262131		0.2273558223	0.001971768639	
1.3093997		0.223864523	0.001997363173	
1.324537269		0.2204830444	0.002024049527	
1.339674837		0.2172100963	0.00205181694	
1.354812406		0.2140440489	0.002080651749	
1.369949975		0.2109829724	0.002110537352	
1.385087544		0.2080246751	0.002141454194	
1.400225113		0.2051667412	0.002173379762	
1.415362681		0.2024065651	0.002206288608	
1.43050025		0.1997413855	0.002240152383	
1.445637819		0.197168316	0.002274939892	
1.460775388		0.1946843737	0.002310617176	
1.475912956		0.1922865062	0.002347147604	
1.491050525		0.1899716149	0.002384491988	
1.506188094		0.1877365772	0.002422608723	
1.521325663		0.1855782654	0.002461453931	
1.536463232		0.1834935643	0.00250098164	
1.5516008		0.1814793858	0.002541143956	
1.566738369		0.1795326825	0.002581891272	
1.581875938		0.1776504587	0.002623172468	
1.597013507		0.1758297802	0.002664935131	
1.612151076		0.1740677816	0.002707125783	
1.627288644		0.1723616738	0.002749690104	
1.642426213		0.1707087486	0.00279257317	
1.657563782		0.1691063829	0.00283571968	
1.672701351		0.167552042	0.002879074189	
1.687838919		0.1660432813	0.002922581328	
1.702976488		0.1645777479	0.002966186028	
1.718114057		0.1631531812	0.003009833728	
1.733251626		0.1617674127	0.003053470574	
1.748389195		0.1604183653	0.003097043611	
1.763526763		0.1591040527	0.00314050096	
1.778664332		0.1578225774	0.003183791979	
1.793801901		0.1565721297	0.003226867413	
1.80893947		0.1553509848	0.003269679531	
1.824077039		0.1541575014	0.003312182239	
1.839214607		0.1529901187	0.003354331193	
1.854352176		0.1518473543	0.003396083881	
1.869489745		0.1507278014	0.003437399699	
1.884627314		0.1496301262	0.00347824001	
1.899764882		0.1485530651	0.003518568192	
1.914902451		0.1474954221	0.003558349668	
1.93004002		0.1464560659	0.003597551923	
1.945177589		0.1454339274	0.003636144515	
1.960315158		0.144427997	0.003674099068	
1.975452726		0.1434373219	0.00371138926	
1.990590295		0.1424610037	0.003747990797	
2.005727864		0.1414981955	0.003783881384	
2.020865433		0.1405481001	0.00381904068	
2.036003002		0.139609967	0.003853450258	
2.05114057		0.1386830907	0.003887093545	
2.066278139		0.137766808	0.003919955771	
2.081415708		0.136860496	0.003952023905	
2.096553277		0.1359635705	0.003983286588	
2.111690845		0.1350754833	0.004013734067	
2.126828414		0.1341957208	0.004043358125	
2.141965983		0.1333238022	0.004072152006	
2.157103552		0.1324592774	0.00410011035	
2.172241121		0.1316017258	0.004127229109	
2.187378689		0.1307507544	0.004153505486	
2.202516258		0.1299059964	0.004178937853	
2.217653827		0.1290671097	0.004203525685	
2.232791396		0.1282337758	0.004227269488	
2.247928964		0.1274056979	0.004250170729	
2.263066533		0.1265826004	0.00427223177	
2.278204102		0.125764227	0.004293455803	
2.293341671		0.1249503403	0.004313846787	
2.30847924		0.1241407199	0.004333409386	
2.323616808		0.1233351623	0.004352148911	
2.338754377		0.1225334791	0.004370071264	
2.353891946		0.1217354967	0.004387182885	
2.369029515		0.1209410551	0.004403490698	
2.384167084		0.1201500072	0.004419002069	
2.399304652		0.1193622179	0.004433724752	
2.414442221		0.1185775636	0.004447666852	
2.42957979		0.1177959312	0.00446083678	
2.444717359		0.1170172179	0.004473243218	
2.459854927		0.1162413299	0.004484895081	
2.474992496		0.1154681825	0.004495801482	
2.490130065		0.114697699	0.004505971704	
2.505267634		0.1139298107	0.00451541517	
2.520405203		0.1131644558	0.004524141414	
2.535542771		0.1124015793	0.004532160058	
2.55068034		0.1116411328	0.004539480788	
2.565817909		0.1108830734	0.004546113335	
2.580955478		0.1101273638	0.004552067453	
2.596093047		0.1093739719	0.004557352902	
2.611230615		0.1086228704	0.004561979435	
2.626368184		0.1078740362	0.004565956781	
2.641505753		0.1071274505	0.00456929463	
2.656643322		0.1063830983	0.004572002628	
2.67178089		0.1056409682	0.00457409036	
2.686918459		0.1049010519	0.004575567345	
2.702056028		0.1041633444	0.004576443027	
2.717193597		0.1034278433	0.004576726766	
2.732331166		0.1026945489	0.004576427838	
2.747468734		0.1019634639	0.004575555423	
2.762606303		0.1012345932	0.004574118605	
2.777743872		0.1005079437	0.004572126368	
2.792881441		0.0997835241	0.004569587593	
2.80801901		0.09906134497	0.004566511057	
2.823156578		0.09834141827	0.00456290543	
2.838294147		0.09762375745	0.004558779275	
2.853431716		0.09690837719	0.00455414105	
2.868569285		0.09619529337	0.004548999105	
2.883706853		0.09548452289	0.004543361682	
2.898844422		0.09477608359	0.00453723692	
2.913981991		0.09406999415	0.004530632853	
2.92911956		0.09336627398	0.004523557415	
2.944257129		0.09266494315	0.004516018437	
2.959394697		0.09196602231	0.004508023653	
2.974532266		0.0912695326	0.004499580701	
2.989669835		0.09057549556	0.004490697126	
3.004807404		0.08988393313	0.004481380381	
3.019944972		0.0891948675	0.004471637834	
3.035082541		0.08850832114	0.004461476764	
3.05022011		0.08782431668	0.004450904372	
3.065357679		0.08714287687	0.004439927778	
3.080495248		0.08646402458	0.004428554024	
3.095632816		0.08578778269	0.004416790083	
3.110770385		0.08511417412	0.004404642855	
3.125907954		0.08444322173	0.004392119175	
3.141045523		0.08377494831	0.004379225814	
3.156183092		0.08310937658	0.004365969481	
3.17132066		0.08244652912	0.004352356829	
3.186458229		0.08178642833	0.004338394454	
3.201595798		0.08112909647	0.004324088903	
3.216733367		0.08047455558	0.004309446671	
3.231870935		0.07982282748	0.004294474207	
3.247008504		0.07917393374	0.004279177917	
3.262146073		0.0785278957	0.004263564166	
3.277283642		0.0778847344	0.004247639279	
3.292421211		0.07724447061	0.004231409544	
3.307558779		0.07660712478	0.004214881216	
3.322696348		0.07597271707	0.004198060516	
3.337833917		0.0753412673	0.004180953638	
3.352971486		0.07471279499	0.004163566744	
3.368109055		0.07408731928	0.004145905971	
3.383246623		0.07346485899	0.004127977432	
3.398384192		0.07284543259	0.004109787215	
3.413521761		0.07222905818	0.004091341387	
3.42865933		0.0716157535	0.004072645995	
3.443796898		0.07100553593	0.004053707066	
3.458934467		0.07039842249	0.004034530609	
3.474072036		0.0697944298	0.004015122616	
3.489209605		0.06919357414	0.003995489062	
3.504347174		0.06859587138	0.003975635907	
3.519484742		0.06800133706	0.003955569095	
3.534622311		0.0674099863	0.003935294558	
3.54975988		0.06682183387	0.003914818211	
3.564897449		0.06623689415	0.003894145956	
3.580035018		0.06565518116	0.003873283685	
3.595172586		0.06507670854	0.003852237271	
3.610310155		0.06450148954	0.003831012578	
3.625447724		0.06392953707	0.003809615456	
3.640585293		0.06336086364	0.003788051739	
3.655722861		0.06279548143	0.00376632725	
3.67086043		0.06223340221	0.003744447797	
3.685997999		0.06167463743	0.003722419172	
3.701135568		0.06111919815	0.003700247155	
3.716273137		0.0605670951	0.003677937507	
3.731410705		0.06001833863	0.003655495976	
3.746548274		0.05947293875	0.00363292829	
3.761685843		0.05893090513	0.003610240162	
3.776823412		0.0583922471	0.003587437284	
3.79196098		0.05785697362	0.00356452533	
3.807098549		0.05732509335	0.003541509954	
3.822236118		0.05679661458	0.003518396787	
3.837373687		0.05627154531	0.003495191439	
3.852511256		0.05574989317	0.003471899495	
3.867648824		0.0552316655	0.003448526517	
3.882786393		0.05471686931	0.00342507804	
3.897923962		0.05420551128	0.003401559571	
3.913061531		0.05369759778	0.00337797659	
3.9281991		0.05319313489	0.003354334548	
3.943336668		0.05269212836	0.003330638862	
3.958474237		0.05219458364	0.003306894919	
3.973611806		0.05170050587	0.003283108072	
3.988749375		0.05120989991	0.003259283638	
4.003886943		0.05072277029	0.003235426898	
4.019024512		0.05023912127	0.003211543094	
4.034162081		0.04975895679	0.003187637429	
4.04929965		0.04928228053	0.003163715065	
4.064437219		0.04880909584	0.003139781121	
4.079574787		0.0483394058	0.003115840672	
4.094712356		0.04787321318	0.003091898748	
4.109849925		0.04741052048	0.003067960331	
4.124987494		0.0469513299	0.003044030354	
4.140125063		0.04649564334	0.003020113701	
4.155262631		0.04604346243	0.002996215204	
4.1704002		0.04559478848	0.002972339641	
4.185537769		0.04514962255	0.002948491738	
4.200675338		0.04470796539	0.002924676161	
4.215812906		0.04426981747	0.002900897524	
4.230950475		0.04383517897	0.002877160379	
4.246088044		0.04340404981	0.002853469219	
4.261225613		0.04297642961	0.002829828477	
4.276363182		0.04255231773	0.002806242525	
4.29150075		0.04213171326	0.002782715671	
4.306638319		0.04171461502	0.002759252161	
4.321775888		0.04130102159	0.002735856175	
4.336913457		0.04089093127	0.002712531829	
4.352051026		0.04048434215	0.002689283174	
4.367188594		0.04008125206	0.002666114195	
4.382326163		0.03968165862	0.002643028808	
4.397463732		0.03928555921	0.002620030865	
4.412601301		0.038892951	0.002597124148	
4.427738869		0.03850383095	0.002574312374	
4.442876438		0.03811819583	0.002551599189	
4.458014007		0.03773604217	0.00252898817	
4.473151576		0.03735736633	0.002506482827	
4.488289145		0.03698216446	0.002484086596	
4.503426713		0.0366104325	0.002461802845	
4.518564282		0.03624216616	0.002439634869	
4.533701851		0.03587736096	0.00241758589	
4.54883942		0.03551601216	0.002395659057	
4.563976988		0.03515811479	0.002373857442	
4.579114557		0.03480366363	0.002352184042	
4.594252126		0.03445265316	0.002330641776	
4.609389695		0.03410507758	0.002309233484	
4.624527264		0.03376093081	0.002287961926	
4.639664832		0.03342020641	0.00226682978	
4.654802401		0.03308289763	0.002245839643	
4.66993997		0.03274899741	0.002224994028	
4.685077539		0.03241849831	0.002204295367	
4.700215108		0.03209139257	0.002183746007	
4.715352676		0.0317676721	0.002163348215	
4.730490245		0.0314473285	0.002143104174	
4.745627814		0.03113035306	0.002123015988	
4.760765383		0.03081673679	0.002103085683	
4.775902951		0.03050647046	0.002083315208	
4.79104052		0.03019954463	0.002063706436	
4.806178089		0.02989594967	0.002044261172	
4.821315658		0.02959567579	0.002024981149	
4.836453227		0.02929871308	0.002005868033	
4.851590795		0.02900505156	0.001986923427	
4.866728364		0.02871468113	0.001968148869	
4.881865933		0.02842759169	0.00194954584	
4.897003502		0.02814377303	0.001931115757	
4.912141071		0.02786321495	0.001912859979	
4.927278639		0.02758590713	0.001894779806	
4.942416208		0.02731183922	0.001876876479	
4.957553777		0.02704100074	0.001859151178	
4.972691346		0.02677338108	0.001841605019	
4.987828914		0.02650896947	0.001824239057	
5.002966483		0.02624775493	0.001807054282	
5.018104052		0.02598972625	0.001790051616	
5.033241621		0.02573487195	0.001773231915	
5.04837919		0.02548318025	0.001756595964	
5.063516758		0.02523463906	0.001740144481	
5.078654327		0.02498923595	0.001723878112	
5.093791896		0.02474695817	0.001707797435	
5.108929465		0.02450779264	0.00169190296	
5.124067034		0.02427172595	0.001676195128	
5.139204602		0.02403874441	0.001660674319	
5.154342171		0.02380883403	0.001645340848	
5.16947974		0.02358198059	0.001630194969	
5.184617309		0.02335816964	0.00161523688	
5.199754877		0.02313738657	0.001600466725	
5.214892446		0.02291961657	0.001585884594	
5.230030015		0.02270484474	0.001571490531	
5.245167584		0.02249305604	0.001557284529	
5.260305153		0.02228423535	0.001543266539	
5.275442721		0.0220783675	0.001529436466	
5.29058029		0.02187543721	0.001515794175	
5.305717859		0.02167542917	0.001502339489	
5.320855428		0.021478328	0.001489072191	
5.335992996		0.02128411827	0.001475992025	
5.351130565		0.02109278445	0.001463098698	
5.366268134		0.02090431098	0.001450391875	
5.381405703		0.0207186822	0.001437871187	
5.396543272		0.02053588236	0.001425536228	
5.41168084		0.02035589564	0.001413386554	
5.426818409		0.02017870613	0.001401421688	
5.441955978		0.02000429781	0.001389641119	
5.457093547		0.01983265462	0.001378044302	
5.472231116		0.01966376038	0.001366630664	
5.487368684		0.01949759885	0.0013553996	
5.502506253		0.01933415375	0.00134435048	
5.517643822		0.01917340872	0.001333482646	
5.532781391		0.01901534737	0.001322795418	
5.547918959		0.01885995328	0.001312288091	
5.563056528		0.01870721	0.001301959941	
5.578194097		0.01855710106	0.00129181022	
5.593331666		0.01840960998	0.001281838164	
5.608469235		0.01826472022	0.001272042984	
5.623606803		0.01812241525	0.001262423874	
5.638744372		0.01798267848	0.001252980004	
5.653881941		0.01784549325	0.001243710521	
5.66901951		0.01771084283	0.001234614547	
5.684157079		0.01757871038	0.001225691177	
5.699294647		0.01744907895	0.001216939476	
5.714432216		0.01732193141	0.001208358479	
5.729569785		0.01719725049	0.001199947188	
5.744707354		0.0170750187	0.001191704569	
5.759844922		0.01695521837	0.001183629556	
5.774982491		0.01683783163	0.001175721045	
5.79012006		0.01672284041	0.001167977902	
5.805257629		0.01661022645	0.001160398961	
5.820395198		0.01649997133	0.001152983029	
5.835532766		0.01639205655	0.00114572889	
5.850670335		0.01628646351	0.001138635314	
5.865807904		0.0161831736	0.001131701057	
5.880945473		0.01608216827	0.001124924876	
5.896083042		0.01598342907	0.001118305531	
5.91122061		0.01588693774	0.001111841792	
5.926358179		0.01579267624	0.001105532449	
5.941495748		0.01570062682	0.001099376315	
5.956633317		0.01561077206	0.001093372231	
5.971770885		0.01552309489	0.001087519067	
5.986908454		0.01543757859	0.001081815725	
6.002046023		0.01535420682	0.001076261137	
6.017183592		0.01527296354	0.001070854262	
6.032321161		0.01519383303	0.001065594081	
6.047458729		0.01511679978	0.001060479592	
6.062596298		0.01504184849	0.0010555098	
6.077733867		0.01496896392	0.001050683715	
6.092871436		0.01489813089	0.001046000336	
6.108009005		0.01482933418	0.001041458654	
6.123146573		0.01476255847	0.001037057635	
6.138284142		0.01469778827	0.001032796223	
6.153421711		0.01463500793	0.001028673332	
6.16855928		0.01457420156	0.001024687846	
6.183696848		0.01451535307	0.001020838619	
6.198834417		0.01445844616	0.001017124473	
6.213971986		0.01440346435	0.001013544205	
6.229109555		0.01435039102	0.001010096589	
6.244247124		0.01429920943	0.00100678038	
6.259384692		0.01424990282	0.001003594321	
6.274522261		0.01420245444	0.001000537147	
6.28965983		0.0141568476	0.0009976075898	
6.304797399		0.01411306573	0.000994804383	
6.319934967		0.01407109242	0.0009921262651	
6.335072536		0.01403091144	0.0009895719828	
6.350210105		0.01399250681	0.0009871402917	
6.365347674		0.01395586276	0.0009848299578	
6.380485243		0.01392096377	0.0009826397566	
6.395622811		0.01388779455	0.0009805684724	
6.41076038		0.01385634003	0.0009786148962	
6.425897949		0.01382658534	0.0009767778233	
6.441035518		0.01379851579	0.0009750560508	
6.456173087		0.01377211683	0.0009734483749	
6.471310655		0.01374737405	0.0009719535877	
6.486448224		0.01372427311	0.0009705704746	
6.501585793		0.01370279972	0.0009692978122	
6.516723362		0.01368293967	0.0009681343657	
6.53186093		0.01366467871	0.0009670788874	
6.546998499		0.01364800264	0.0009661301154	
6.562136068		0.01363289721	0.0009652867727	
6.577273637		0.01361934816	0.0009645475666	
6.592411206		0.01360734121	0.0009639111886	
6.607548774		0.01359686202	0.0009633763143	
6.622686343		0.01358789625	0.0009629416044	
6.637823912		0.01358042953	0.0009626057048	
6.652961481		0.01357444747	0.0009623672473	
6.66809905		0.01356993568	0.0009622248507	
6.683236618		0.01356687976	0.0009621771215	
6.698374187		0.01356526533	0.0009622226547	
6.713511756		0.01356507803	0.0009623600348	
6.728649325		0.01356630354	0.0009625878358	
6.743786893		0.01356892756	0.0009629046226	
6.758924462		0.01357293584	0.0009633089509	
6.774062031		0.01357831419	0.0009637993679	
6.7891996		0.01358504848	0.0009643744119	
6.804337169		0.01359312462	0.0009650326132	
6.819474737		0.01360252859	0.0009657724932	
6.834612306		0.01361324645	0.0009665925649	
6.849749875		0.0136252643	0.0009674913324	
6.864887444		0.0136385683	0.0009684672905	
6.880025013		0.01365314467	0.0009695189244	
6.895162581		0.0136689797	0.0009706447094	
6.91030015		0.01368605972	0.0009718431105	
6.925437719		0.01370437109	0.0009731125817	
6.940575288		0.01372390025	0.0009744515655	
6.955712856		0.01374463363	0.000975858493	
6.970850425		0.01376655775	0.000977331783	
6.985987994		0.01378965911	0.0009788698416	
7.001125563		0.01381392427	0.0009804710621	
7.016263132		0.01383933979	0.0009821338246	
7.0314007		0.01386589226	0.0009838564957	
7.046538269		0.01389356828	0.0009856374282	
7.061675838		0.01392235446	0.000987474961	
7.076813407		0.01395223741	0.000989367419	
7.091950975		0.01398320378	0.000991313113	
7.107088544		0.01401524019	0.0009933103393	
7.122226113		0.01404833327	0.0009953573803	
7.137363682		0.01408246966	0.000997452504	
7.152501251		0.01411763599	0.0009995939644	
7.167638819		0.0141538189	0.001001780001	
7.182776388		0.014191005	0.00100400884	
7.197913957		0.01422918092	0.001006278693	
7.213051526		0.01426833328	0.001008587759	
7.228189095		0.0143084487	0.001010934223	
7.243326663		0.01434951376	0.001013316255	
7.258464232		0.01439151508	0.001015732015	
7.273601801		0.01443443923	0.001018179649	
7.28873937		0.01447827279	0.001020657289	
7.303876938		0.01452300233	0.001023163057	
7.319014507		0.0145686144	0.001025695062	
7.334152076		0.01461509555	0.001028251401	
7.349289645		0.01466243229	0.001030830161	
7.364427214		0.01471061115	0.001033429416	
7.379564782		0.01475961861	0.001036047231	
7.394702351		0.01480944115	0.00103868166	
7.40983992		0.01486006525	0.001041330749	
7.424977489		0.01491147733	0.001043992532	
7.440115058		0.01496366381	0.001046665036	
7.455252626		0.0150166111	0.001049346278	
7.470390195		0.01507030556	0.001052034268	
7.485527764		0.01512473353	0.001054727008	
7.500665333		0.01517988135	0.001057422492	
7.515802901		0.01523573528	0.00106011871	
7.53094047		0.01529228161	0.001062813643	
7.546078039		0.01534950654	0.001065505269	
7.561215608		0.01540739628	0.001068191559	
7.576353177		0.01546593697	0.00107087048	
7.591490745		0.01552511475	0.001073539997	
7.606628314		0.01558491568	0.001076198069	
7.621765883		0.0156453258	0.001078842655	
7.636903452		0.01570633111	0.00108147171	
7.652041021		0.01576791756	0.00108408319	
7.667178589		0.01583007104	0.001086675047	
7.682316158		0.01589277741	0.001089245235	
7.697453727		0.01595602246	0.00109179171	
7.712591296		0.01601979194	0.001094312427	
7.727728864		0.01608407155	0.001096805343	
7.742866433		0.0161488469	0.001099268419	
7.758004002		0.01621410357	0.00110169962	
7.773141571		0.01627982706	0.001104096911	
7.78827914		0.0163460028	0.001106458268	
7.803416708		0.01641261617	0.001108781666	
7.818554277		0.01647965247	0.001111065091	
7.833691846		0.0165470969	0.001113306533	
7.848829415		0.01661493462	0.001115503991	
7.863966983		0.01668315068	0.001117655471	
7.879104552		0.01675173006	0.00111975899	
7.894242121		0.01682065765	0.001121812572	
7.90937969		0.01688991824	0.001123814253	
7.924517259		0.01695949653	0.00112576208	
7.939654827		0.01702937713	0.00112765411	
7.954792396		0.01709954454	0.001129488413	
7.969929965		0.01716998313	0.001131263073	
7.985067534		0.0172406772	0.001132976186	
8.000205103		0.0173116109	0.001134625864	
8.015342671		0.01738276828	0.001136210231	
8.03048024		0.01745413326	0.001137727429	
8.045617809		0.01752568962	0.001139175615	
8.060755378		0.01759742101	0.001140552961	
8.075892946		0.01766931095	0.00114185766	
8.091030515		0.0177413428	0.001143087917	
8.106168084		0.01781349978	0.001144241961	
8.121305653		0.01788576494	0.001145318036	
8.136443222		0.0179581212	0.001146314407	
8.15158079		0.01803055127	0.001147229356	
8.166718359		0.01810303771	0.001148061189	
8.181855928		0.01817556291	0.00114880823	
8.196993497		0.01824810904	0.001149468824	
8.212131066		0.0183206581	0.00115004134	
8.227268634		0.0183931919	0.001150524166	
8.242406203		0.01846569202	0.001150915714	
8.257543772		0.01853813986	0.001151214419	
8.272681341		0.01861051656	0.001151418737	
8.287818909		0.01868280307	0.00115152715	
8.302956478		0.01875498009	0.001151538163	
8.318094047		0.01882702809	0.001151450305	
8.333231616		0.0188989273	0.00115126213	
8.348369185		0.01897065767	0.001150972216	
8.363506753		0.01904219892	0.001150579169	
8.378644322		0.01911353051	0.001150081617	
8.393781891		0.01918463159	0.001149478218	
8.40891946		0.01925548108	0.001148767653	
8.424057029		0.01932605758	0.001147948631	
8.439194597		0.01939633942	0.00114701989	
8.454332166		0.01946630465	0.001145980194	
8.469469735		0.01953593099	0.001144828335	
8.484607304		0.01960519588	0.001143563133	
8.499744872		0.01967407645	0.00114218344	
8.514882441		0.01974254952	0.001140688134	
8.53002001		0.0198105916	0.001139076125	
8.545157579		0.01987817889	0.001137346352	
8.560295148		0.01994528727	0.001135497789	
8.575432716		0.02001189232	0.001133529438	
8.590570285		0.02007796929	0.001131440336	
8.605707854		0.02014349316	0.001129229553	
8.620845423		0.02020843856	0.001126896192	
8.635982991		0.02027277986	0.001124439394	
8.65112056		0.02033649112	0.001121858335	
8.666258129		0.02039954613	0.001119152227	
8.681395698		0.02046191841	0.001116320324	
8.696533267		0.02052358123	0.001113361917	
8.711670835		0.02058450759	0.001110276339	
8.726808404		0.0206446703	0.001107062967	
8.741945973		0.02070404197	0.001103721219	
8.757083542		0.02076259501	0.001100250564	
8.772221111		0.02082030168	0.001096650514	
8.787358679		0.02087713414	0.001092920633	
8.802496248		0.02093306444	0.001089060536	
8.817633817		0.02098806457	0.001085069892	
8.832771386		0.02104210652	0.001080948426	
8.847908954		0.0210951623	0.001076695921	
8.863046523		0.02114720398	0.001072312222	
8.878184092		0.02119820377	0.001067797234	
8.893321661		0.02124813403	0.001063150932	
8.90845923		0.02129696739	0.001058373357	
8.923596798		0.02134467675	0.001053464623	
8.938734367		0.02139123535	0.001048424916	
8.953871936		0.02143661688	0.001043254502	
8.969009505		0.02148079553	0.001037953726	
8.984147074		0.02152374602	0.001032523015	
8.999284642		0.02156544375	0.001026962882	
9.014422211		0.02160586484	0.00102127393	
9.02955978		0.02164498618	0.001015456854	
9.044697349		0.02168278558	0.001009512439	
9.059834917		0.02171924178	0.001003441573	
9.074972486		0.02175433461	0.0009972452365	
9.090110055		0.02178804497	0.000990924516	
9.105247624		0.02182035501	0.0009844805986	
9.120385193		0.02185124812	0.0009779147766	
9.135522761		0.02188070907	0.0009712284479	
9.15066033		0.02190872404	0.0009644231171	
9.165797899		0.02193528065	0.000957500396	
9.180935468		0.0219603681	0.0009504620036	
9.196073037		0.02198397713	0.0009433097657	
9.211210605		0.0220061001	0.0009360456138	
9.226348174		0.022026731	0.0009286715837	
9.241485743		0.02204586547	0.0009211898135	
9.256623312		0.02206350078	0.0009136025413	
9.27176088		0.02207963585	0.0009059121013	
9.286898449		0.0220942712	0.000898120921	
9.302036018		0.02210740889	0.0008902315164	
9.317173587		0.02211905252	0.0008822464874	
9.332311156		0.0221292071	0.0008741685126	
9.347448724		0.02213787897	0.000866000344	
9.362586293		0.02214507575	0.0008577448002	
9.377723862		0.02215080613	0.0008494047607	
9.392861431		0.02215507984	0.0008409831587	
9.407998999		0.02215790743	0.0008324829749	
9.423136568		0.02215930015	0.0008239072298	
9.438274137		0.02215926977	0.0008152589774	
9.453411706		0.02215782843	0.0008065412981	
9.468549275		0.02215498844	0.000797757292	
9.483686843		0.02215076212	0.0007889100726	
9.498824412		0.02214516162	0.0007800027607	
9.513961981		0.02213819869	0.0007710384785	
9.52909955		0.0221298846	0.0007620203445	
9.544237119		0.02212022984	0.0007529514692	
9.559374687		0.02210924409	0.0007438349503	
9.574512256		0.02209693595	0.0007346738703	
9.589649825		0.02208331288	0.0007254712928	
9.604787394		0.02206838103	0.0007162302613	
9.619924962		0.02205214513	0.0007069537976	
9.635062531		0.02203460839	0.0006976449008	
9.6502001		0.02201577244	0.0006883065478	
9.665337669		0.02199563722	0.0006789416934	
9.680475238		0.02197420098	0.0006695532716	
9.695612806		0.02195146018	0.0006601441971	
9.710750375		0.02192740954	0.0006507173673	
9.725887944		0.02190204199	0.000641275665	
9.741025513		0.02187534872	0.0006318219607	
9.756163082		0.02184731915	0.0006223591157	
9.77130065		0.02181794106	0.0006128899851	
9.786438219		0.02178720052	0.0006034174204	
9.801575788		0.02175508204	0.0005939442725	
9.816713357		0.02172156856	0.0005844733939	
9.831850925		0.02168664148	0.0005750076403	
9.846988494		0.02165028068	0.0005655498708	
9.862126063		0.02161246436	0.0005561029451	
9.877263632		0.0215731687	0.000546669715	
9.892401201		0.02153236712	0.0005372530069	
9.907538769		0.02149002866	0.0005278555834	
9.922676338		0.02144611485	0.0005184800735	
9.937813907		0.02140057452	0.0005091288597	
9.952951476		0.02135333774	0.0004998039561	
9.968089045		0.02130431793	0.0004905070891	
9.983226613		0.02125344656	0.0004812405086	
9.998364182		0.02120075141	0.0004720086923	
10.01350175		0.02114638446	0.0004628187671	
10.02863932		0.02109048816	0.0004536773967	
10.04377689		0.02103306556	0.000444588053	
10.05891446		0.02097402201	0.0004355521374	
10.07405203		0.02091325455	0.0004265709833	
10.08918959		0.02085068633	0.0004176465511	
10.10432716		0.02078626405	0.0004087813252	
10.11946473		0.02071994865	0.0003999780845	
10.1346023		0.02065170863	0.0003912397442	
10.14973987		0.02058151652	0.0003825692705	
10.16487744		0.02050934709	0.0003739696359	
10.18001501		0.02043517669	0.0003654437969	
10.19515258		0.02035898285	0.0003569946798	
10.21029015		0.02028074423	0.0003486251717	
10.22542771		0.02020044061	0.0003403381129	
10.24056528		0.02011805289	0.0003321362908	
10.25570285		0.02003356319	0.0003240224336	
10.27084042		0.01994695486	0.0003159992046	
10.28597799		0.0198582126	0.0003080691959	
10.30111556		0.01976732246	0.0003002349234	
10.31625313		0.01967427191	0.0002924988208	
10.3313907		0.01957904992	0.0002848632342	
10.34652826		0.01948164696	0.000277330417	
10.36166583		0.01938205514	0.0002699025251	
10.3768034		0.01928026815	0.0002625816122	
10.39194097		0.01917628143	0.0002553696254	
10.40707854		0.01907009214	0.0002482684011	
10.42221611		0.01896169923	0.0002412796614	
10.43735368		0.01885110347	0.0002344050104	
10.45249125		0.01873830753	0.000227645931	
10.46762881		0.01862331598	0.0002210037825	
10.48276638		0.01850613533	0.0002144797978	
10.49790395		0.01838677413	0.0002080750818	
10.51304152		0.01826524296	0.0002017906098	
10.52817909		0.01814155447	0.0001956272268	
10.54331666		0.01801572342	0.0001895856464	
10.55845423		0.01788776673	0.000183666451	
10.5735918		0.01775770348	0.0001778700914	
10.58872936		0.01762555498	0.000172196887	
10.60386693		0.01749134478	0.0001666470268	
10.6190045		0.01735509872	0.0001612205703	
10.63414207		0.01721684494	0.00015591745	
10.64927964		0.01707661387	0.0001507374731	
10.66441721		0.01693443829	0.0001456803251	
10.67955478		0.01679035333	0.0001407455722	
10.69469235		0.01664439651	0.0001359326634	
10.70982991		0.01649660778	0.0001312409332	
10.72496748		0.01634702956	0.0001266696041	
10.74010505		0.01619570674	0.0001222177903	
10.75524262		0.01604268662	0.0001178845032	
10.77038019		0.01588801894	0.0001136686571	
10.78551776		0.01573175578	0.000109569075	
10.80065533		0.01557395165	0.000105584493	
10.8157929		0.01541466355	0.0001017135626	
10.83093047		0.01525395109	9.795485273e-05	
10.84606803		0.01509187649	9.430685254e-05	
10.8612056		0.01492850458	9.076797725e-05	
10.87634317		0.01476390258	8.733657672e-05	
10.89148074		0.01459813994	8.401094505e-05	
10.90661831		0.01443128821	8.078932799e-05	
10.92175588		0.01426342123	7.766992615e-05	
10.93689345		0.01409461534	7.465089416e-05	
10.95203102		0.01392494973	7.173033907e-05	
10.96716858		0.01375450651	6.890632222e-05	
10.98230615		0.01358337046	6.617686717e-05	
10.99744372		0.01341162846	6.353997251e-05	
11.01258129		0.01323936893	6.0993625e-05	
11.02771886		0.01306668163	5.853580707e-05	
11.04285643		0.01289365808	5.616449601e-05	
11.057994		0.01272039236	5.387765664e-05	
11.07313157		0.01254698194	5.16732343e-05	
11.08826913		0.01237352789	4.954915501e-05	
11.1034067		0.01220013407	4.750333635e-05	
11.11854427		0.01202690571	4.553370551e-05	
11.13368184		0.01185394798	4.363821631e-05	
11.14881941		0.01168136565	4.181485626e-05	
11.16395698		0.01150926418	4.006164006e-05	
11.17909455		0.01133775183	3.837659397e-05	
11.19423212		0.01116694159	3.675774158e-05	
11.20936968		0.01099695159	3.520310157e-05	
11.22450725		0.01082790326	3.371070179e-05	
11.23964482		0.010659918	3.227860372e-05	
11.25478239		0.01049311415	3.090492464e-05	
11.26991996		0.01032760633	2.958784454e-05	
11.28505753		0.01016350791	2.832559324e-05	
11.3001951		0.01000093564	2.711642478e-05	
11.31533267		0.009840013717	2.595859469e-05	
11.33047024		0.009680874468	2.485035514e-05	
11.3456078		0.009523654659	2.378997291e-05	
11.36074537		0.009368488867	2.277576136e-05	
11.37588294		0.009215503665	2.180610833e-05	
11.39102051		0.00906481639	2.087948311e-05	
11.40615808		0.008916539909	1.999441728e-05	
11.42129565		0.008770791191	1.914947013e-05	
11.43643322		0.008627698794	1.834319883e-05	
11.45157079		0.008487404325	1.757415148e-05	
11.46670835		0.008350056081	1.684088829e-05	
11.48184592		0.008215797695	1.614201903e-05	
11.49698349		0.008084758128	1.547623518e-05	
11.51212106		0.007957049249	1.484231734e-05	
11.52725863		0.007832773272	1.423911308e-05	
11.5423962		0.007712036514	1.36654974e-05	
11.55753377		0.007594961729	1.312033816e-05	
11.57267134		0.007481691326	1.260248627e-05	
11.5878089		0.007372378495	1.211079623e-05	
11.60294647		0.007267170298	1.164416511e-05	
11.61808404		0.007166192031	1.120156733e-05	
11.63322161		0.007069542163	1.078206501e-05	
11.64835918		0.006977301559	1.038478774e-05	
11.66349675		0.006889552566	1.000889334e-05	
11.67863432		0.006806397535	9.653531098e-06	
11.69377189		0.006727965912	9.317827669e-06	
11.70890945		0.006654404803	9.000902939e-06	
11.72404702		0.006585857207	8.701906237e-06	
11.73918459		0.006522439639	8.420051947e-06	
11.75432216		0.006464231846	8.154634313e-06	
11.76945973		0.006411284912	7.905013609e-06	
11.7845973		0.006363644013	7.670581714e-06	
11.79973487		0.006321373874	7.450725736e-06	
11.81487244		0.006284572877	7.244808701e-06	
11.83001001		0.006253367127	7.052176874e-06	
11.84514757		0.006227886497	6.872188729e-06	
11.86028514		0.006208235024	6.704248766e-06	
11.87542271		0.006194471591	6.547827235e-06	
11.89056028		0.006186611167	6.402455147e-06	
11.90569785		0.006184645354	6.267696989e-06	
11.92083542		0.006188569667	6.143113577e-06	
11.93597299		0.006198399082	6.028230118e-06	
11.95111056		0.006214156818	5.922520426e-06	
11.96624812		0.006235839992	5.825415412e-06	
11.98138569		0.006263406717	5.736356751e-06	
11.99652326		0.006296857976	5.654924182e-06	
12.01166083		0.006336360809	5.58095123e-06	
12.0267984		0.006382169087	5.514409924e-06	
12.04193597		0.00643440128	5.455156483e-06	
12.05707354		0.006493019924	5.402869026e-06	
12.07221111		0.006557963592	5.357141109e-06	
12.08734867		0.006629218971	5.317558416e-06	
12.10248624		0.006706805145	5.283735163e-06	
12.11762381		0.006790726378	5.255334941e-06	
12.13276138		0.006880937401	5.232080305e-06	
12.14789895		0.006977340163	5.213746224e-06	
12.16303652		0.007079810503	5.200138178e-06	
12.17817409		0.007188239343	5.191063474e-06	
12.19331166		0.007302566996	5.186308032e-06	
12.20844922		0.007422791876	5.185629113e-06	
12.22358679		0.007548946674	5.188767511e-06	
12.23872436		0.007681052626	5.195472787e-06	
12.25386193		0.007819075851	5.205527859e-06	
12.2689995		0.007962909038	5.218759827e-06	
12.28413707		0.008112387308	5.235032128e-06	
12.29927464		0.008267329701	5.254222799e-06	
12.31441221		0.008427586705	5.276199502e-06	
12.32954977		0.008593071541	5.300802849e-06	
12.34468734		0.008763758707	5.327846054e-06	
12.35982491		0.008939648052	5.357131484e-06	
12.37496248		0.009120711867	5.388475627e-06	
12.39010005		0.009306853491	5.421728939e-06	
12.40523762		0.009497899215	5.456780312e-06	
12.42037519		0.009693625736	5.493545082e-06	
12.43551276		0.009893808179	5.531943702e-06	
12.45065033		0.01009826677	5.571881166e-06	
12.46578789		0.01030689139	5.613236134e-06	
12.48092546		0.01051963106	5.655864835e-06	
12.49606303		0.01073645106	5.699618215e-06	
12.5112006		0.01095727934	5.744363499e-06	
12.52633817		0.01118197163	5.789998364e-06	
12.54147574		0.01141031299	5.836450757e-06	
12.55661331		0.01164205148	5.883666134e-06	
12.57175088		0.0118769455	5.931589601e-06	
12.58688844		0.01211480445	5.98015086e-06	
12.60202601		0.0123555065	6.029257802e-06	
12.61716358		0.01259898402	6.078801599e-06	
12.63230115		0.01284518124	6.128671418e-06	
12.64743872		0.01309400527	6.178771341e-06	
12.66257629		0.0133452978	6.229030263e-06	
12.67771386		0.01359884106	6.279400135e-06	
12.69285143		0.01385439082	6.329845105e-06	
12.70798899		0.01411171782	6.380327937e-06	
12.72312656		0.01437064118	6.430799321e-06	
12.73826413		0.01463104188	6.481193675e-06	
12.7534017		0.01489284972	6.531433275e-06	
12.76853927		0.01515600673	6.581439432e-06	
12.78367684		0.01542042487	6.631145374e-06	
12.79881441		0.01568596112	6.680503857e-06	
12.81395198		0.01595242219	6.729485925e-06	
12.82908954		0.01621959194	6.778072866e-06	
12.84422711		0.01648726511	6.826246292e-06	
12.85936468		0.01675527444	6.873980306e-06	
12.87450225		0.01702350357	6.921237841e-06	
12.88963982		0.01729188114	6.96797227e-06	
12.90477739		0.01756035614	7.014134062e-06	
12.91991496		0.01782886483	7.05967968e-06	
12.93505253		0.01809730693	7.104578045e-06	
12.9501901		0.0183655433	7.148811332e-06	
12.96532766		0.01863341302	7.192370548e-06	
12.98046523		0.01890075787	7.23524907e-06	
12.9956028		0.01916744355	7.277437028e-06	
13.01074037		0.01943337243	7.318917908e-06	
13.02587794		0.01969848483	7.359668093e-06	
13.04101551		0.01996274635	7.399659833e-06	
13.05615308		0.02022612456	7.438866832e-06	
13.07129065		0.02048856644	7.477269774e-06	
13.08642821		0.02074998857	7.514858842e-06	
13.10156578		0.02101028368	7.551632293e-06	
13.11670335		0.02126933658	7.587592645e-06	
13.13184092		0.02152704026	7.622742739e-06	
13.14697849		0.02178330801	7.65708274e-06	
13.16211606		0.02203808081	7.690608318e-06	
13.17725363		0.02229132752	7.723310416e-06	
13.1923912		0.02254303543	7.755177187e-06	
13.20752876		0.0227931936	7.786197588e-06	
13.22266633		0.02304177723	7.816364868e-06	
13.2378039		0.02328874122	7.845678123e-06	
13.25294147		0.02353402369	7.874141604e-06	
13.26807904		0.02377755393	7.901762947e-06	
13.28321661		0.02401926007	7.928551422e-06	
13.29835418		0.02425907616	7.954516353e-06	
13.31349175		0.02449694911	7.979665561e-06	
13.32862931		0.02473284302	8.004004313e-06	
13.34376688		0.02496673778	8.027535434e-06	
13.35890445		0.02519862231	8.050260578e-06	
13.37404202		0.02542848681	8.072181819e-06	
13.38917959		0.02565631813	8.093302646e-06	
13.40431716		0.02588209897	8.113628147e-06	
13.41945473		0.02610580873	8.133164829e-06	
13.4345923		0.02632742461	8.15192035e-06	
13.44972986		0.02654692327	8.169903174e-06	
13.46486743		0.02676428333	8.187122043e-06	
13.480005		0.02697948769	8.203585459e-06	
13.49514257		0.02719252475	8.21930138e-06	
13.51028014		0.02740338814	8.234277196e-06	
13.52541771		0.02761207565	8.248519885e-06	
13.54055528		0.02781858797	8.262036231e-06	
13.55569285		0.02802292762	8.274833001e-06	
13.57083042		0.0282250982	8.286917077e-06	
13.58596798		0.02842510393	8.298295522e-06	
13.60110555		0.02862294942	8.30897561e-06	
13.61624312		0.0288186396	8.318964829e-06	
13.63138069		0.02901217963	8.328270867e-06	
13.64651826		0.02920357495	8.336901588e-06	
13.66165583		0.02939283132	8.344865017e-06	
13.6767934		0.02957995481	8.352169306e-06	
13.69193097		0.02976495182	8.358822722e-06	
13.70706853		0.02994782916	8.364833618e-06	
13.7222061		0.03012859401	8.370210421e-06	
13.73734367		0.03030725395	8.374961611e-06	
13.75248124		0.03048381694	8.37909571e-06	
13.76761881		0.03065829137	8.382621265e-06	
13.78275638		0.03083068598	8.38554684e-06	
13.79789395		0.03100100994	8.387881005e-06	
13.81303152		0.03116927277	8.389632326e-06	
13.82816908		0.03133548435	8.390809358e-06	
13.84330665		0.03149965494	8.391420636e-06	
13.85844422		0.03166179512	8.391474671e-06	
13.87358179		0.03182191581	8.390979943e-06	
13.88871936		0.03198002822	8.389944898e-06	
13.90385693		0.0321361439	8.388377938e-06	
13.9189945		0.03229027465	8.386287425e-06	
13.93413207		0.03244243257	8.38368167e-06	
13.94926963		0.03259263	8.380568935e-06	
13.9644072		0.03274087954	8.376957427e-06	
13.97954477		0.03288719402	8.372855297e-06	
13.99468234		0.0330315865	8.368270636e-06	
14.00981991		0.03317407024	8.363211478e-06	
14.02495748		0.03331465871	8.357685792e-06	
14.04009505		0.03345336555	8.351701483e-06	
14.05523262		0.03359020461	8.345266392e-06	
14.07037019		0.03372518989	8.338388294e-06	
14.08550775		0.03385833554	8.331074896e-06	
14.10064532		0.03398965588	8.323333837e-06	
14.11578289		0.03411916534	8.315172688e-06	
14.13092046		0.03424687853	8.306598951e-06	
14.14605803		0.03437281013	8.297620057e-06	
14.1611956		0.03449697498	8.288243367e-06	
14.17633317		0.03461938801	8.278476173e-06	
14.19147074		0.03474006424	8.268325696e-06	
14.2066083		0.03485901881	8.257799085e-06	
14.22174587		0.03497626694	8.246903421e-06	
14.23688344		0.03509182392	8.235645712e-06	
14.25202101		0.03520570512	8.224032896e-06	
14.26715858		0.03531792601	8.212071841e-06	
14.28229615		0.03542850208	8.199769345e-06	
14.29743372		0.03553744891	8.187132135e-06	
14.31257129		0.03564478213	8.174166869e-06	
14.32770885		0.03575051742	8.160880135e-06	
14.34284642		0.0358546705	8.147278451e-06	
14.35798399		0.03595725714	8.133368269e-06	
14.37312156		0.03605829314	8.119155968e-06	
14.38825913		0.03615779433	8.104647863e-06	
14.4033967		0.03625577658	8.089850198e-06	
14.41853427		0.03635225577	8.074769151e-06	
14.43367184		0.03644724783	8.059410833e-06	
14.4488094		0.03654076867	8.043781288e-06	
14.46394697		0.03663283425	8.027886494e-06	
14.47908454		0.03672346051	8.011732362e-06	
14.49422211		0.03681266341	7.995324739e-06	
14.50935968		0.03690045893	7.978669407e-06	
14.52449725		0.03698686302	7.961772082e-06	
14.53963482		0.03707189166	7.944638418e-06	
14.55477239		0.0371555608	7.927274002e-06	
14.56990995		0.03723788641	7.909684362e-06	
14.58504752		0.03731888441	7.89187496e-06	
14.60018509		0.03739857074	7.873851196e-06	
14.61532266		0.03747696131	7.855618408e-06	
14.63046023		0.03755407202	7.837181875e-06	
14.6455978		0.03762991874	7.81854681e-06	
14.66073537		0.03770451732	7.799718369e-06	
14.67587294		0.03777788358	7.780701646e-06	
14.69101051		0.03785003332	7.761501677e-06	
14.70614807		0.0379209823	7.742123434e-06	
14.72128564		0.03799074625	7.722571834e-06	
14.73642321		0.03805934086	7.702851735e-06	
14.75156078		0.0381267818	7.682967933e-06	
14.76669835		0.03819308468	7.662925169e-06	
14.78183592		0.03825826507	7.642728126e-06	
14.79697349		0.03832233849	7.622381429e-06	
14.81211106		0.03838532044	7.601889646e-06	
14.82724862		0.03844722633	7.581257288e-06	
14.84238619		0.03850807155	7.56048881e-06	
14.85752376		0.03856787143	7.539588611e-06	
14.87266133		0.03862664123	7.518561034e-06	
14.8877989		0.03868439616	7.497410367e-06	
14.90293647		0.03874115137	7.476140842e-06	
14.91807404		0.03879692194	7.454756635e-06	
14.93321161		0.03885172289	7.43326187e-06	
14.94834917		0.03890556917	7.411660613e-06	
14.96348674		0.03895847566	7.389956878e-06	
14.97862431		0.03901045714	7.368154624e-06	
14.99376188		0.03906152835	7.346257755e-06	
15.00889945		0.03911170393	7.324270122e-06	
15.02403702		0.03916099843	7.30219552e-06	
15.03917459		0.03920942633	7.280037694e-06	
15.05431216		0.039257002	7.257800332e-06	
15.06944972		0.03930373973	7.235487068e-06	
15.08458729		0.03934965372	7.213101485e-06	
15.09972486		0.03939475806	7.190647112e-06	
15.11486243		0.03943906673	7.168127422e-06	
15.13		0.03948259362	7.145545837e-06	
