-15.13		0.9658903698	0.0001444630628	
-15.11486243		0.9659988064	0.0001456586677	
-15.09972486		0.9661072584	0.0001468683575	
-15.08458729		0.9662157171	0.0001480921374	
-15.06944972		0.9663241751	0.0001493300055	
-15.05431216		0.9664326259	0.0001505819532	
-15.03917459		0.9665410638	0.0001518479651	
-15.02403702		0.9666494845	0.0001531280193	
-15.00889945		0.9667578842	0.0001544220874	
-14.99376188		0.9668662604	0.0001557301352	
-14.97862431		0.9669746117	0.0001570521223	
-14.96348674		0.9670829376	0.0001583880031	
-14.94834917		0.9671912384	0.0001597377263	
-14.93321161		0.9672995157	0.000161101236	
-14.91807404		0.9674077719	0.0001624784714	
-14.90293647		0.9675160104	0.0001638693677	
-14.8877989		0.9676242355	0.000165273856	
-14.87266133		0.9677324524	0.0001666918641	
-14.85752376		0.9678406673	0.0001681233164	
-14.84238619		0.9679488871	0.0001695681349	
-14.82724862		0.9680571197	0.0001710262394	
-14.81211106		0.9681653735	0.0001724975475	
-14.79697349		0.968273658	0.0001739819758	
-14.78183592		0.9683819831	0.0001754794398	
-14.76669835		0.9684903597	0.0001769898545	
-14.75156078		0.968598799	0.0001785131347	
-14.73642321		0.9687073129	0.0001800491958	
-14.72128564		0.968815914	0.0001815979539	
-14.70614807		0.9689246153	0.0001831593263	
-14.69101051		0.9690334302	0.0001847332317	
-14.67587294		0.9691423726	0.0001863195914	
-14.66073537		0.9692514567	0.0001879183284	
-14.6455978		0.969360697	0.0001895293692	
-14.63046023		0.9694701084	0.0001911526428	
-14.61532266		0.969579706	0.0001927880823	
-14.60018509		0.969689505	0.0001944356242	
-14.58504752		0.9697995208	0.0001960952093	
-14.56990995		0.9699097689	0.0001977667829	
-14.55477239		0.970020265	0.000199450295	
-14.53963482		0.9701310246	0.0002011457004	
-14.52449725		0.9702420633	0.0002028529592	
-14.50935968		0.9703533967	0.000204572037	
-14.49422211		0.9704650403	0.0002063029048	
-14.47908454		0.9705770094	0.0002080455396	
-14.46394697		0.9706893192	0.0002097999241	
-14.4488094		0.9708019848	0.0002115660471	
-14.43367184		0.9709150209	0.0002133439037	
-14.41853427		0.9710284422	0.0002151334951	
-14.4033967		0.971142263	0.0002169348288	
-14.38825913		0.9712564973	0.0002187479187	
-14.37312156		0.9713711588	0.0002205727851	
-14.35798399		0.971486261	0.0002224094549	
-14.34284642		0.9716018169	0.0002242579611	
-14.32770885		0.9717178393	0.0002261183434	
-14.31257129		0.9718343405	0.0002279906477	
-14.29743372		0.9719513323	0.0002298749263	
-14.28229615		0.9720688264	0.000231771238	
-14.26715858		0.9721868339	0.0002336796476	
-14.25202101		0.9723053655	0.0002356002262	
-14.23688344		0.9724244313	0.000237533051	
-14.22174587		0.9725440413	0.0002394782053	
-14.2066083		0.9726642049	0.0002414357781	
-14.19147074		0.9727849309	0.0002434058644	
-14.17633317		0.9729062279	0.0002453885649	
-14.1611956		0.9730281038	0.0002473839861	
-14.14605803		0.9731505663	0.0002493922396	
-14.13092046		0.9732736223	0.0002514134428	
-14.11578289		0.9733972786	0.0002534477181	
-14.10064532		0.9735215412	0.0002554951934	
-14.08550775		0.9736464156	0.0002575560012	
-14.07037019		0.9737719069	0.0002596302794	
-14.05523262		0.9738980191	0.0002617181701	
-14.04009505		0.9740247553	0.0002638198204	
-14.02495748		0.9741521177	0.0002659353818	
-14.00981991		0.9742801086	0.0002680650104	
-13.99468234		0.9744087326	0.0002702088675	
-13.97954477		0.9745379966	0.0002723671194	
-13.9644072		0.974667906	0.0002745399367	
-13.94926963		0.9747984633	0.0002767274933	
-13.93413207		0.9749296687	0.0002789299667	
-13.9189945		0.9750615218	0.0002811475384	
-13.90385693		0.9751940223	0.0002833803941	
-13.88871936		0.9753271699	0.0002856287234	
-13.87358179		0.9754609641	0.00028789272	
-13.85844422		0.9755954043	0.0002901725814	
-13.84330665		0.9757304894	0.000292468509	
-13.82816908		0.975866218	0.0002947807081	
-13.81303152		0.9760025885	0.0002971093878	
-13.79789395		0.9761395988	0.0002994547609	
-13.78275638		0.9762772466	0.0003018170443	
-13.76761881		0.9764155291	0.0003041964584	
-13.75248124		0.9765544434	0.0003065932279	
-13.73734367		0.976693986	0.0003090075812	
-13.7222061		0.9768341533	0.0003114397506	
-13.70706853		0.9769749413	0.0003138899727	
-13.69193097		0.9771163458	0.0003163584882	
-13.6767934		0.9772583622	0.0003188455417	
-13.66165583		0.9774009856	0.0003213513826	
-13.64651826		0.9775442109	0.0003238762644	
-13.63138069		0.9776880326	0.0003264204453	
-13.61624312		0.9778324452	0.000328984188	
-13.60110555		0.9779774427	0.0003315677604	
-13.58596798		0.9781230188	0.0003341714349	
-13.57083042		0.9782691672	0.0003367954896	
-13.55569285		0.9784158812	0.0003394402076	
-13.54055528		0.978563154	0.0003421058777	
-13.52541771		0.9787109784	0.0003447927945	
-13.51028014		0.9788593471	0.0003475012585	
-13.49514257		0.9790082526	0.0003502315767	
-13.480005		0.9791576872	0.0003529840622	
-13.46486743		0.979307643	0.0003557590355	
-13.44972986		0.9794581119	0.0003585568235	
-13.4345923		0.9796090858	0.0003613777612	
-13.41945473		0.9797605562	0.0003642221907	
-13.40431716		0.9799125146	0.0003670904628	
-13.38917959		0.9800649524	0.0003699829363	
-13.37404202		0.9802178607	0.0003728999792	
-13.35890445		0.9803712308	0.0003758419686	
-13.34376688		0.9805250537	0.0003788092915	
-13.32862931		0.9806793203	0.0003818023451	
-13.31349175		0.9808340215	0.0003848215374	
-13.29835418		0.9809891482	0.0003878672876	
-13.28321661		0.9811446912	0.0003909400272	
-13.26807904		0.9813006413	0.0003940402	
-13.25294147		0.9814569893	0.0003971682634	
-13.2378039		0.981613726	0.0004003246888	
-13.22266633		0.9817708422	0.0004035099628	
-13.20752876		0.981928329	0.000406724588	
-13.1923912		0.9820861771	0.0004099690842	
-13.17725363		0.9822443778	0.0004132439897	
-13.16211606		0.9824029221	0.0004165498628	
-13.14697849		0.9825618013	0.0004198872834	
-13.13184092		0.9827210068	0.0004232568552	
-13.11670335		0.9828805301	0.0004266592079	
-13.10156578		0.983040363	0.000430095	
-13.08642821		0.9832004973	0.0004335649225	
-13.07129065		0.9833609252	0.0004370697022	
-13.05615308		0.9835216389	0.000440610107	
-13.04101551		0.983682631	0.0004441869502	
-13.02587794		0.9838438944	0.0004478010965	
-13.01074037		0.9840054222	0.0004514534656	
-12.9956028		0.9841672078	0.0004551450336	
-12.98046523		0.9843292445	0.000458876827	
-12.96532766		0.9844915257	0.0004626499018	
-12.9501901		0.9846540439	0.000466465299	
-12.93505253		0.9848167897	0.0004703239675	
-12.91991496		0.9849797511	0.0004742266654	
-12.90477739		0.985142912	0.0004781738906	
-12.88963982		0.9853062533	0.0004821659517	
-12.87450225		0.985469756	0.0004862032749	
-12.85936468		0.9856334064	0.0004902868535	
-12.84422711		0.9857971992	0.0004944185087	
-12.82908954		0.9859611349	0.0004986006699	
-12.81395198		0.9861252133	0.0005028357646	
-12.79881441		0.9862894265	0.0005071255582	
-12.78367684		0.9864537536	0.0005114707066	
-12.76853927		0.9866181603	0.0005158706561	
-12.7534017		0.9867826019	0.0005203240204	
-12.73826413		0.9869470328	0.0005248295113	
-12.72312656		0.9871114183	0.0005293872046	
-12.70798899		0.9872757442	0.0005339994689	
-12.69285143		0.9874400151	0.0005386707895	
-12.67771386		0.9876042422	0.0005434063997	
-12.66257629		0.987768426	0.0005482105034	
-12.64743872		0.9879325456	0.0005530850086	
-12.63230115		0.9880965553	0.0005580292433	
-12.61716358		0.9882603918	0.0005630407259	
-12.60202601		0.9884239873	0.000568116795	
-12.58688844		0.988587286	0.0005732565626	
-12.57175088		0.988750256	0.0005784623443	
-12.55661331		0.9889128901	0.0005837397234	
-12.54147574		0.9890751932	0.0005890960257	
-12.52633817		0.9892371642	0.0005945379655	
-12.5112006		0.9893987803	0.0006000696524	
-12.49606303		0.989559991	0.0006056917425	
-12.48092546		0.9897207219	0.0006114019639	
-12.46578789		0.9898808883	0.000617196863	
-12.45065033		0.9900404115	0.0006230742183	
-12.43551276		0.9901992337	0.0006290351887	
-12.42037519		0.9903573235	0.0006350851346	
-12.40523762		0.9905146676	0.0006412325054	
-12.39010005		0.9906712532	0.0006474862441	
-12.37496248		0.9908270496	0.0006538530149	
-12.35982491		0.9909819983	0.0006603354917	
-12.34468734		0.9911360131	0.0006669323621	
-12.32954977		0.9912889912	0.0006736400844	
-12.31441221		0.9914408289	0.0006804558026	
-12.29927464		0.991591437	0.0006873802869	
-12.28413707		0.9917407481	0.0006944195339	
-12.2689995		0.9918887107	0.0007015839954	
-12.25386193		0.9920352763	0.0007088855532	
-12.23872436		0.9921803893	0.000716333702	
-12.22358679		0.9923239925	0.0007239328342	
-12.20844922		0.9924660448	0.0007316818752	
-12.19331166		0.9926065267	0.000739576431	
-12.17817409		0.9927454201	0.0007476125643	
-12.16303652		0.9928826819	0.0007557906848	
-12.14789895		0.9930182438	0.000764117846	
-12.13276138		0.9931520302	0.0007726070813	
-12.11762381		0.9932839679	0.0007812736954	
-12.10248624		0.9934139788	0.0007901302541	
-12.08734867		0.9935419691	0.0007991828901	
-12.07221111		0.9936678264	0.0008084307754	
-12.05707354		0.9937914288	0.000817868925	
-12.04193597		0.9939126604	0.0008274930351	
-12.0267984		0.9940314276	0.0008373043767	
-12.01166083		0.994147666	0.0008473126379	
-11.99652326		0.9942613359	0.0008575350105	
-11.98138569		0.9943724048	0.0008679914074	
-11.96624812		0.994480827	0.0008786980743	
-11.95111056		0.9945865308	0.0008896630356	
-11.93597299		0.9946894192	0.0009008857092	
-11.92083542		0.9947893819	0.000912360714	
-11.90569785		0.9948863142	0.0009240840607	
-11.89056028		0.9949801325	0.0009360591508	
-11.87542271		0.9950707807	0.0009482998782	
-11.86028514		0.9951582242	0.0009608288052	
-11.84514757		0.9952424324	0.000973670696	
-11.83001001		0.9953233604	0.0009868446841	
-11.81487244		0.9954009387	0.001000359406	
-11.79973487		0.9954750766	0.001014213596	
-11.7845973		0.9955456762	0.001028401644	
-11.76945973		0.9956126493	0.001042921509	
-11.75432216		0.9956759305	0.001057781522	
-11.73918459		0.9957354802	0.001073002697	
-11.72404702		0.995791275	0.001088614681	
-11.70890945		0.9958432908	0.001104646918	
-11.69377189		0.9958914872	0.001121119857	
-11.67863432		0.9959358028	0.001138041113	
-11.66349675		0.9959761612	0.001155408491	
-11.64835918		0.996012486	0.001173218172	
-11.63322161		0.9960447155	0.001191474188	
-11.61808404		0.9960728113	0.001210194675	
-11.60294647		0.9960967562	0.001229411319	
-11.5878089		0.9961165421	0.001249161592	
-11.57267134		0.9961321547	0.001269477768	
-11.55753377		0.9961435635	0.001290378968	
-11.5423962		0.9961507217	0.001311870666	
-11.52725863		0.9961535767	0.001333951719	
-11.51212106		0.9961520833	0.00135662523	
-11.49698349		0.9961462144	0.001379907802	
-11.48184592		0.9961359641	0.001403832256	
-11.46670835		0.9961213405	0.001428441813	
-11.45157079		0.996102353	0.00145377862	
-11.43643322		0.9960790014	0.001479873183	
-11.42129565		0.996051272	0.00150674084	
-11.40615808		0.9960191434	0.001534387089	
-11.39102051		0.9959825971	0.001562818661	
-11.37588294		0.9959416283	0.001592054358	
-11.36074537		0.9958962508	0.001622129779	
-11.3456078		0.9958464936	0.001653093089	
-11.33047024		0.9957923913	0.00168499404	
-11.31533267		0.9957339743	0.001717872657	
-11.3001951		0.9956712637	0.001751754303	
-11.28505753		0.9956042737	0.001786653796	
-11.26991996		0.9955330201	0.00182258591	
-11.25478239		0.9954575285	0.001859576142	
-11.23964482		0.9953778401	0.001897665686	
-11.22450725		0.9952940092	0.001936907852	
-11.20936968		0.9952060971	0.001977358126	
-11.19423212		0.9951141634	0.002019063931	
-11.17909455		0.9950182617	0.002062060236	
-11.16395698		0.9949184411	0.002106373351	
-11.14881941		0.9948147512	0.002152030205	
-11.13368184		0.9947072494	0.002199067369	
-11.11854427		0.9945960043	0.002247534637	
-11.1034067		0.9944810944	0.002297491364	
-11.08826913		0.994362603	0.002348998163	
-11.07313157		0.994240613	0.002402109196	
-11.057994		0.9941152029	0.002456869689	
-11.04285643		0.9939864485	0.002513319729	
-11.02771886		0.9938544265	0.002571501508	
-11.01258129		0.9937192209	0.002631465391	
-10.99744372		0.9935809274	0.00269327132	
-10.98230615		0.9934396515	0.002756985199	
-10.96716858		0.9932954998	0.002822672889	
-10.95203102		0.993148574	0.002890395678	
-10.93689345		0.9929989726	0.002960209761	
-10.92175588		0.9928467937	0.003032169539	
-10.90661831		0.9926921386	0.003106332223	
-10.89148074		0.9925351134	0.003182760793	
-10.87634317		0.9923758288	0.003261523775	
-10.8612056		0.9922143996	0.003342692418	
-10.84606803		0.9920509416	0.003426337321	
-10.83093047		0.9918855713	0.003512526587	
-10.8157929		0.9917184043	0.003601326342	
-10.80065533		0.9915495566	0.003692802877	
-10.78551776		0.9913791449	0.003787024807	
-10.77038019		0.9912072879	0.00388406394	
-10.75524262		0.9910341055	0.003983994554	
-10.74010505		0.9908597186	0.004086891792	
-10.72496748		0.990684248	0.00419283026	
-10.70982991		0.9905078141	0.004301883584	
-10.69469235		0.9903305363	0.004414124905	
-10.67955478		0.9901525338	0.004529627772	
-10.66441721		0.9899739256	0.00464846673	
-10.64927964		0.9897948302	0.004770717286	
-10.63414207		0.9896153661	0.004896455345	
-10.6190045		0.989435651	0.005025756527	
-10.60386693		0.9892558015	0.005158695706	
-10.58872936		0.9890759331	0.0052953469	
-10.5735918		0.9888961601	0.005435783389	
-10.55845423		0.9887165955	0.005580077825	
-10.54331666		0.9885373511	0.005728302184	
-10.52817909		0.9883585372	0.005880527555	
-10.51304152		0.9881802625	0.006036823836	
-10.49790395		0.9880026342	0.006197259461	
-10.48276638		0.9878257577	0.006361901193	
-10.46762881		0.9876497363	0.006530813978	
-10.45249125		0.9874746715	0.006704060806	
-10.43735368		0.9873006628	0.006881702554	
-10.42221611		0.9871278073	0.007063797803	
-10.40707854		0.9869562	0.007250402647	
-10.39194097		0.9867859337	0.00744157051	
-10.3768034		0.9866170988	0.007637351965	
-10.36166583		0.9864497831	0.007837794554	
-10.34652826		0.9862840722	0.0080429426	
-10.3313907		0.9861200489	0.008252837019	
-10.31625313		0.9859577934	0.008467515139	
-10.30111556		0.9857973836	0.008687010534	
-10.28597799		0.9856388944	0.008911352881	
-10.27084042		0.9854823982	0.009140567815	
-10.25570285		0.9853279645	0.009374676792	
-10.24056528		0.9851756602	0.009613696949	
-10.22542771		0.9850255495	0.009857640964	
-10.21029015		0.9848776939	0.01010651693	
-10.19515258		0.9847321519	0.01036032826	
-10.18001501		0.9845889794	0.01061907358	
-10.16487744		0.9844482296	0.01088274665	
-10.14973987		0.9843099529	0.01115133635	
-10.1346023		0.9841741971	0.01142482656	
-10.11946473		0.9840410071	0.01170319621	
-10.10432716		0.9839104252	0.01198641916	
-10.08918959		0.9837824912	0.01227446427	
-10.07405203		0.9836572421	0.01256729536	
-10.05891446		0.9835347124	0.01286487129	
-10.04377689		0.9834149341	0.01316714594	
-10.02863932		0.9832979366	0.01347406835	
-10.01350175		0.9831837469	0.01378558274	
-9.998364182		0.9830723895	0.01410162865	
-9.983226613		0.9829638865	0.01442214101	
-9.968089045		0.982858258	0.01474705029	
-9.952951476		0.9827555213	0.01507628266	
-9.937813907		0.9826556919	0.01540976009	
-9.922676338		0.9825587829	0.01574740059	
-9.907538769		0.9824648054	0.01608911838	
-9.892401201		0.9823737682	0.01643482405	
-9.877263632		0.9822856785	0.0167844248	
-9.862126063		0.9822005412	0.01713782467	
-9.846988494		0.9821183594	0.01749492475	
-9.831850925		0.9820391343	0.01785562344	
-9.816713357		0.9819628656	0.01821981664	
-9.801575788		0.9818895509	0.0185873981	
-9.786438219		0.9818191862	0.01895825956	
-9.77130065		0.9817517662	0.01933229112	
-9.756163082		0.9816872837	0.0197093814	
-9.741025513		0.9816257301	0.0200894179	
-9.725887944		0.9815670954	0.02047228718	
-9.710750375		0.9815113682	0.02085787517	
-9.695612806		0.9814585357	0.02124606741	
-9.680475238		0.9814085839	0.02163674929	
-9.665337669		0.9813614976	0.02202980633	
-9.6502001		0.9813172602	0.02242512442	
-9.635062531		0.9812758544	0.02282259	
-9.619924962		0.9812372614	0.02322209038	
-9.604787394		0.9812014615	0.02362351385	
-9.589649825		0.9811684342	0.02402674999	
-9.574512256		0.9811381579	0.0244316898	
-9.559374687		0.9811106101	0.02483822591	
-9.544237119		0.9810857676	0.02524625276	
-9.52909955		0.9810636062	0.02565566674	
-9.513961981		0.9810441012	0.02606636639	
-9.498824412		0.981027227	0.02647825246	
-9.483686843		0.9810129573	0.02689122811	
-9.468549275		0.9810012655	0.02730519898	
-9.453411706		0.9809921239	0.02772007329	
-9.438274137		0.9809855047	0.02813576193	
-9.423136568		0.9809813793	0.02855217856	
-9.407998999		0.9809797187	0.02896923961	
-9.392861431		0.9809804935	0.02938686438	
-9.377723862		0.9809836738	0.02980497506	
-9.362586293		0.9809892293	0.03022349672	
-9.347448724		0.9809971294	0.03064235738	
-9.332311156		0.9810073433	0.03106148794	
-9.317173587		0.9810198395	0.03148082225	
-9.302036018		0.9810345867	0.031900297	
-9.286898449		0.9810515529	0.03231985176	
-9.27176088		0.9810707064	0.03273942892	
-9.256623312		0.9810920148	0.0331589736	
-9.241485743		0.9811154458	0.03357843366	
-9.226348174		0.9811409668	0.03399775961	
-9.211210605		0.9811685453	0.03441690449	
-9.196073037		0.9811981484	0.0348358239	
-9.180935468		0.9812297433	0.03525447581	
-9.165797899		0.9812632971	0.03567282054	
-9.15066033		0.9812987768	0.03609082065	
-9.135522761		0.9813361492	0.03650844084	
-9.120385193		0.9813753815	0.03692564784	
-9.105247624		0.9814164403	0.03734241037	
-9.090110055		0.9814592927	0.03775869894	
-9.074972486		0.9815039052	0.03817448584	
-9.059834917		0.9815502445	0.03858974494	
-9.044697349		0.9815982764	0.03900445166	
-9.02955978		0.9816479667	0.03941858281	
-9.014422211		0.9816992813	0.03983211649	
-8.999284642		0.981752188	0.04024503214	
-8.984147074		0.9818066576	0.0406573104	
-8.969009505		0.9818626612	0.04106893293	
-8.953871936		0.9819201676	0.04147988219	
-8.938734367		0.9819791436	0.04189014138	
-8.923596798		0.9820395558	0.04229969438	
-8.90845923		0.9821013712	0.04270852569	
-8.893321661		0.9821645575	0.04311662034	
-8.878184092		0.9822290826	0.04352396382	
-8.863046523		0.9822949148	0.04393054196	
-8.847908954		0.9823620226	0.04433634085	
-8.832771386		0.9824303748	0.04474134677	
-8.817633817		0.9824999403	0.0451455461	
-8.802496248		0.9825706882	0.04554892524	
-8.787358679		0.9826425879	0.04595147056	
-8.772221111		0.9827156087	0.04635316833	
-8.757083542		0.9827897204	0.04675400464	
-8.741945973		0.9828648929	0.04715396535	
-8.726808404		0.9829410964	0.04755303605	
-8.711670835		0.9830183009	0.04795120197	
-8.696533267		0.9830964772	0.04834844797	
-8.681395698		0.9831755959	0.04874475848	
-8.666258129		0.9832556279	0.04914011745	
-8.65112056		0.9833365444	0.04953450833	
-8.635982991		0.9834183167	0.04992791403	
-8.620845423		0.9835009165	0.05032031689	
-8.605707854		0.9835843156	0.05071169862	
-8.590570285		0.983668486	0.05110204035	
-8.575432716		0.9837534	0.05149132253	
-8.560295148		0.9838390301	0.05187952498	
-8.545157579		0.9839253492	0.05226662683	
-8.53002001		0.9840123302	0.0526526065	
-8.514882441		0.9840999464	0.05303744177	
-8.499744872		0.9841881712	0.05342110967	
-8.484607304		0.9842769786	0.05380358656	
-8.469469735		0.9843663424	0.05418484809	
-8.454332166		0.9844562371	0.05456486921	
-8.439194597		0.9845466371	0.05494362419	
-8.424057029		0.9846375173	0.05532108661	
-8.40891946		0.9847288529	0.05569722937	
-8.393781891		0.9848206193	0.05607202474	
-8.378644322		0.9849127922	0.05644544432	
-8.363506753		0.9850053477	0.05681745909	
-8.348369185		0.985098262	0.05718803943	
-8.333231616		0.9851915117	0.05755715513	
-8.318094047		0.985285074	0.05792477542	
-8.302956478		0.9853789261	0.05829086901	
-8.287818909		0.9854730456	0.05865540407	
-8.272681341		0.9855674105	0.0590183483	
-8.257543772		0.9856619992	0.05937966897	
-8.242406203		0.9857567905	0.05973933289	
-8.227268634		0.9858517634	0.06009730651	
-8.212131066		0.9859468974	0.06045355591	
-8.196993497		0.9860421724	0.06080804686	
-8.181855928		0.9861375687	0.06116074482	
-8.166718359		0.9862330669	0.06151161502	
-8.15158079		0.9863286483	0.06186062246	
-8.136443222		0.9864242942	0.06220773197	
-8.121305653		0.9865199867	0.06255290823	
-8.106168084		0.9866157081	0.06289611584	
-8.091030515		0.9867114411	0.06323731929	
-8.075892946		0.986807169	0.06357648307	
-8.060755378		0.9869028754	0.06391357169	
-8.045617809		0.9869985442	0.06424854968	
-8.03048024		0.98709416	0.06458138166	
-8.015342671		0.9871897074	0.06491203238	
-8.000205103		0.9872851716	0.06524046674	
-7.985067534		0.9873805383	0.06556664983	
-7.969929965		0.9874757931	0.06589054699	
-7.954792396		0.9875709222	0.06621212379	
-7.939654827		0.9876659122	0.06653134613	
-7.924517259		0.9877607496	0.06684818023	
-7.90937969		0.9878554214	0.06716259265	
-7.894242121		0.9879499146	0.06747455039	
-7.879104552		0.9880442166	0.06778402084	
-7.863966983		0.9881383147	0.06809097186	
-7.848829415		0.9882321964	0.06839537181	
-7.833691846		0.9883258492	0.06869718954	
-7.818554277		0.9884192606	0.06899639446	
-7.803416708		0.9885124181	0.06929295652	
-7.78827914		0.9886053093	0.06958684628	
-7.773141571		0.9886979214	0.06987803492	
-7.758004002		0.9887902417	0.07016649424	
-7.742866433		0.9888822573	0.07045219671	
-7.727728864		0.9889739551	0.07073511545	
-7.712591296		0.9890653217	0.07101522433	
-7.697453727		0.9891563435	0.07129249788	
-7.682316158		0.9892470067	0.0715669114	
-7.667178589		0.989337297	0.07183844092	
-7.652041021		0.9894272	0.07210706322	
-7.636903452		0.9895167009	0.07237275586	
-7.621765883		0.9896057844	0.07263549715	
-7.606628314		0.9896944348	0.07289526622	
-7.591490745		0.9897826363	0.07315204298	
-7.576353177		0.9898703724	0.07340580815	
-7.561215608		0.9899576263	0.07365654326	
-7.546078039		0.9900443807	0.07390423065	
-7.53094047		0.9901306179	0.07414885347	
-7.515802901		0.9902163196	0.07439039567	
-7.500665333		0.9903014674	0.07462884203	
-7.485527764		0.9903860422	0.07486417812	
-7.470390195		0.9904700243	0.07509639032	
-7.455252626		0.9905533938	0.07532546579	
-7.440115058		0.9906361302	0.07555139252	
-7.424977489		0.9907182127	0.07577415926	
-7.40983992		0.9907996199	0.07599375554	
-7.394702351		0.9908803299	0.07621017167	
-7.379564782		0.9909603206	0.0764233987	
-7.364427214		0.9910395693	0.07663342845	
-7.349289645		0.9911180528	0.07684025347	
-7.334152076		0.9911957478	0.07704386703	
-7.319014507		0.9912726304	0.07724426313	
-7.303876938		0.9913486763	0.07744143646	
-7.28873937		0.991423861	0.07763538242	
-7.273601801		0.9914981597	0.07782609707	
-7.258464232		0.9915715471	0.07801357717	
-7.243326663		0.9916439979	0.07819782012	
-7.228189095		0.9917154863	0.07837882398	
-7.213051526		0.9917859865	0.07855658746	
-7.197913957		0.9918554723	0.07873110992	
-7.182776388		0.9919239177	0.07890239134	
-7.167638819		0.9919912962	0.07907043234	
-7.152501251		0.9920575815	0.07923523416	
-7.137363682		0.992122747	0.07939679867	
-7.122226113		0.9921867663	0.07955512835	
-7.107088544		0.9922496129	0.07971022632	
-7.091950975		0.9923112604	0.07986209631	
-7.076813407		0.9923716824	0.08001074269	
-7.061675838		0.9924308527	0.08015617047	
-7.046538269		0.9924887452	0.08029838529	
-7.0314007		0.9925453341	0.08043739346	
-7.016263132		0.9926005937	0.08057320192	
-7.001125563		0.9926544984	0.08070581828	
-6.985987994		0.9927070232	0.08083525084	
-6.970850425		0.992758143	0.08096150854	
-6.955712856		0.9928078333	0.08108460104	
-6.940575288		0.9928560697	0.08120453867	
-6.925437719		0.9929028283	0.08132133244	
-6.91030015		0.9929480854	0.08143499408	
-6.895162581		0.9929918178	0.08154553599	
-6.880025013		0.9930340025	0.08165297127	
-6.864887444		0.9930746169	0.08175731369	
-6.849749875		0.993113639	0.08185857771	
-6.834612306		0.9931510469	0.08195677845	
-6.819474737		0.9931868191	0.08205193164	
-6.804337169		0.9932209346	0.08214405366	
-6.7891996		0.9932533727	0.08223316142	
-6.774062031		0.9932841131	0.08231927239	
-6.758924462		0.9933131358	0.08240240454	
-6.743786893		0.9933404212	0.08248257628	
-6.728649325		0.9933659499	0.08255980643	
-6.713511756		0.9933897029	0.08263411419	
-6.698374187		0.9934116616	0.08270551904	
-6.683236618		0.9934318077	0.0827740407	
-6.66809905		0.9934501229	0.08283969907	
-6.652961481		0.9934665894	0.08290251415	
-6.637823912		0.9934811896	0.08296250605	
-6.622686343		0.9934939062	0.0830196949	
-6.607548774		0.9935047218	0.08307410085	
-6.592411206		0.9935136195	0.08312574409	
-6.577273637		0.9935205824	0.08317464481	
-6.562136068		0.9935255937	0.08322082323	
-6.546998499		0.9935286368	0.0832642996	
-6.53186093		0.9935296952	0.08330509426	
-6.516723362		0.9935287521	0.0833432277	
-6.501585793		0.9935257913	0.08337872068	
-6.486448224		0.9935207961	0.0834115943	
-6.471310655		0.9935137501	0.08344187014	
-6.456173087		0.9935046368	0.08346957034	
-6.441035518		0.9934934394	0.08349471767	
-6.425897949		0.9934801415	0.08351733556	
-6.41076038		0.9934647263	0.08353744811	
-6.395622811		0.9934471769	0.08355508011	
-6.380485243		0.9934274767	0.08357025692	
-6.365347674		0.9934056085	0.08358300443	
-6.350210105		0.9933815556	0.08359334878	
-6.335072536		0.9933553009	0.08360131617	
-6.319934967		0.9933268275	0.08360693242	
-6.304797399		0.9932961184	0.08361022257	
-6.28965983		0.9932631566	0.08361121042	
-6.274522261		0.9932279254	0.08360991812	
-6.259384692		0.9931904078	0.08360636569	
-6.244247124		0.9931505871	0.08360057074	
-6.229109555		0.9931084468	0.08359254814	
-6.213971986		0.9930639702	0.08358230987	
-6.198834417		0.9930171407	0.08356986494	
-6.183696848		0.9929679418	0.0835552196	
-6.16855928		0.9929163568	0.08353837765	
-6.153421711		0.9928623691	0.08351934103	
-6.138284142		0.9928059616	0.08349811053	
-6.123146573		0.9927471172	0.08347468667	
-6.108009005		0.9926858182	0.08344907058	
-6.092871436		0.9926220464	0.08342126478	
-6.077733867		0.9925557827	0.083391274	
-6.062596298		0.9924870067	0.08335910565	
-6.047458729		0.9924156965	0.08332477018	
-6.032321161		0.9923418286	0.08328828121	
-6.017183592		0.9922653801	0.08324965551	
-6.002046023		0.9921863343	0.08320891298	
-5.986908454		0.9921046829	0.08316607605	
-5.971770885		0.992020417	0.08312116806	
-5.956633317		0.9919335184	0.08307421144	
-5.941495748		0.9918439618	0.08302522699	
-5.926358179		0.9917517216	0.08297423348	
-5.91122061		0.9916567737	0.08292124723	
-5.896083042		0.9915590959	0.08286628166	
-5.880945473		0.9914586672	0.08280934701	
-5.865807904		0.991355467	0.08275045043	
-5.850670335		0.9912494751	0.08268959619	
-5.835532766		0.9911406716	0.08262678616	
-5.820395198		0.9910290364	0.08256202043	
-5.805257629		0.9909145495	0.08249529791	
-5.79012006		0.9907971908	0.08242661706	
-5.774982491		0.9906769399	0.08235597639	
-5.759844922		0.9905537765	0.08228337492	
-5.744707354		0.9904276797	0.08220881257	
-5.729569785		0.9902986284	0.08213229024	
-5.714432216		0.9901666015	0.08205380998	
-5.699294647		0.9900315774	0.08197337482	
-5.684157079		0.9898935343	0.08189098873	
-5.66901951		0.9897524502	0.0818066563	
-5.653881941		0.9896083031	0.08172038254	
-5.638744372		0.9894610707	0.08163217258	
-5.623606803		0.9893107304	0.08154203136	
-5.608469235		0.98915726	0.08144996343	
-5.593331666		0.9890006368	0.08135597271	
-5.578194097		0.9888408383	0.08126006233	
-5.563056528		0.9886778419	0.0811622345	
-5.547918959		0.9885116251	0.08106249047	
-5.532781391		0.9883421653	0.08096083051	
-5.517643822		0.98816944	0.08085725387	
-5.502506253		0.9879934268	0.08075175888	
-5.487368684		0.987814103	0.080644343	
-5.472231116		0.9876314464	0.08053500293	
-5.457093547		0.9874454344	0.08042373466	
-5.441955978		0.9872560446	0.08031053367	
-5.426818409		0.9870632545	0.08019539492	
-5.41168084		0.9868670417	0.08007831307	
-5.396543272		0.9866673838	0.07995928247	
-5.381405703		0.9864642582	0.07983829731	
-5.366268134		0.9862576425	0.07971535167	
-5.351130565		0.986047514	0.07959043956	
-5.335992996		0.9858338502	0.07946355501	
-5.320855428		0.9856166285	0.07933469207	
-5.305717859		0.9853958263	0.07920384487	
-5.29058029		0.9851714207	0.07907100761	
-5.275442721		0.9849433892	0.07893617458	
-5.260305153		0.9847117089	0.07879934019	
-5.245167584		0.9844763571	0.07866049894	
-5.230030015		0.984237311	0.07851964545	
-5.214892446		0.9839945477	0.07837677442	
-5.199754877		0.9837480443	0.07823188068	
-5.184617309		0.9834977781	0.07808495914	
-5.16947974		0.983243726	0.07793600484	
-5.154342171		0.9829858653	0.07778501288	
-5.139204602		0.982724173	0.0776319785	
-5.124067034		0.9824586262	0.07747689704	
-5.108929465		0.982189202	0.07731976396	
-5.093791896		0.9819158774	0.07716057483	
-5.078654327		0.9816386296	0.07699932538	
-5.063516758		0.9813574356	0.07683601149	
-5.04837919		0.9810722725	0.07667062919	
-5.033241621		0.9807831174	0.07650317472	
-5.018104052		0.9804899473	0.07633364449	
-5.002966483		0.9801927394	0.07616203515	
-4.987828914		0.9798914706	0.07598834356	
-4.972691346		0.979586118	0.07581256688	
-4.957553777		0.9792766587	0.07563470249	
-4.942416208		0.9789630697	0.07545474811	
-4.927278639		0.9786453281	0.07527270174	
-4.912141071		0.9783234107	0.07508856173	
-4.897003502		0.9779972946	0.07490232677	
-4.881865933		0.9776669568	0.07471399592	
-4.866728364		0.9773323741	0.0745235686	
-4.851590795		0.9769935236	0.07433104467	
-4.836453227		0.976650382	0.07413642437	
-4.821315658		0.9763029261	0.07393970837	
-4.806178089		0.9759511329	0.0737408978	
-4.79104052		0.9755949789	0.07353999424	
-4.775902951		0.9752344411	0.07333699973	
-4.760765383		0.9748694959	0.07313191678	
-4.745627814		0.97450012	0.07292474841	
-4.730490245		0.97412629	0.07271549812	
-4.715352676		0.9737479823	0.07250416995	
-4.700215108		0.9733651733	0.07229076842	
-4.685077539		0.9729778395	0.07207529859	
-4.66993997		0.9725859571	0.07185776608	
-4.654802401		0.9721895023	0.071638177	
-4.639664832		0.9717884512	0.07141653805	
-4.624527264		0.9713827798	0.07119285645	
-4.609389695		0.9709724641	0.07096713999	
-4.594252126		0.97055748	0.07073939703	
-4.579114557		0.9701378031	0.07050963648	
-4.563976988		0.9697134092	0.0702778678	
-4.54883942		0.9692842736	0.07004410104	
-4.533701851		0.9688503719	0.06980834682	
-4.518564282		0.9684116792	0.06957061632	
-4.503426713		0.9679681708	0.06933092127	
-4.488289145		0.9675198215	0.06908927398	
-4.473151576		0.9670666063	0.06884568734	
-4.458014007		0.9666084999	0.06860017478	
-4.442876438		0.9661454767	0.06835275027	
-4.427738869		0.965677511	0.06810342837	
-4.412601301		0.9652045772	0.06785222415	
-4.397463732		0.9647266491	0.06759915323	
-4.382326163		0.9642437006	0.06734423175	
-4.367188594		0.9637557052	0.06708747638	
-4.352051026		0.9632626362	0.0668289043	
-4.336913457		0.9627644668	0.06656853316	
-4.321775888		0.9622611698	0.06630638114	
-4.306638319		0.9617527179	0.06604246684	
-4.29150075		0.9612390834	0.06577680936	
-4.276363182		0.9607202384	0.06550942821	
-4.261225613		0.9601961547	0.06524034335	
-4.246088044		0.9596668037	0.06496957511	
-4.230950475		0.9591321567	0.06469714424	
-4.215812906		0.9585921843	0.06442307183	
-4.200675338		0.9580468571	0.06414737934	
-4.185537769		0.9574961451	0.06387008853	
-4.1704002		0.956940018	0.06359122147	
-4.155262631		0.9563784451	0.06331080048	
-4.140125063		0.9558113952	0.06302884816	
-4.124987494		0.9552388367	0.0627453873	
-4.109849925		0.9546607373	0.06246044089	
-4.094712356		0.9540770644	0.06217403208	
-4.079574787		0.9534877842	0.06188618412	
-4.064437219		0.9528928622	0.06159692032	
-4.04929965		0.9522922621	0.06130626402	
-4.034162081		0.9516859457	0.0610142385	
-4.019024512		0.9510738738	0.060720867	
-4.003886943		0.9504560098	0.06042617293	
-3.988749375		0.9498323232	0.0601301801	
-3.973611806		0.9492027867	0.05983291242	
-3.958474237		0.9485673674	0.05953439332	
-3.943336668		0.9479260254	0.05923464568	
-3.9281991		0.9472787182	0.058933692	
-3.913061531		0.9466254027	0.05863155457	
-3.897923962		0.9459660359	0.05832825542	
-3.882786393		0.9453005748	0.05802381625	
-3.867648824		0.9446289758	0.05771825843	
-3.852511256		0.9439511946	0.05741160287	
-3.837373687		0.943267186	0.05710387003	
-3.822236118		0.9425769038	0.05679507981	
-3.807098549		0.9418803007	0.05648525156	
-3.79196098		0.9411773284	0.05617440399	
-3.776823412		0.9404679372	0.05586255515	
-3.761685843		0.9397520764	0.05554972236	
-3.746548274		0.9390296939	0.0552359222	
-3.731410705		0.9383007365	0.05492117041	
-3.716273137		0.9375651492	0.05460548188	
-3.701135568		0.9368228761	0.05428887058	
-3.685997999		0.9360738594	0.05397134954	
-3.67086043		0.9353180401	0.05365293075	
-3.655722861		0.9345553573	0.05333362519	
-3.640585293		0.9337857488	0.0530134427	
-3.625447724		0.9330091504	0.05269239198	
-3.610310155		0.9322254965	0.05237048053	
-3.595172586		0.9314347194	0.05204771461	
-3.580035018		0.9306367497	0.05172409918	
-3.564897449		0.929831516	0.05139963786	
-3.54975988		0.9290189451	0.05107433289	
-3.534622311		0.9281989615	0.05074818507	
-3.519484742		0.9273714879	0.05042119375	
-3.504347174		0.9265364445	0.05009335672	
-3.489209605		0.9256937496	0.04976467027	
-3.474072036		0.924843319	0.04943512906	
-3.458934467		0.923985066	0.04910472611	
-3.443796898		0.9231189019	0.0487734528	
-3.42865933		0.9222447351	0.04844129879	
-3.413521761		0.9213624716	0.04810825199	
-3.398384192		0.9204720147	0.04777429859	
-3.383246623		0.9195732649	0.04743942295	
-3.368109055		0.91866612	0.04710360763	
-3.352971486		0.9177504748	0.04676683339	
-3.337833917		0.9168262213	0.0464290791	
-3.322696348		0.9158932482	0.04609032181	
-3.307558779		0.9149514412	0.04575053669	
-3.292421211		0.9140006829	0.04540969705	
-3.277283642		0.9130408523	0.04506777435	
-3.262146073		0.9120718251	0.04472473821	
-3.247008504		0.9110934736	0.04438055639	
-3.231870935		0.9101056663	0.04403519487	
-3.216733367		0.9091082681	0.04368861785	
-3.201595798		0.90810114	0.04334078779	
-3.186458229		0.9070841391	0.04299166546	
-3.17132066		0.9060571184	0.04264121	
-3.156183092		0.9050199268	0.04228937899	
-3.141045523		0.9039724088	0.04193612854	
-3.125907954		0.9029144046	0.04158141333	
-3.110770385		0.9018457495	0.04122518679	
-3.095632816		0.9007662743	0.04086740113	
-3.080495248		0.899675805	0.04050800755	
-3.065357679		0.8985741623	0.04014695632	
-3.05022011		0.8974611618	0.03978419696	
-3.035082541		0.8963366135	0.03941967843	
-3.019944972		0.8952003222	0.03905334931	
-3.004807404		0.8940520864	0.038685158	
-2.989669835		0.892891699	0.03831505296	
-2.974532266		0.8917189463	0.03794298296	
-2.959394697		0.8905336085	0.03756889734	
-2.944257129		0.8893354588	0.03719274629	
-2.92911956		0.8881242636	0.03681448118	
-2.913981991		0.8868997822	0.03643405487	
-2.898844422		0.8856617662	0.03605142208	
-2.883706853		0.8844099597	0.03566653975	
-2.868569285		0.8831440988	0.03527936744	
-2.853431716		0.8818639114	0.03488986774	
-2.838294147		0.8805691167	0.03449800674	
-2.823156578		0.8792594253	0.03410375444	
-2.80801901		0.8779345389	0.03370708528	
-2.792881441		0.8765941496	0.03330797859	
-2.777743872		0.8752379403	0.03290641914	
-2.762606303		0.8738655839	0.03250239767	
-2.747468734		0.8724767436	0.03209591141	
-2.732331166		0.8710710722	0.03168696464	
-2.717193597		0.8696482125	0.03127556929	
-2.702056028		0.8682077964	0.03086174543	
-2.686918459		0.8667494457	0.03044552194	
-2.67178089		0.8652727712	0.03002693697	
-2.656643322		0.8637773733	0.02960603857	
-2.641505753		0.8622628415	0.02918288519	
-2.626368184		0.8607287548	0.02875754625	
-2.611230615		0.8591746817	0.02833010256	
-2.596093047		0.8576001806	0.0279006469	
-2.580955478		0.8560047994	0.02746928433	
-2.565817909		0.8543880766	0.02703613269	
-2.55068034		0.8527495414	0.02660132286	
-2.535542771		0.851088714	0.02616499905	
-2.520405203		0.8494051064	0.02572731906	
-2.505267634		0.8476982231	0.02528845437	
-2.490130065		0.8459675618	0.02484859019	
-2.474992496		0.8442126144	0.02440792549	
-2.459854927		0.842432868	0.02396667283	
-2.444717359		0.8406278063	0.02352505814	
-2.42957979		0.8387969104	0.02308332042	
-2.414442221		0.8369396611	0.02264171131	
-2.399304652		0.8350555399	0.02220049449	
-2.384167084		0.833144031	0.02175994508	
-2.369029515		0.8312046236	0.02132034882	
-2.353891946		0.8292368137	0.0208820012	
-2.338754377		0.8272401068	0.02044520644	
-2.323616808		0.8252140204	0.02001027635	
-2.30847924		0.8231580867	0.01957752916	
-2.293341671		0.8210718559	0.01914728816	
-2.278204102		0.8189548993	0.0187198803	
-2.263066533		0.8168068125	0.01829563469	
-2.247928964		0.8146272196	0.01787488109	
-2.232791396		0.8124157764	0.01745794824	
-2.217653827		0.8101721749	0.01704516226	
-2.202516258		0.8078961475	0.01663684497	
-2.187378689		0.8055874709	0.01623331225	
-2.172241121		0.8032459712	0.01583487234	
-2.157103552		0.8008715282	0.01544182428	
-2.141965983		0.7984640801	0.01505445629	
-2.126828414		0.7960236282	0.01467304433	
-2.111690845		0.7935502418	0.01429785066	
-2.096553277		0.7910440629	0.01392912256	
-2.081415708		0.7885053105	0.01356709111	
-2.066278139		0.7859342852	0.01321197021	
-2.05114057		0.7833313739	0.01286395561	
-2.036003002		0.7806970529	0.01252322419	
-2.020865433		0.7780318927	0.01218993337	
-2.005727864		0.7753365604	0.01186422066	
-1.990590295		0.772611823	0.01154620344	
-1.975452726		0.7698585497	0.0112359788	
-1.960315158		0.7670777135	0.01093362362	
-1.945177589		0.7642703927	0.01063919478	
-1.93004002		0.7614377709	0.01035272951	
-1.914902451		0.7585811369	0.01007424586	
-1.899764882		0.7557018836	0.009803743324	
-1.884627314		0.7528015061	0.009541203517	
-1.869489745		0.7498815989	0.009286591018	
-1.854352176		0.746943852	0.009039854229	
-1.839214607		0.7439900464	0.008800926334	
-1.824077039		0.7410220484	0.008569726286	
-1.80893947		0.7380418034	0.00834615985	
-1.793801901		0.7350513283	0.008130120654	
-1.778664332		0.7320527036	0.007921491256	
-1.763526763		0.7290480643	0.007720144214	
-1.748389195		0.7260395902	0.007525943136	
-1.733251626		0.7230294958	0.007338743717	
-1.718114057		0.7200200192	0.007158394741	
-1.702976488		0.7170134111	0.006984739054	
-1.687838919		0.7140119231	0.006817614492	
-1.672701351		0.7110177954	0.006656854769	
-1.657563782		0.7080332458	0.006502290314	
-1.642426213		0.7050604572	0.006353749063	
-1.627288644		0.7021015661	0.006211057199	
-1.612151076		0.6991586518	0.006074039838	
-1.597013507		0.6962337249	0.005942521663	
-1.581875938		0.6933287174	0.005816327516	
-1.566738369		0.6904454729	0.005695282922	
-1.5516008		0.687585738	0.005579214584	
-1.536463232		0.6847511543	0.005467950821	
-1.521325663		0.6819432512	0.005361321959	
-1.506188094		0.6791634403	0.00525916069	
-1.491050525		0.6764130104	0.005161302385	
-1.475912956		0.6736931237	0.00506758536	
-1.460775388		0.6710048127	0.004977851124	
-1.445637819		0.6683489791	0.004891944574	
-1.43050025		0.6657263927	0.004809714169	
-1.415362681		0.6631376919	0.004731012075	
-1.400225113		0.660583385	0.004655694277	
-1.385087544		0.6580638528	0.004583620676	
-1.369949975		0.6555793514	0.00451465515	
-1.354812406		0.6531300162	0.004448665607	
-1.339674837		0.6507158668	0.004385524013	
-1.324537269		0.6483368114	0.004325106397	
-1.3093997		0.6459926532	0.00426729285	
-1.294262131		0.6436830962	0.004211967502	
-1.279124562		0.6414077517	0.004159018495	
-1.263986993		0.639166145	0.004108337939	
-1.248849425		0.6369577223	0.004059821861	
-1.233711856		0.6347818577	0.004013370142	
-1.218574287		0.6326378595	0.00396888645	
-1.203436718		0.6305249769	0.00392627816	
-1.18829915		0.6284424047	0.003885456264	
-1.173161581		0.6263892871	0.003846335269	
-1.158024012		0.6243647164	0.003808833064	
-1.142886443		0.6223677255	0.003772870748	
-1.127748874		0.620397263	0.003738372359	
-1.112611306		0.6184521386	0.003705264424	
-1.097473737		0.6165309075	0.003673475164	
-1.082336168		0.614631644	0.00364293306	
-1.067198599		0.6127515426	0.003613564434	
-1.052061031		0.6108863621	0.003585290182	
-1.036923462		0.6090301909	0.003558024448	
-1.021785893		0.6071772247	0.003531685022	
-1.006648324		0.605327663	0.003506227309	
-0.9915107554		0.6034932591	0.003481675496	
-0.9763731866		0.6016901594	0.003458080045	
-0.9612356178		0.5999246083	0.003435435424	
-0.946098049		0.598191768	0.003413674431	
-0.9309604802		0.596483826	0.003392715317	
-0.9158229115		0.5947947582	0.003372488922	
-0.9006853427		0.5931208181	0.003352941128	
-0.8855477739		0.5914597516	0.003334028124	
-0.8704102051		0.5898101075	0.003315712303	
-0.8552726363		0.588170838	0.003297959882	
-0.8401350675		0.5865410982	0.003280739669	
-0.8249974987		0.5849201511	0.003264022455	
-0.80985993		0.5833073242	0.003247780694	
-0.7947223612		0.5817019895	0.003231988324	
-0.7795847924		0.5801035538	0.003216620659	
-0.7644472236		0.5785114553	0.003201654301	
-0.7493096548		0.5769251608	0.003187067076	
-0.734172086		0.5753441646	0.00317283797	
-0.7190345173		0.5737679877	0.003158947079	
-0.7038969485		0.5721961772	0.003145375553	
-0.6887593797		0.5706283054	0.003132105546	
-0.6736218109		0.5690639691	0.003119120169	
-0.6584842421		0.5675027891	0.003106403447	
-0.6433466733		0.5659444092	0.003093940272	
-0.6282091046		0.5643884958	0.003081716362	
-0.6130715358		0.5628347368	0.003069718223	
-0.597933967		0.5612828409	0.003057933106	
-0.5827963982		0.559732537	0.003046348976	
-0.5676588294		0.5581835735	0.003034954476	
-0.5525212606		0.5566357172	0.003023738889	
-0.5373836918		0.5550887528	0.003012692113	
-0.5222461231		0.553542482	0.003001804625	
-0.5071085543		0.5519967232	0.002991067456	
-0.4919709855		0.5504513102	0.002980472163	
-0.4768334167		0.5489060921	0.002970010801	
-0.4616958479		0.547360932	0.0029596759	
-0.4465582791		0.5458157068	0.002949460441	
-0.4314207104		0.5442703066	0.002939357835	
-0.4162831416		0.5427246336	0.002929361896	
-0.4011455728		0.5411786021	0.002919466829	
-0.386008004		0.5396321374	0.002909667203	
-0.3708704352		0.5380851754	0.00289995794	
-0.3557328664		0.5365376621	0.002890334291	
-0.3405952976		0.5349895532	0.002880791823	
-0.3254577289		0.5334408131	0.002871326403	
-0.3103201601		0.5318914149	0.002861934183	
-0.2951825913		0.5303413395	0.002852611585	
-0.2800450225		0.5287905755	0.002843355289	
-0.2649074537		0.5272391184	0.002834162221	
-0.2497698849		0.5256869703	0.002825029537	
-0.2346323162		0.5241341396	0.002815954617	
-0.2194947474		0.5225806401	0.002806935052	
-0.2043571786		0.5210264913	0.002797968633	
-0.1892196098		0.5194717173	0.002789053343	
-0.174082041		0.5179163468	0.002780187347	
-0.1589444722		0.5163604129	0.002771368985	
-0.1438069035		0.5148039521	0.002762596762	
-0.1286693347		0.5132470045	0.002753869343	
-0.1135317659		0.5116896133	0.002745185545	
-0.0983941971		0.5101318243	0.002736544327	
-0.08325662831		0.5085736859	0.002727944793	
-0.06811905953		0.5070152483	0.002719386175	
-0.05298149075		0.5054565635	0.002710867835	
-0.03784392196		0.5038976852	0.002702389261	
-0.02270635318		0.5023386677	0.002693950055	
-0.007568784392		0.5007795665	0.002685549938	
0.007568784392		0.4992204373	0.002677188737	
0.02270635318		0.4976613361	0.002668866389	
0.03784392196		0.4961023186	0.002660582936	
0.05298149075		0.4945434403	0.002652338516	
0.06811905953		0.4929847556	0.002644133369	
0.08325662831		0.491426318	0.002635967829	
0.0983941971		0.4898681795	0.002627842325	
0.1135317659		0.4883103905	0.002619757375	
0.1286693347		0.4867529991	0.00261171359	
0.1438069035		0.4851960513	0.002603711668	
0.1589444722		0.4836395901	0.002595752394	
0.174082041		0.4820836556	0.002587836641	
0.1892196098		0.4805282845	0.002579965366	
0.2043571786		0.4789735096	0.002572139613	
0.2194947474		0.4774193596	0.002564360512	
0.2346323162		0.4758658588	0.002556629275	
0.2497698849		0.4743130265	0.002548947203	
0.2649074537		0.4727608766	0.002541315679	
0.2800450225		0.4712094175	0.002533736176	
0.2951825913		0.4696586513	0.002526210252	
0.3103201601		0.4681085737	0.002518739553	
0.3254577289		0.4665591731	0.002511325814	
0.3405952976		0.4650104307	0.002503970862	
0.3557328664		0.4634623196	0.002496676616	
0.3708704352		0.4619148045	0.002489445088	
0.386008004		0.460367841	0.002482278385	
0.4011455728		0.4588213754	0.002475178714	
0.4162831416		0.4572753438	0.002468148382	
0.4314207104		0.4557296716	0.002461189797	
0.4465582791		0.4541842732	0.002454305473	
0.4616958479		0.4526390512	0.002447498034	
0.4768334167		0.4510938954	0.002440770213	
0.4919709855		0.449548683	0.002434124859	
0.5071085543		0.4480032772	0.002427564937	
0.5222461231		0.4464575269	0.002421093534	
0.5373836918		0.4449112658	0.002414713862	
0.5525212606		0.443364312	0.002408429264	
0.5676588294		0.441816467	0.002402243211	
0.5827963982		0.4402675149	0.002396159317	
0.597933967		0.4387172221	0.002390181333	
0.6130715358		0.4371653363	0.002384313159	
0.6282091046		0.4356115857	0.002378558845	
0.6433466733		0.4340556783	0.002372922597	
0.6584842421		0.4324973014	0.002367408783	
0.6736218109		0.4309361204	0.002362021938	
0.6887593797		0.4293717788	0.002356766767	
0.7038969485		0.4278038968	0.002351648155	
0.7190345173		0.4262320711	0.002346671172	
0.734172086		0.4246558738	0.002341841074	
0.7493096548		0.4230748525	0.002337163318	
0.7644472236		0.4214885287	0.002332643559	
0.7795847924		0.4198963978	0.002328287662	
0.7947223612		0.4182979278	0.002324101703	
0.80985993		0.4166925585	0.002320091972	
0.8249974987		0.4150796986	0.002316264971	
0.8401350675		0.413458722	0.002312627395	
0.8552726363		0.4118289583	0.002309186088	
0.8704102051		0.4101896724	0.002305947937	
0.8855477739		0.4085400212	0.002302919629	
0.9006853427		0.406878958	0.00230010711	
0.9158229115		0.4052050324	0.002297514438	
0.9309604802		0.4035159907	0.002295141477	
0.946098049		0.4018080858	0.002292979882	
0.9612356178		0.4000752924	0.002291008443	
0.9763731866		0.3983097961	0.002289195632	
0.9915107554		0.3965067568	0.002287526824	
1.006648324		0.3946724158	0.002286051511	
1.021785893		0.3928229164	0.002284877727	
1.036923462		0.3909700086	0.002284089868	
1.052061031		0.3891138885	0.002283706283	
1.067198599		0.387248749	0.002283710539	
1.082336168		0.3853686761	0.002284085493	
1.097473737		0.383469427	0.00228482378	
1.112611306		0.3815481951	0.002285926595	
1.127748874		0.3796030551	0.002287400515	
1.142886443		0.3776325626	0.002289255183	
1.158024012		0.3756355288	0.002291501965	
1.173161581		0.3736109048	0.00229415325	
1.18829915		0.3715577258	0.002297222087	
1.203436718		0.3694750878	0.002300722006	
1.218574287		0.367362138	0.00230466692	
1.233711856		0.3652180745	0.002309071075	
1.248849425		0.3630421494	0.002313949018	
1.263986993		0.3608336736	0.002319315573	
1.279124562		0.3585920232	0.002325185818	
1.294262131		0.3563166458	0.002331575071	
1.3093997		0.3540070676	0.002338498861	
1.324537269		0.3516629002	0.00234597291	
1.339674837		0.3492838473	0.002354013105	
1.354812406		0.3468697111	0.002362635469	
1.369949975		0.3444203988	0.002371856129	
1.385087544		0.3419359281	0.002381691278	
1.400225113		0.3394164325	0.00239215714	
1.415362681		0.336862166	0.002403269922	
1.43050025		0.3342735076	0.002415045769	
1.445637819		0.3316509637	0.002427500714	
1.460775388		0.3289951712	0.002440650616	
1.475912956		0.3263068983	0.002454511104	
1.491050525		0.3235870457	0.002469097512	
1.506188094		0.3208366449	0.002484424802	
1.521325663		0.3180568575	0.002500507493	
1.536463232		0.315248972	0.002517359574	
1.5516008		0.3124143997	0.002534994424	
1.566738369		0.3095546706	0.002553424709	
1.581875938		0.3066714267	0.002572662294	
1.597013507		0.3037664151	0.002592718131	
1.612151076		0.3008414802	0.002613602153	
1.627288644		0.2978985547	0.002635323159	
1.642426213		0.2949396501	0.002657888691	
1.657563782		0.2919668461	0.002681304915	
1.672701351		0.2889822801	0.002705576486	
1.687838919		0.2859881357	0.002730706419	
1.702976488		0.2829866312	0.002756695955	
1.718114057		0.2799800075	0.00278354442	
1.733251626		0.2769705166	0.002811249092	
1.748389195		0.2739604094	0.002839805059	
1.763526763		0.2709519242	0.002869205088	
1.778664332		0.2679472757	0.002899439488	
1.793801901		0.2649486436	0.002930495986	
1.80893947		0.2619581628	0.002962359608	
1.824077039		0.2589779138	0.002995012566	
1.839214607		0.2560099134	0.00302843416	
1.854352176		0.2530561068	0.003062600697	
1.869489745		0.2501183603	0.003097485414	
1.884627314		0.2471984546	0.003133058432	
1.899764882		0.2442980795	0.003169286728	
1.914902451		0.2414188292	0.00320613412	
1.93004002		0.2385621985	0.00324356129	
1.945177589		0.2357295803	0.003281525821	
1.960315158		0.2329222632	0.003319982274	
1.975452726		0.2301414309	0.003358882279	
1.990590295		0.2273881613	0.003398174669	
2.005727864		0.2246634275	0.003437805629	
2.020865433		0.2219680986	0.003477718886	
2.036003002		0.2193029414	0.003517855917	
2.05114057		0.2166686232	0.003558156188	
2.066278139		0.2140657142	0.003598557411	
2.081415708		0.2114946909	0.003638995832	
2.096553277		0.20895594	0.00367940653	
2.111690845		0.2064497624	0.003719723729	
2.126828414		0.203976377	0.003759881131	
2.141965983		0.2015359259	0.003799812249	
2.157103552		0.1991284783	0.003839450746	
2.172241121		0.1967540356	0.003878730772	
2.187378689		0.194412536	0.003917587304	
2.202516258		0.1921038593	0.003955956469	
2.217653827		0.1898278316	0.00399377586	
2.232791396		0.1875842298	0.004030984839	
2.247928964		0.1853727861	0.004067524819	
2.263066533		0.1831931927	0.004103339522	
2.278204102		0.1810451054	0.004138375223	
2.293341671		0.1789281483	0.004172580962	
2.30847924		0.176841917	0.004205908729	
2.323616808		0.1747859828	0.004238313627	
2.338754377		0.1727598958	0.004269754003	
2.353891946		0.1707631884	0.004300191553	
2.369029515		0.168795378	0.004329591394	
2.384167084		0.1668559701	0.004357922118	
2.399304652		0.1649444608	0.004385155812	
2.414442221		0.1630603392	0.004411268055	
2.42957979		0.1612030895	0.004436237891	
2.444717359		0.1593721933	0.004460047783	
2.459854927		0.1575671313	0.004482683544	
2.474992496		0.1557873847	0.004504134246	
2.490130065		0.154032437	0.004524392123	
2.505267634		0.1523017755	0.004543452448	
2.520405203		0.1505948921	0.004561313408	
2.535542771		0.1489112844	0.00457797596	
2.55068034		0.1472504569	0.004593443687	
2.565817909		0.1456119217	0.004607722639	
2.580955478		0.143995199	0.004620821177	
2.596093047		0.1423998179	0.004632749808	
2.611230615		0.1408253168	0.004643521024	
2.626368184		0.1392712439	0.004653149135	
2.641505753		0.1377371574	0.004661650109	
2.656643322		0.1362226258	0.004669041411	
2.67178089		0.1347272281	0.004675341844	
2.686918459		0.1332505539	0.004680571398	
2.702056028		0.1317922034	0.004684751103	
2.717193597		0.1303517877	0.004687902883	
2.732331166		0.1289289283	0.004690049426	
2.747468734		0.1275232573	0.004691214046	
2.762606303		0.1261344173	0.004691420568	
2.777743872		0.1247620612	0.004690693206	
2.792881441		0.1234058522	0.00468905646	
2.80801901		0.1220654632	0.004686535009	
2.823156578		0.120740577	0.004683153621	
2.838294147		0.1194308858	0.004678937061	
2.853431716		0.1181360912	0.004673910016	
2.868569285		0.1168559038	0.004668097022	
2.883706853		0.115590043	0.004661522391	
2.898844422		0.1143382364	0.004654210158	
2.913981991		0.1131002203	0.004646184024	
2.92911956		0.1118757386	0.004637467311	
2.944257129		0.1106645431	0.004628082917	
2.959394697		0.109466393	0.004618053281	
2.974532266		0.1082810548	0.004607400352	
2.989669835		0.1071083016	0.004596145564	
3.004807404		0.1059479136	0.004584309812	
3.019944972		0.1047996772	0.004571913436	
3.035082541		0.1036633852	0.004558976205	
3.05022011		0.1025388364	0.004545517312	
3.065357679		0.1014258352	0.004531555363	
3.080495248		0.1003241919	0.004517108377	
3.095632816		0.09923372195	0.004502193784	
3.110770385		0.09815424631	0.004486828424	
3.125907954		0.09708559079	0.00447102856	
3.141045523		0.09602758618	0.004454809874	
3.156183092		0.09498006799	0.004438187485	
3.17132066		0.09394287631	0.004421175951	
3.186458229		0.09291585569	0.004403789287	
3.201595798		0.09189885499	0.004386040972	
3.216733367		0.09089172723	0.004367943968	
3.231870935		0.08989432951	0.004349510728	
3.247008504		0.08890652285	0.00433075322	
3.262146073		0.0879281721	0.004311682934	
3.277283642		0.08695914583	0.004292310905	
3.292421211		0.08599931621	0.004272647726	
3.307558779		0.08504855893	0.004252703566	
3.322696348		0.0841067531	0.004232488188	
3.337833917		0.08317378114	0.004212010965	
3.352971486		0.08224952869	0.004191280896	
3.368109055		0.08133388456	0.004170306626	
3.383246623		0.08042674059	0.004149096459	
3.398384192		0.07952799161	0.004127658379	
3.413521761		0.07863753534	0.004106000061	
3.42865933		0.07775527232	0.004084128892	
3.443796898		0.07688110581	0.004062051984	
3.458934467		0.07601494175	0.004039776189	
3.474072036		0.07515668867	0.004017308114	
3.489209605		0.0743062576	0.003994654138	
3.504347174		0.07346356203	0.003971820422	
3.519484742		0.07262851781	0.003948812924	
3.534622311		0.07180104311	0.003925637413	
3.54975988		0.07098105834	0.00390229948	
3.564897449		0.07016848606	0.003878804552	
3.580035018		0.06936325098	0.003855157901	
3.595172586		0.06856527979	0.003831364657	
3.610310155		0.06777450122	0.003807429816	
3.625447724		0.06699084588	0.003783358253	
3.640585293		0.06621424624	0.003759154731	
3.655722861		0.06544463657	0.003734823908	
3.67086043		0.06468195286	0.003710370348	
3.685997999		0.06392613281	0.003685798526	
3.701135568		0.06317711571	0.00366111284	
3.716273137		0.06243484242	0.003636317615	
3.731410705		0.06169925532	0.003611417111	
3.746548274		0.06097029826	0.003586415531	
3.761685843		0.06024791647	0.003561317022	
3.776823412		0.05953205655	0.003536125687	
3.79196098		0.05882266644	0.003510845587	
3.807098549		0.05811969529	0.003485480745	
3.822236118		0.0574230935	0.003460035154	
3.837373687		0.05673281265	0.003434512778	
3.852511256		0.0560488054	0.003408917555	
3.867648824		0.0553710255	0.003383253403	
3.882786393		0.0546994277	0.00335752422	
3.897923962		0.05403396763	0.003331733882	
3.913061531		0.05337460169	0.003305886241	
3.9281991		0.05272128678	0.003279985113	
3.943336668		0.05207398	0.003254034262	
3.958474237		0.0514326383	0.003228037384	
3.973611806		0.05079721899	0.003201998137	
3.988749375		0.05016768231	0.003175920312	
4.003886943		0.04954399539	0.003149808086	
4.019024512		0.04892613082	0.003123665946	
4.034162081		0.04831405836	0.003097498163	
4.04929965		0.04770774132	0.003071308557	
4.064437219		0.04710714047	0.003045100748	
4.079574787		0.0465122177	0.003018878383	
4.094712356		0.04592293683	0.002992645195	
4.109849925		0.0453392632	0.002966404982	
4.124987494		0.04476116326	0.002940161579	
4.140125063		0.04418860421	0.002913918839	
4.155262631		0.04362155389	0.002887680625	
4.1704002		0.04305998065	0.002861450802	
4.185537769		0.04250385332	0.002835233237	
4.200675338		0.04195314117	0.002809031798	
4.215812906		0.04140781387	0.002782850349	
4.230950475		0.04086784148	0.002756692752	
4.246088044		0.04033319445	0.002730562866	
4.261225613		0.03980384358	0.002704464542	
4.276363182		0.03927976	0.002678401625	
4.29150075		0.03876091516	0.002652377956	
4.306638319		0.03824728084	0.002626397361	
4.321775888		0.0377388291	0.00260046366	
4.336913457		0.03723553228	0.002574580659	
4.352051026		0.03673736299	0.002548752152	
4.367188594		0.03624429412	0.002522981917	
4.382326163		0.03575629876	0.002497273716	
4.397463732		0.03527335027	0.002471631293	
4.412601301		0.03479542222	0.002446058374	
4.427738869		0.03432248838	0.002420558663	
4.442876438		0.03385452274	0.002395135842	
4.458014007		0.03339149947	0.002369793567	
4.473151576		0.03293339293	0.002344535472	
4.488289145		0.03248017764	0.002319365162	
4.503426713		0.0320318283	0.002294286212	
4.518564282		0.03158831975	0.002269302169	
4.533701851		0.031149627	0.002244416547	
4.54883942		0.03071572519	0.002219632828	
4.563976988		0.03028658959	0.002194954459	
4.579114557		0.0298621956	0.002170384849	
4.594252126		0.02944251874	0.002145927372	
4.609389695		0.02902753466	0.002121585362	
4.624527264		0.02861721909	0.002097362111	
4.639664832		0.02821154789	0.002073260873	
4.654802401		0.027810497	0.002049284856	
4.66993997		0.02741404245	0.002025437224	
4.685077539		0.02702216036	0.002001721097	
4.700215108		0.02663482694	0.001978139547	
4.715352676		0.02625201846	0.001954695599	
4.730490245		0.02587371128	0.001931392228	
4.745627814		0.0254998818	0.001908232361	
4.760765383		0.0251305065	0.001885218871	
4.775902951		0.02476556192	0.001862354581	
4.79104052		0.02440502465	0.001839642262	
4.806178089		0.02404887133	0.001817084629	
4.821315658		0.02369707865	0.001794684343	
4.836453227		0.02334962334	0.001772444012	
4.851590795		0.02300648216	0.001750366185	
4.866728364		0.02266763194	0.001728453356	
4.881865933		0.0223330495	0.001706707961	
4.897003502		0.02200271174	0.00168513238	
4.912141071		0.02167659555	0.001663728934	
4.927278639		0.02135467787	0.001642499883	
4.942416208		0.02103693566	0.001621447433	
4.957553777		0.0207233459	0.001600573727	
4.972691346		0.0204138856	0.00157988085	
4.987828914		0.0201085318	0.001559370828	
5.002966483		0.01980726153	0.001539045627	
5.018104052		0.01951005186	0.001518907151	
5.033241621		0.01921687988	0.001498957248	
5.04837919		0.01892772268	0.001479197703	
5.063516758		0.01864255739	0.001459630243	
5.078654327		0.01836136112	0.001440256534	
5.093791896		0.01808411103	0.001421078182	
5.108929465		0.01781078427	0.001402096733	
5.124067034		0.017541358	0.001383313675	
5.139204602		0.0172758094	0.001364730433	
5.154342171		0.01701411565	0.001346348374	
5.16947974		0.01675625394	0.001328168806	
5.184617309		0.01650220147	0.001310192975	
5.199754877		0.01625193541	0.001292422067	
5.214892446		0.01600543299	0.00127485721	
5.230030015		0.01576267138	0.001257499471	
5.245167584		0.01552362778	0.001240349856	
5.260305153		0.01528827937	0.001223409313	
5.275442721		0.01505660334	0.001206678729	
5.29058029		0.01482857686	0.001190158931	
5.305717859		0.01460417708	0.001173850686	
5.320855428		0.01438338117	0.001157754705	
5.335992996		0.01416616626	0.001141871638	
5.351130565		0.01395250949	0.001126202077	
5.366268134		0.013742388	0.001110746558	
5.381405703		0.01353577892	0.001095505561	
5.396543272		0.01333265939	0.001080479512	
5.41168084		0.01313300657	0.001065668785	
5.426818409		0.01293679762	0.0010510737	
5.441955978		0.01274400975	0.001036694532	
5.457093547		0.01255462021	0.001022531507	
5.472231116		0.01236860628	0.001008584808	
5.487368684		0.01218594534	0.0009948545744	
5.502506253		0.01200661482	0.0009813409081	
5.517643822		0.01183059225	0.0009680438732	
5.532781391		0.01165785525	0.0009549634988	
5.547918959		0.01148838156	0.0009420997809	
5.563056528		0.01132214904	0.0009294526831	
5.578194097		0.01115913565	0.0009170221378	
5.593331666		0.01099931949	0.0009048080459	
5.608469235		0.01084267875	0.0008928102755	
5.623606803		0.01068919174	0.0008810286609	
5.638744372		0.01053883684	0.0008694629997	
5.653881941		0.01039159252	0.0008581130494	
5.66901951		0.01024743727	0.0008469785238	
5.684157079		0.01010634961	0.0008360590885	
5.699294647		0.009968308071	0.000825354357	
5.714432216		0.009833291114	0.0008148638861	
5.729569785		0.009701277161	0.0008045871727	
5.744707354		0.009572244554	0.0007945236517	
5.759844922		0.009446171544	0.0007846726949	
5.774982491		0.009323036295	0.0007750336122	
5.79012006		0.00920281689	0.0007656056546	
5.805257629		0.009085491353	0.0007563880197	
5.820395198		0.008971037691	0.0007473798591	
5.835532766		0.008859433931	0.0007385802877	
5.850670335		0.00875065818	0.000729988395	
5.865807904		0.008644688676	0.0007216032555	
5.880945473		0.008541503831	0.0007134239391	
5.896083042		0.008441082237	0.0007054495175	
5.91122061		0.008343402608	0.0006976790633	
5.926358179		0.008248443568	0.0006901116355	
5.941495748		0.008156183215	0.0006827462442	
5.956633317		0.008066598498	0.0006755817962	
5.971770885		0.007979665061	0.000668617079	
5.986908454		0.007895359654	0.0006618509572	
6.002046023		0.007813666203	0.0006552828753	
6.017183592		0.007734578269	0.0006489130578	
6.032321161		0.00765808986	0.0006427417318	
6.047458729		0.007584186511	0.0006367683707	
6.062596298		0.007512847362	0.0006309918615	
6.077733867		0.007444050374	0.0006254109378	
6.092871436		0.007377774529	0.0006200243629	
6.108009005		0.007313999905	0.0006148309363	
6.123146573		0.007252707238	0.0006098294594	
6.138284142		0.007193877579	0.0006050187108	
6.153421711		0.007137492113	0.0006003974358	
6.16855928		0.007083532084	0.0005959643463	
6.183696848		0.007031978802	0.0005917181269	
6.198834417		0.006982813668	0.0005876574426	
6.213971986		0.00693601822	0.0005837809472	
6.229109555		0.00689157418	0.0005800872907	
6.244247124		0.006849463488	0.000576575125	
6.259384692		0.006809668332	0.0005732431069	
6.274522261		0.006772171162	0.0005700898992	
6.28965983		0.006736954695	0.0005671141697	
6.304797399		0.006704001905	0.0005643145888	
6.319934967		0.006673296007	0.0005616898255	
6.335072536		0.006644820432	0.0005592385427	
6.350210105		0.006618558796	0.0005569593924	
6.365347674		0.006594494864	0.0005548510105	
6.380485243		0.006572612514	0.0005529120115	
6.395622811		0.006552895702	0.0005511409845	
6.41076038		0.006535328429	0.0005495364884	
6.425897949		0.006519894711	0.0005480970494	
6.441035518		0.006506578556	0.0005468211579	
6.456173087		0.006495363941	0.0005457072675	
6.471310655		0.006486234791	0.0005447537937	
6.486448224		0.006479174966	0.0005439591128	
6.501585793		0.006474168239	0.0005433215623	
6.516723362		0.006471198294	0.0005428394404	
6.53186093		0.00647024871	0.0005425110062	
6.546998499		0.006471302953	0.0005423344799	
6.562136068		0.006474344375	0.0005423080432	
6.577273637		0.006479356207	0.0005424298396	
6.592411206		0.006486321545	0.000542697975	
6.607548774		0.006495223349	0.0005431105173	
6.622686343		0.006506044428	0.0005436654968	
6.637823912		0.006518767431	0.0005443609055	
6.652961481		0.006533374836	0.0005451946966	
6.66809905		0.006549848936	0.0005461647835	
6.683236618		0.006568171832	0.0005472690394	
6.698374187		0.006588325414	0.0005485052965	
6.713511756		0.006610291355	0.0005498713449	
6.728649325		0.006634051088	0.0005513649317	
6.743786893		0.006659585794	0.0005529837603	
6.758924462		0.006686876382	0.0005547254893	
6.774062031		0.006715903476	0.0005565877309	
6.7891996		0.0067466474	0.0005585680504	
6.804337169		0.006779088162	0.0005606639652	
6.819474737		0.006813205448	0.0005628729437	
6.834612306		0.006848978606	0.0005651924058	
6.849749875		0.00688638664	0.0005676197219	
6.864887444		0.006925408195	0.0005701522133	
6.880025013		0.006966021556	0.0005727871523	
6.895162581		0.007008204637	0.0005755217619	
6.91030015		0.007051934984	0.0005783532169	
6.925437719		0.007097189771	0.0005812786442	
6.940575288		0.007143945808	0.000584295124	
6.955712856		0.007192179549	0.000587399691	
6.970850425		0.007241867098	0.0005905893365	
6.985987994		0.007292984222	0.0005938610103	
7.001125563		0.007345506363	0.0005972116224	
7.016263132		0.007399408654	0.0006006380462	
7.0314007		0.007454665939	0.0006041371201	
7.046538269		0.007511252794	0.0006077056506	
7.061675838		0.007569143554	0.0006113404152	
7.076813407		0.00762831234	0.0006150381658	
7.091950975		0.007688733088	0.0006187956317	
7.107088544		0.007750379578	0.0006226095236	
7.122226113		0.007813225469	0.0006264765375	
7.137363682		0.007877244324	0.0006303933576	
7.152501251		0.007942409648	0.0006343566608	
7.167638819		0.008008694924	0.0006383631201	
7.182776388		0.008076073646	0.0006424094086	
7.197913957		0.008144519365	0.0006464922036	
7.213051526		0.008214005727	0.0006506081909	
7.228189095		0.008284506498	0.0006547540679	
7.243326663		0.008355995595	0.0006589265471	
7.258464232		0.008428447111	0.0006631223591	
7.273601801		0.008501835342	0.0006673382559	
7.28873937		0.008576134828	0.0006715710149	
7.303876938		0.008651320376	0.0006758174416	
7.319014507		0.00872736709	0.0006800743728	
7.334152076		0.008804250399	0.0006843386794	
7.349289645		0.008881946078	0.0006886072688	
7.364427214		0.008960430266	0.0006928770877	
7.379564782		0.009039679487	0.0006971451243	
7.394702351		0.009119670666	0.0007014084103	
7.40983992		0.009200381138	0.0007056640229	
7.424977489		0.009281788669	0.000709909086	
7.440115058		0.009363871454	0.0007141407724	
7.455252626		0.009446608138	0.0007183563043	
7.470390195		0.009529977814	0.0007225529549	
7.485527764		0.009613960033	0.0007267280494	
7.500665333		0.009698534804	0.0007308789658	
7.515802901		0.009783682599	0.0007350031354	
7.53094047		0.009869384348	0.0007390980439	
7.546078039		0.009955621442	0.0007431612314	
7.561215608		0.01004237572	0.0007471902926	
7.576353177		0.01012962948	0.0007511828772	
7.591490745		0.01021736546	0.0007551366894	
7.606628314		0.01030556682	0.0007590494877	
7.621765883		0.01039421715	0.0007629190849	
7.636903452		0.01048330047	0.0007667433474	
7.652041021		0.01057280117	0.0007705201946	
7.667178589		0.01066270405	0.0007742475981	
7.682316158		0.01075299425	0.0007779235809	
7.697453727		0.01084365729	0.0007815462161	
7.712591296		0.01093467898	0.0007851136258	
7.727728864		0.01102604546	0.0007886239797	
7.742866433		0.01111774312	0.0007920754937	
7.758004002		0.01120975864	0.0007954664277	
7.773141571		0.01130207888	0.0007987950845	
7.78827914		0.01139469093	0.0008020598074	
7.803416708		0.01148758202	0.0008052589788	
7.818554277		0.01158073951	0.0008083910175	
7.833691846		0.01167415086	0.000811454377	
7.848829415		0.01176780357	0.0008144475432	
7.863966983		0.01186168519	0.0008173690322	
7.879104552		0.01195578323	0.0008202173882	
7.894242121		0.01205008516	0.0008229911812	
7.90937969		0.01214457836	0.000825689005	
7.924517259		0.01223925009	0.000828309475	
7.939654827		0.01233408745	0.0008308512267	
7.954792396		0.01242907734	0.0008333129133	
7.969929965		0.01252420646	0.0008356932044	
7.985067534		0.01261946123	0.0008379907844	
8.000205103		0.0127148278	0.0008402043511	
8.015342671		0.01281029202	0.0008423326147	
8.03048024		0.0129058394	0.0008443742966	
8.045617809		0.01300145511	0.0008463281287	
8.060755378		0.01309712393	0.0008481928527	
8.075892946		0.01319283027	0.0008499672201	
8.091030515		0.01328855816	0.0008516499913	
8.106168084		0.0133842912	0.0008532399363	
8.121305653		0.01348001258	0.000854735834	
8.136443222		0.01357570509	0.0008561364732	
8.15158079		0.01367135108	0.0008574406525	
8.166718359		0.01376693249	0.000858647181	
8.181855928		0.01386243084	0.0008597548787	
8.196993497		0.01395782722	0.0008607625775	
8.212131066		0.01405310233	0.0008616691216	
8.227268634		0.01414823644	0.0008624733686	
8.242406203		0.01424320944	0.0008631741901	
8.257543772		0.01433800081	0.0008637704726	
8.272681341		0.01443258965	0.0008642611186	
8.287818909		0.0145269547	0.0008646450471	
8.302956478		0.0146210743	0.0008649211945	
8.318094047		0.01471492646	0.000865088516	
8.333231616		0.01480848882	0.0008651459856	
8.348369185		0.01490173869	0.0008650925975	
8.363506753		0.01499465304	0.0008649273666	
8.378644322		0.01508720852	0.0008646493297	
8.393781891		0.01517938145	0.0008642575453	
8.40891946		0.01527114785	0.0008637510954	
8.424057029		0.01536248345	0.0008631290854	
8.439194597		0.01545336366	0.0008623906452	
8.454332166		0.01554376362	0.0008615349296	
8.469469735		0.01563365817	0.0008605611189	
8.484607304		0.0157230219	0.00085946842	
8.499744872		0.01581182911	0.0008582560662	
8.514882441		0.01590005383	0.0008569233188	
8.53002001		0.01598766984	0.000855469467	
8.545157579		0.01607465066	0.0008538938286	
8.560295148		0.01616096956	0.0008521957511	
8.575432716		0.01624659956	0.0008503746122	
8.590570285		0.01633151342	0.0008484298203	
8.605707854		0.01641568369	0.0008463608154	
8.620845423		0.01649908265	0.0008441670701	
8.635982991		0.01658168237	0.00084184809	
8.65112056		0.01666345467	0.0008394034151	
8.666258129		0.01674437114	0.0008368326205	
8.681395698		0.01682440317	0.0008341353172	
8.696533267		0.0169035219	0.0008313111538	
8.711670835		0.01698169827	0.0008283598169	
8.726808404		0.01705890298	0.0008252810329	
8.741945973		0.01713510654	0.0008220745691	
8.757083542		0.01721027924	0.0008187402352	
8.772221111		0.01728439116	0.0008152778845	
8.787358679		0.0173574122	0.0008116874158	
8.802496248		0.01742931202	0.0008079687747	
8.817633817		0.01750006013	0.0008041219558	
8.832771386		0.01756962581	0.0008001470038	
8.847908954		0.01763797818	0.000796044016	
8.863046523		0.01770508615	0.0007918131438	
8.878184092		0.01777091845	0.0007874545944	
8.893321661		0.0178354436	0.000782968632	
8.90845923		0.01789862989	0.0007783555793	
8.923596798		0.01796044531	0.0007736158163	
8.938734367		0.01802085745	0.0007687497785	
8.953871936		0.01807983336	0.0007637579544	
8.969009505		0.01813733962	0.0007586408904	
8.984147074		0.01819334308	0.0007533992249	
8.999284642		0.01824781249	0.0007480337563	
9.014422211		0.01830071899	0.0007425454624	
9.02955978		0.01835203338	0.0007369353856	
9.044697349		0.01840172352	0.0007312045347	
9.059834917		0.01844975529	0.0007253539294	
9.074972486		0.01849609434	0.0007193846749	
9.090110055		0.01854070674	0.0007132979907	
9.105247624		0.01858355899	0.0007070952104	
9.120385193		0.01862461779	0.0007007777766	
9.135522761		0.01866384997	0.0006943472377	
9.15066033		0.01870122243	0.0006878052483	
9.165797899		0.01873670209	0.0006811535695	
9.180935468		0.0187702559	0.000674394071	
9.196073037		0.01880185087	0.0006675287333	
9.211210605		0.01883145406	0.0006605596489	
9.226348174		0.01885903261	0.0006534890249	
9.241485743		0.01888455375	0.0006463191844	
9.256623312		0.01890798483	0.000639052568	
9.27176088		0.01892929331	0.0006316917354	
9.286898449		0.01894844683	0.000624239366	
9.302036018		0.01896541319	0.00061669826	
9.317173587		0.0189801604	0.0006090713388	
9.332311156		0.01899265669	0.0006013616453	
9.347448724		0.01900287054	0.0005935723435	
9.362586293		0.0190107707	0.0005857067184	
9.377723862		0.01901632622	0.0005777681745	
9.392861431		0.01901950649	0.0005697602353	
9.407998999		0.01902028126	0.000561686541	
9.423136568		0.01901862065	0.0005535508469	
9.438274137		0.01901449523	0.0005453570204	
9.453411706		0.01900787598	0.0005371090387	
9.468549275		0.01899873442	0.0005288109847	
9.483686843		0.01898704255	0.0005204670438	
9.498824412		0.01897277293	0.000512081499	
9.513961981		0.01895589873	0.0005036587265	
9.52909955		0.01893639373	0.0004952031905	
9.544237119		0.01891423241	0.0004867194372	
9.559374687		0.01888938993	0.0004782120889	
9.574512256		0.01886184221	0.0004696858375	
9.589649825		0.01883156598	0.000461145437	
9.604787394		0.01879853877	0.0004525956968	
9.619924962		0.01876273904	0.0004440414732	
9.635062531		0.01872414615	0.0004354876616	
9.6502001		0.01868274044	0.000426939188	
9.665337669		0.01863850328	0.0004184009998	
9.680475238		0.0185914171	0.0004098780571	
9.695612806		0.01854146547	0.0004013753227	
9.710750375		0.01848863312	0.0003928977533	
9.725887944		0.01843290603	0.0003844502889	
9.741025513		0.01837427143	0.0003760378435	
9.756163082		0.01831271791	0.0003676652947	
9.77130065		0.01824823543	0.0003593374736	
9.786438219		0.01818081541	0.0003510591551	
9.801575788		0.01811045075	0.0003428350473	
9.816713357		0.01803713594	0.0003346697822	
9.831850925		0.01796086706	0.0003265679052	
9.846988494		0.01788164185	0.0003185338661	
9.862126063		0.01779945979	0.0003105720091	
9.877263632		0.01771432217	0.0003026865644	
9.892401201		0.01762623209	0.0002948816385	
9.907538769		0.01753519455	0.0002871612065	
9.922676338		0.01744121653	0.0002795291038	
9.937813907		0.01734430702	0.0002719890184	
9.952951476		0.01724447705	0.0002645444839	
9.968089045		0.0171417398	0.0002571988732	
9.983226613		0.01703611064	0.0002499553919	
9.998364182		0.01692760712	0.0002428170731	
10.01350175		0.01681624912	0.0002357867726	
10.02863932		0.01670205884	0.0002288671646	
10.04377689		0.01658506083	0.0002220607376	
10.05891446		0.0164652821	0.0002153697922	
10.07405203		0.01634275211	0.0002087964383	
10.08918959		0.01621750282	0.0002023425934	
10.10432716		0.01608956875	0.0001960099821	
10.11946473		0.01595898699	0.000189800135	
10.1346023		0.01582579726	0.0001837143891	
10.14973987		0.01569004192	0.0001777538888	
10.16487744		0.01555176599	0.0001719195869	
10.18001501		0.01541101719	0.0001662122472	
10.19515258		0.01526784595	0.0001606324473	
10.21029015		0.0151223054	0.0001551805822	
10.22542771		0.01497445143	0.000149856868	
10.24056528		0.01482434265	0.0001446613454	
10.25570285		0.01467204043	0.0001395938838	
10.27084042		0.01451760891	0.0001346541862	
10.28597799		0.01436111492	0.0001298417945	
10.30111556		0.01420262804	0.0001251560968	
10.31625313		0.01404222049	0.0001205963342	
10.3313907		0.01387996717	0.0001161616082	
10.34652826		0.01371594562	0.0001118508864	
10.36166583		0.01355023604	0.0001076630077	
10.3768034		0.01338292126	0.0001035966869	
10.39194097		0.01321408669	9.965052198e-05	
10.40707854		0.01304382021	9.582300212e-05	
10.42221611		0.01287221209	9.211251885e-05	
10.43735368		0.01269935487	8.851737612e-05	
10.45249125		0.01252534336	8.503579784e-05	
10.46762881		0.01235027466	8.166593183e-05	
10.48276638		0.01217424817	7.840585157e-05	
10.49790395		0.0119973656	7.525355927e-05	
10.51304152		0.01181973074	7.220699343e-05	
10.52817909		0.01164144926	6.926404144e-05	
10.54331666		0.01146262835	6.642255413e-05	
10.55845423		0.01128337666	6.368035683e-05	
10.5735918		0.01110380431	6.10352529e-05	
10.58872936		0.01092402313	5.848502021e-05	
10.60386693		0.01074414684	5.602740585e-05	
10.6190045		0.01056429088	5.366012667e-05	
10.63414207		0.010384572	5.138088005e-05	
10.64927964		0.01020510754	4.918736272e-05	
10.66441721		0.0100260149	4.707728932e-05	
10.67955478		0.009847411426	4.504840106e-05	
10.69469235		0.009669414846	4.309846009e-05	
10.70982991		0.009492144004	4.122523441e-05	
10.72496748		0.009315719273	3.942648496e-05	
10.74010505		0.009140262213	3.769996649e-05	
10.75524262		0.008965894429	3.60434457e-05	
10.77038019		0.008792736129	3.445472861e-05	
10.78551776		0.00862090522	3.293168194e-05	
10.80065533		0.008450517579	3.147223547e-05	
10.8157929		0.00828168847	3.007436354e-05	
10.83093047		0.00811453426	2.873605759e-05	
10.84606803		0.007949173237	2.745530829e-05	
10.8612056		0.007785724701	2.6230111e-05	
10.87634317		0.007624306554	2.505849401e-05	
10.89148074		0.007465032627	2.393855384e-05	
10.90661831		0.007308011413	2.286847596e-05	
10.92175588		0.007153347134	2.184652725e-05	
10.93689345		0.007001142647	2.087102351e-05	
10.95203102		0.006851502321	1.994029151e-05	
10.96716858		0.00670453291	1.905264945e-05	
10.98230615		0.006560342094	1.820642122e-05	
10.99744372		0.006419036628	1.739998054e-05	
11.01258129		0.006280720629	1.663179671e-05	
11.02771886		0.006145491386	1.590044354e-05	
11.04285643		0.006013436307	1.520456824e-05	
11.057994		0.005884637534	1.454284958e-05	
11.07313157		0.005759179595	1.391396412e-05	
11.08826913		0.005637152515	1.331657383e-05	
11.1034067		0.005518648539	1.274934453e-05	
11.11854427		0.005403755021	1.221098701e-05	
11.13368184		0.00529254782	1.17002963e-05	
11.14881941		0.005185089285	1.121616536e-05	
11.16395698		0.005081432298	1.075756433e-05	
11.17909455		0.004981628325	1.032349758e-05	
11.19423212		0.004885734846	9.912963393e-06	
11.20936968		0.004793817602	9.524939347e-06	
11.22450725		0.004705945844	9.158401191e-06	
11.23964482		0.004622182915	8.812363291e-06	
11.25478239		0.004542577503	8.485916251e-06	
11.26991996		0.004467160839	8.178239561e-06	
11.28505753		0.004395951828	7.888582409e-06	
11.3001951		0.004328967587	7.616224085e-06	
11.31533267		0.004266233618	7.360436241e-06	
11.33047024		0.004207787706	7.120467454e-06	
11.3456078		0.004153674858	6.895557675e-06	
11.36074537		0.004103935694	6.684973176e-06	
11.37588294		0.004058594758	6.488041114e-06	
11.39102051		0.004017655484	6.30416388e-06	
11.40615808		0.003981104916	6.132805831e-06	
11.42129565		0.003948925848	5.973460445e-06	
11.43643322		0.003921110003	5.825615698e-06	
11.45157079		0.003897664957	5.688735643e-06	
11.46670835		0.00387861054	5.562267311e-06	
11.48184592		0.003863966173	5.445668279e-06	
11.49698349		0.003853736051	5.338438778e-06	
11.51212106		0.00384790055	5.240140208e-06	
11.52725863		0.003846418706	5.150390501e-06	
11.5423962		0.003849240563	5.068839642e-06	
11.55753377		0.003856323122	4.995138317e-06	
11.57267134		0.003867641582	4.928915403e-06	
11.5878089		0.003883189497	4.86977556e-06	
11.60294647		0.003902967104	4.817317994e-06	
11.61808404		0.003926963975	4.771165823e-06	
11.63322161		0.003955145726	4.730989496e-06	
11.64835918		0.003987452115	4.696511748e-06	
11.66349675		0.004023807332	4.667492334e-06	
11.67863432		0.004064137245	4.643700836e-06	
11.69377189		0.004108385147	4.624890785e-06	
11.70890945		0.004156517817	4.610787733e-06	
11.72404702		0.00420851794	4.601097718e-06	
11.73918459		0.004264366348	4.595531944e-06	
11.75432216		0.004324023965	4.593833927e-06	
11.76945973		0.004387423544	4.595793979e-06	
11.7845973		0.004454475138	4.601244016e-06	
11.79973487		0.004525081934	4.610036431e-06	
11.81487244		0.00459915887	4.622017517e-06	
11.83001001		0.00467664532	4.637007697e-06	
11.84514757		0.004757504952	4.654798489e-06	
11.86028514		0.004841711716	4.675168732e-06	
11.87542271		0.004929229181	4.697911745e-06	
11.89056028		0.005019995067	4.72285797e-06	
11.90569785		0.005113919209	4.749880798e-06	
11.92083542		0.005210894738	4.778884059e-06	
11.93597299		0.005310816251	4.809778718e-06	
11.95111056		0.005413597073	4.842459398e-06	
11.96624812		0.005519177879	4.876791066e-06	
11.98138569		0.005627521366	4.912613054e-06	
11.99652326		0.005738594403	4.949759684e-06	
12.01166083		0.005852347423	4.988086341e-06	
12.0267984		0.005968703101	5.027485726e-06	
12.04193597		0.006087559502	5.06788601e-06	
12.05707354		0.006208803845	5.109234244e-06	
12.07221111		0.006332329523	5.151474068e-06	
12.08734867		0.006458049596	5.19452645e-06	
12.10248624		0.006585900335	5.238280845e-06	
12.11762381		0.00671583054	5.282601635e-06	
12.13276138		0.006847779732	5.327347408e-06	
12.14789895		0.006981657477	5.372392374e-06	
12.16303652		0.007117338917	5.417639325e-06	
12.17817409		0.007254685017	5.463024152e-06	
12.19331166		0.007393582847	5.508518629e-06	
12.20844922		0.007533982996	5.55412762e-06	
12.22358679		0.007675901307	5.599866202e-06	
12.23872436		0.00781937854	5.645722225e-06	
12.25386193		0.007964432872	5.691637455e-06	
12.2689995		0.008111036971	5.737524692e-06	
12.28413707		0.008259119401	5.783300658e-06	
12.29927464		0.008408578341	5.82890663e-06	
12.31441221		0.008559299262	5.874308415e-06	
12.32954977		0.008711170911	5.919484231e-06	
12.34468734		0.008864097193	5.964410609e-06	
12.35982491		0.009018004962	6.009051327e-06	
12.37496248		0.009172845775	6.053352873e-06	
12.39010005		0.009328588342	6.09724994e-06	
12.40523762		0.009485203171	6.140679737e-06	
12.42037519		0.009642647974	6.183596757e-06	
12.43551276		0.009800862905	6.225978365e-06	
12.45065033		0.009959776542	6.267819124e-06	
12.46578789		0.01011931596	6.309120046e-06	
12.48092546		0.0102794155	6.349878843e-06	
12.49606303		0.01044002356	6.390082645e-06	
12.5112006		0.01060110615	6.429704117e-06	
12.52633817		0.01076264365	6.468704078e-06	
12.54147574		0.01092461993	6.50704156e-06	
12.55661331		0.01108700982	6.544686158e-06	
12.57175088		0.01124977344	6.581624523e-06	
12.58688844		0.01141285985	6.617857675e-06	
12.60202601		0.01157621487	6.653393506e-06	
12.61716358		0.01173978743	6.68824012e-06	
12.63230115		0.01190353446	6.722400867e-06	
12.64743872		0.01206742558	6.755869953e-06	
12.66257629		0.01223144468	6.788630572e-06	
12.67771386		0.01239558496	6.820658669e-06	
12.69285143		0.01255983895	6.851931606e-06	
12.70798899		0.01272419018	6.882436127e-06	
12.72312656		0.01288861193	6.912170362e-06	
12.73826413		0.0130530713	6.941140534e-06	
12.7534017		0.01321753298	6.969357209e-06	
12.76853927		0.01338196156	6.996833013e-06	
12.78367684		0.01354632489	7.02357983e-06	
12.79881441		0.01371059848	7.049604983e-06	
12.81395198		0.01387476736	7.074909078e-06	
12.82908954		0.01403882336	7.099487633e-06	
12.84422711		0.01420275976	7.12333534e-06	
12.85936468		0.0143665676	7.146449515e-06	
12.87450225		0.01453023517	7.168830789e-06	
12.88963982		0.01469374899	7.190482295e-06	
12.90477739		0.01485709406	7.211409239e-06	
12.91991496		0.0150202541	7.231618671e-06	
12.93505253		0.01518321297	7.251118461e-06	
12.9501901		0.01534595631	7.269915835e-06	
12.96532766		0.0155084725	7.288016481e-06	
12.98046523		0.01567075228	7.305424544e-06	
12.9956028		0.01583278799	7.322143118e-06	
13.01074037		0.01599457278	7.338174804e-06	
13.02587794		0.01615610002	7.3535221e-06	
13.04101551		0.016317363	7.368187632e-06	
13.05615308		0.01647835482	7.382174247e-06	
13.07129065		0.01663906832	7.39548503e-06	
13.08642821		0.01679949607	7.408123291e-06	
13.10156578		0.01695963038	7.420092531e-06	
13.11670335		0.01711946334	7.431396405e-06	
13.13184092		0.01727898686	7.442038694e-06	
13.14697849		0.01743819262	7.452023272e-06	
13.16211606		0.01759707216	7.461354086e-06	
13.17725363		0.01775561688	7.470035137e-06	
13.1923912		0.01791381803	7.478070468e-06	
13.20752876		0.01807166674	7.485464155e-06	
13.22266633		0.01822915407	7.492220296e-06	
13.2378039		0.01838627096	7.498343012e-06	
13.25294147		0.01854300831	7.503836445e-06	
13.26807904		0.01869935696	7.508704751e-06	
13.28321661		0.01885530771	7.512952109e-06	
13.29835418		0.01901085135	7.516582715e-06	
13.31349175		0.01916597867	7.51960079e-06	
13.32862931		0.01932068047	7.522010577e-06	
13.34376688		0.0194749476	7.523816345e-06	
13.35890445		0.01962877095	7.525022394e-06	
13.37404202		0.01978214145	7.525633053e-06	
13.38917959		0.01993505015	7.525652684e-06	
13.40431716		0.02008748817	7.525085685e-06	
13.41945473		0.02023944673	7.523936489e-06	
13.4345923		0.02039091719	7.522209567e-06	
13.44972986		0.02054189103	7.519909428e-06	
13.46486743		0.02069235987	7.517040623e-06	
13.480005		0.0208423155	7.51360774e-06	
13.49514257		0.02099174985	7.50961541e-06	
13.51028014		0.02114065505	7.505068302e-06	
13.52541771		0.0212890234	7.499971128e-06	
13.54055528		0.02143684741	7.494328639e-06	
13.55569285		0.02158411977	7.488145626e-06	
13.57083042		0.02173083339	7.481426919e-06	
13.58596798		0.0218769814	7.474177389e-06	
13.60110555		0.02202255715	7.466401943e-06	
13.61624312		0.02216755425	7.458105529e-06	
13.63138069		0.02231196651	7.44929313e-06	
13.64651826		0.02245578802	7.439969765e-06	
13.66165583		0.02259901311	7.430140494e-06	
13.6767934		0.02274163637	7.419810408e-06	
13.69193097		0.02288365268	7.408984638e-06	
13.70706853		0.02302505719	7.397668348e-06	
13.7222061		0.0231658453	7.385866739e-06	
13.73734367		0.02330601276	7.373585048e-06	
13.75248124		0.02344555557	7.360828549e-06	
13.76761881		0.02358447006	7.34760255e-06	
13.78275638		0.02372275287	7.333912399e-06	
13.79789395		0.02386040095	7.319763481e-06	
13.81303152		0.02399741159	7.305161218e-06	
13.82816908		0.0241337824	7.290111075e-06	
13.84330665		0.02426951134	7.274618555e-06	
13.85844422		0.02440459672	7.258689202e-06	
13.87358179		0.02453903716	7.2423286e-06	
13.88871936		0.02467283164	7.225542371e-06	
13.90385693		0.02480597944	7.208336165e-06	
13.9189945		0.02493848008	7.190715649e-06	
13.93413207		0.02507033326	7.172686478e-06	
13.94926963		0.02520153867	7.15425426e-06	
13.9644072		0.025332096	7.135424552e-06	
13.97954477		0.02546200546	7.116203015e-06	
13.99468234		0.02559126935	7.09659585e-06	
14.00981991		0.0257198933	7.076610123e-06	
14.02495748		0.02584788416	7.05625315e-06	
14.04009505		0.02597524647	7.035531553e-06	
14.05523262		0.02610198257	7.0144513e-06	
14.07037019		0.02622809464	6.993018294e-06	
14.08550775		0.02635358579	6.971238668e-06	
14.10064532		0.02647846014	6.949118796e-06	
14.11578289		0.0266027226	6.926665243e-06	
14.13092046		0.02672637874	6.90388472e-06	
14.14605803		0.02684943466	6.880784059e-06	
14.1611956		0.02697189696	6.857370206e-06	
14.17633317		0.02709377273	6.833650219e-06	
14.19147074		0.02721506951	6.809631266e-06	
14.2066083		0.02733579532	6.785320631e-06	
14.22174587		0.02745595863	6.760725713e-06	
14.23688344		0.02757556836	6.735854029e-06	
14.25202101		0.0276946339	6.71071322e-06	
14.26715858		0.02781316507	6.68531105e-06	
14.28229615		0.02793117214	6.659655408e-06	
14.29743372		0.02804866582	6.633754313e-06	
14.31257129		0.02816565722	6.607615913e-06	
14.32770885		0.0282821579	6.581248484e-06	
14.34284642		0.0283981798	6.554660435e-06	
14.35798399		0.02851373527	6.527860304e-06	
14.37312156		0.02862883701	6.500856762e-06	
14.38825913		0.02874349812	6.473658605e-06	
14.4033967		0.02885773201	6.446274759e-06	
14.41853427		0.02897155244	6.418714275e-06	
14.43367184		0.02908497346	6.390986327e-06	
14.4488094		0.02919800941	6.363100205e-06	
14.46394697		0.02931067488	6.335065318e-06	
14.47908454		0.02942298471	6.30689118e-06	
14.49422211		0.02953495392	6.278587414e-06	
14.50935968		0.02964659773	6.250163739e-06	
14.52449725		0.0297579315	6.221629964e-06	
14.53963482		0.0298689707	6.192995983e-06	
14.55477239		0.02997973086	6.164271766e-06	
14.56990995		0.0300902276	6.135467347e-06	
14.58504752		0.03020047652	6.106592818e-06	
14.60018509		0.03031049318	6.077658315e-06	
14.61532266		0.0304202931	6.048674011e-06	
14.63046023		0.03052989166	6.019650102e-06	
14.6455978		0.03063930412	5.990596792e-06	
14.66073537		0.03074854553	5.961524285e-06	
14.67587294		0.03085763071	5.932442771e-06	
14.69101051		0.03096657419	5.903362407e-06	
14.70614807		0.03107539019	5.874293309e-06	
14.72128564		0.03118409255	5.845245535e-06	
14.73642321		0.03129269472	5.816229067e-06	
14.75156078		0.03140120966	5.787253801e-06	
14.76669835		0.03150964985	5.758329528e-06	
14.78183592		0.03161802722	5.729465917e-06	
14.79697349		0.03172635312	5.700672506e-06	
14.81211106		0.03183463824	5.671958678e-06	
14.82724862		0.03194289262	5.643333652e-06	
14.84238619		0.0320511256	5.614806461e-06	
14.85752376		0.03215934572	5.586385944e-06	
14.87266133		0.03226756079	5.558080725e-06	
14.8877989		0.03237577775	5.529899204e-06	
14.90293647		0.03248400272	5.501849535e-06	
14.91807404		0.03259224092	5.47393962e-06	
14.93321161		0.03270049665	5.446177092e-06	
14.94834917		0.0328087733	5.418569304e-06	
14.96348674		0.03291707328	5.391123316e-06	
14.97862431		0.03302539805	5.363845885e-06	
14.99376188		0.03313374805	5.336743455e-06	
15.00889945		0.03324212276	5.309822148e-06	
15.02403702		0.03335052063	5.283087754e-06	
15.03917459		0.03345893911	5.256545728e-06	
15.05431216		0.03356737465	5.230201179e-06	
15.06944972		0.0336758227	5.204058869e-06	
15.08458729		0.03378427771	5.178123204e-06	
15.09972486		0.03389273313	5.152398239e-06	
15.11486243		0.03400118148	5.126887669e-06	
15.13		0.03410961432	5.101594833e-06	
