-15.13		0.9530265702	0.0001489820929	
-15.11486243		0.9532712086	0.0001498442879	
-15.09972486		0.9535378811	0.0001507091523	
-15.08458729		0.9538229776	0.0001515788276	
-15.06944972		0.954121464	0.0001524546749	
-15.05431216		0.954427832	0.0001533375219	
-15.03917459		0.9547368559	0.0001542278637	
-15.02403702		0.955044033	0.0001551260034	
-15.00889945		0.955345762	0.0001560321412	
-14.99376188		0.9556393436	0.0001569464247	
-14.97862431		0.9559228893	0.0001578689768	
-14.96348674		0.956195194	0.0001587999093	
-14.94834917		0.956455604	0.0001597393305	
-14.93321161		0.9567038967	0.000160687348	
-14.91807404		0.9569401773	0.0001616440706	
-14.90293647		0.9571647933	0.000162609609	
-14.8877989		0.9573782647	0.0001635840758	
-14.87266133		0.9575812294	0.0001645675862	
-14.85752376		0.9577743993	0.0001655602575	
-14.84238619		0.9579585273	0.0001665622095	
-14.82724862		0.9581343813	0.0001675735646	
-14.81211106		0.9583027255	0.0001685944474	
-14.79697349		0.9584643057	0.0001696249849	
-14.78183592		0.9586198402	0.0001706653068	
-14.76669835		0.9587700122	0.000171715545	
-14.75156078		0.9589154659	0.000172775834	
-14.73642321		0.9590568041	0.0001738463109	
-14.72128564		0.9591945871	0.0001749271153	
-14.70614807		0.9593293334	0.0001760183893	
-14.69101051		0.9594615199	0.0001771202776	
-14.67587294		0.9595915842	0.0001782329278	
-14.66073537		0.9597199261	0.00017935649	
-14.6455978		0.9598469101	0.0001804911171	
-14.63046023		0.9599728675	0.0001816369649	
-14.61532266		0.9600980988	0.000182794192	
-14.60018509		0.9602228764	0.0001839629598	
-14.58504752		0.9603474463	0.000185143433	
-14.56990995		0.9604720312	0.0001863357791	
-14.55477239		0.9605968318	0.000187540169	
-14.53963482		0.9607220293	0.0001887567766	
-14.52449725		0.9608477872	0.0001899857791	
-14.50935968		0.9609742529	0.0001912273571	
-14.49422211		0.9611015592	0.0001924816947	
-14.47908454		0.9612298263	0.0001937489796	
-14.46394697		0.9613591626	0.000195029403	
-14.4488094		0.9614896661	0.0001963231599	
-14.43367184		0.9616214254	0.0001976304491	
-14.41853427		0.9617545212	0.0001989514732	
-14.4033967		0.9618890264	0.0002002864392	
-14.38825913		0.9620250075	0.0002016355578	
-14.37312156		0.9621625252	0.0002029990443	
-14.35798399		0.962301635	0.0002043771182	
-14.34284642		0.9624423875	0.0002057700035	
-14.32770885		0.9625848296	0.0002071779288	
-14.31257129		0.9627290041	0.0002086011276	
-14.29743372		0.9628749509	0.0002100398381	
-14.28229615		0.9630227067	0.0002114943036	
-14.26715858		0.9631723057	0.0002129647726	
-14.25202101		0.9633237798	0.0002144514989	
-14.23688344		0.9634771585	0.0002159547416	
-14.22174587		0.9636324696	0.0002174747658	
-14.2066083		0.9637897391	0.000219011842	
-14.19147074		0.9639489914	0.0002205662468	
-14.17633317		0.9641102492	0.0002221382631	
-14.1611956		0.964273534	0.0002237281799	
-14.14605803		0.9644388659	0.0002253362928	
-14.13092046		0.9646062635	0.000226962904	
-14.11578289		0.9647757445	0.0002286083227	
-14.10064532		0.9649473252	0.0002302728653	
-14.08550775		0.9651210207	0.0002319568553	
-14.07037019		0.9652968449	0.0002336606238	
-14.05523262		0.9654748106	0.0002353845097	
-14.04009505		0.9656549291	0.0002371288599	
-14.02495748		0.9658372108	0.0002388940294	
-14.00981991		0.9660216645	0.0002406803818	
-13.99468234		0.9662082979	0.0002424882895	
-13.97954477		0.9663971172	0.0002443181336	
-13.9644072		0.9665881272	0.0002461703048	
-13.94926963		0.9667813311	0.000248045203	
-13.93413207		0.9669767307	0.0002499432382	
-13.9189945		0.967174326	0.0002518648303	
-13.90385693		0.9673741154	0.0002538104096	
-13.88871936		0.9675760954	0.0002557804174	
-13.87358179		0.9677802607	0.0002577753057	
-13.85844422		0.9679866042	0.0002597955379	
-13.84330665		0.9681951164	0.0002618415892	
-13.82816908		0.9684057861	0.0002639139468	
-13.81303152		0.9686185997	0.0002660131101	
-13.79789395		0.9688335412	0.0002681395916	
-13.78275638		0.9690505926	0.0002702939166	
-13.76761881		0.969269733	0.0002724766239	
-13.75248124		0.9694909394	0.0002746882664	
-13.73734367		0.9697141861	0.0002769294111	
-13.7222061		0.9699394446	0.0002792006398	
-13.70706853		0.9701666838	0.0002815025496	
-13.69193097		0.9703958699	0.0002838357528	
-13.6767934		0.9706269661	0.0002862008783	
-13.66165583		0.9708599329	0.0002885985711	
-13.64651826		0.9710947277	0.0002910294936	
-13.63138069		0.9713313052	0.0002934943256	
-13.61624312		0.971569617	0.0002959937653	
-13.60110555		0.9718096117	0.0002985285293	
-13.58596798		0.9720512349	0.0003010993541	
-13.57083042		0.9722944295	0.000303706996	
-13.55569285		0.972539135	0.0003063522321	
-13.54055528		0.9727852884	0.0003090358614	
-13.52541771		0.9730328236	0.0003117587052	
-13.51028014		0.9732816718	0.0003145216084	
-13.49514257		0.9735317614	0.0003173254405	
-13.480005		0.9737830182	0.0003201710969	
-13.46486743		0.9740353653	0.0003230595003	
-13.44972986		0.9742887236	0.0003259916023	
-13.4345923		0.9745430114	0.0003289683855	
-13.41945473		0.9747981451	0.0003319908657	
-13.40431716		0.975054039	0.0003350600946	
-13.38917959		0.9753106057	0.0003381771631	
-13.37404202		0.975567756	0.0003413432053	
-13.35890445		0.9758253997	0.0003445594032	
-13.34376688		0.9760834451	0.0003478269914	
-13.32862931		0.9763418001	0.0003511472633	
-13.31349175		0.9766003715	0.0003545215759	
-13.29835418		0.9768590661	0.0003579513525	
-13.28321661		0.9771177898	0.000361438079	
-13.26807904		0.9773764478	0.0003649832864	
-13.25294147		0.9776349434	0.0003685885093	
-13.2378039		0.977893176	0.0003722552077	
-13.22266633		0.9781510384	0.0003759846532	
-13.20752876		0.9784084152	0.0003797778253	
-13.1923912		0.978665184	0.0003836354328	
-13.17725363		0.9789212238	0.0003875582063	
-13.16211606		0.9791764284	0.0003915474306	
-13.14697849		0.9794307159	0.0003956053584	
-13.13184092		0.9796840231	0.0003997350889	
-13.11670335		0.9799362898	0.000403939921	
-13.10156578		0.9801874405	0.0004082225762	
-13.08642821		0.9804373741	0.000412584619	
-13.07129065		0.9806859607	0.0004170262123	
-13.05615308		0.9809330498	0.0004215463433	
-13.04101551		0.9811784889	0.0004261436809	
-13.02587794		0.9814221519	0.0004308179684	
-13.01074037		0.9816639621	0.0004355713374	
-12.9956028		0.9819038945	0.0004404086143	
-12.98046523		0.9821419503	0.000445336188	
-12.96532766		0.9823781204	0.0004503600457	
-12.9501901		0.9826123568	0.0004554840547	
-12.93505253		0.9828445633	0.0004607091692	
-12.91991496		0.9830746058	0.0004660337686	
-12.90477739		0.9833023378	0.0004714550881	
-12.88963982		0.9835276347	0.0004769713548	
-12.87450225		0.9837504207	0.0004825837636	
-12.85936468		0.9839706775	0.0004882972756	
-12.84422711		0.9841884265	0.0004941196897	
-12.82908954		0.9844036946	0.0005000594128	
-12.81395198		0.9846164813	0.0005061231052	
-12.79881441		0.984826742	0.0005123142142	
-12.78367684		0.9850343898	0.0005186327718	
-12.76853927		0.9852393137	0.0005250764758	
-12.7534017		0.9854414057	0.0005316428018	
-12.73826413		0.9856405897	0.0005383314129	
-12.72312656		0.9858368367	0.0005451457837	
-12.70798899		0.9860301613	0.0005520931831	
-12.69285143		0.9862205981	0.0005591829689	
-12.67771386		0.9864081729	0.0005664240764	
-12.66257629		0.9865928803	0.0005738228571	
-12.64743872		0.9867746772	0.0005813820217	
-12.63230115		0.9869534911	0.0005891010371	
-12.61716358		0.9871292411	0.0005969779744	
-12.60202601		0.9873018634	0.0006050121896	
-12.58688844		0.98747133	0.0006132066706	
-12.57175088		0.9876376521	0.0006215689049	
-12.55661331		0.9878008673	0.0006301097531	
-12.54147574		0.9879610143	0.0006388407847	
-12.52633817		0.9881181099	0.0006477712856	
-12.5112006		0.9882721364	0.000656906256	
-12.49606303		0.9884230454	0.0006662463021	
-12.48092546		0.9885707744	0.0006757895785	
-12.46578789		0.9887152693	0.0006855349878	
-12.45065033		0.9888565037	0.0006954852104	
-12.43551276		0.9889944854	0.0007056482056	
-12.42037519		0.9891292488	0.0007160364392	
-12.40523762		0.9892608353	0.0007266640477	
-12.39010005		0.9893892711	0.0007375431745	
-12.37496248		0.9895145542	0.0007486812358	
-12.35982491		0.989636654	0.000760080487	
-12.34468734		0.9897555248	0.0007717401149	
-12.32954977		0.989871125	0.0007836598273	
-12.31441221		0.989983434	0.0007958433126	
-12.29927464		0.9900924594	0.0008083001206	
-12.28413707		0.990198232	0.0008210451076	
-12.2689995		0.9903007909	0.0008340954995	
-12.25386193		0.9904001648	0.0008474668116	
-12.23872436		0.9904963596	0.0008611696346	
-12.22358679		0.9905893576	0.0008752089192	
-12.20844922		0.9906791282	0.0008895860383	
-12.19331166		0.9907656429	0.0009043025481	
-12.17817409		0.9908488895	0.0009193639606	
-12.16303652		0.9909288784	0.0009347819434	
-12.14789895		0.9910056384	0.0009505738985	
-12.13276138		0.9910792048	0.0009667599017	
-12.11762381		0.9911496047	0.000983358364	
-12.10248624		0.991216847	0.001000382622	
-12.08734867		0.9912809222	0.001017840196	
-12.07221111		0.9913418092	0.001035734993	
-12.05707354		0.9913994868	0.001054071314	
-12.04193597		0.9914539421	0.001072857837	
-12.0267984		0.9915051778	0.001092109786	
-12.01166083		0.9915532208	0.001111848194	
-11.99652326		0.9915981305	0.001132096466	
-11.98138569		0.9916399807	0.001152875886	
-11.96624812		0.9916788139	0.001174202422	
-11.95111056		0.9917146263	0.001196086469	
-11.93597299		0.9917473947	0.001218535593	
-11.92083542		0.9917771032	0.001241558814	
-11.90569785		0.9918037534	0.001265170393	
-11.89056028		0.991827364	0.001289391301	
-11.87542271		0.9918479644	0.001314247617	
-11.86028514		0.9918655859	0.001339766576	
-11.84514757		0.9918802546	0.001365972351	
-11.83001001		0.9918919876	0.001392883773	
-11.81487244		0.991900796	0.001420515114	
-11.79973487		0.9919066899	0.001448879446	
-11.7845973		0.9919096846	0.001477992804	
-11.76945973		0.9919098036	0.001507877066	
-11.75432216		0.991907078	0.001538560106	
-11.73918459		0.9919015426	0.001570073147	
-11.72404702		0.9918932308	0.001602446755	
-11.70890945		0.9918821715	0.001635707648	
-11.69377189		0.9918683888	0.00166987801	
-11.67863432		0.9918519047	0.001704977562	
-11.66349675		0.9918327427	0.001741027171	
-11.64835918		0.9918109311	0.001778052051	
-11.63322161		0.9917865035	0.001816082881	
-11.61808404		0.9917594969	0.001855154327	
-11.60294647		0.9917299494	0.001895301884	
-11.5878089		0.9916978973	0.001936558852	
-11.57267134		0.9916633744	0.001978955085	
-11.55753377		0.9916264129	0.002022518096	
-11.5423962		0.9915870451	0.002067275743	
-11.52725863		0.9915453055	0.002113258923	
-11.51212106		0.9915012314	0.00216050282	
-11.49698349		0.9914548631	0.002209046143	
-11.48184592		0.9914062416	0.002258928944	
-11.46670835		0.991355408	0.002310190345	
-11.45157079		0.991302402	0.002362867457	
-11.43643322		0.9912472627	0.002416995943	
-11.42129565		0.9911900289	0.002472611759	
-11.40615808		0.9911307405	0.002529752955	
-11.39102051		0.9910694387	0.00258846054	
-11.37588294		0.9910061663	0.002648778035	
-11.36074537		0.9909409671	0.002710750138	
-11.3456078		0.9908738848	0.002774421335	
-11.33047024		0.990804963	0.002839835243	
-11.31533267		0.9907342448	0.002907034929	
-11.3001951		0.9906617732	0.002976063871	
-11.28505753		0.9905875917	0.00304696691	
-11.26991996		0.9905117443	0.003119790667	
-11.25478239		0.9904342757	0.003194583258	
-11.23964482		0.9903552311	0.003271393587	
-11.22450725		0.9902746555	0.003350270653	
-11.20936968		0.990192594	0.003431263249	
-11.19423212		0.9901090913	0.00351442011	
-11.17909455		0.9900241923	0.003599790328	
-11.16395698		0.9899379415	0.003687423714	
-11.14881941		0.9898503838	0.003777370917	
-11.13368184		0.989761564	0.003869683239	
-11.11854427		0.9896715271	0.003964412306	
-11.1034067		0.9895803176	0.004061609768	
-11.08826913		0.9894879802	0.004161327158	
-11.07313157		0.989394559	0.004263615915	
-11.057994		0.9893000979	0.004368527486	
-11.04285643		0.9892046405	0.004476113399	
-11.02771886		0.9891082303	0.004586425235	
-11.01258129		0.9890109102	0.004699514507	
-10.99744372		0.9889127231	0.004815432501	
-10.98230615		0.9888137114	0.004934230123	
-10.96716858		0.9887139168	0.005055957801	
-10.95203102		0.988613381	0.005180665432	
-10.93689345		0.988512145	0.005308402338	
-10.92175588		0.9884102491	0.005439217214	
-10.90661831		0.9883077335	0.005573158043	
-10.89148074		0.9882046375	0.005710271992	
-10.87634317		0.9881010002	0.005850605292	
-10.8612056		0.98799686	0.005994203129	
-10.84606803		0.9878922545	0.006141109537	
-10.83093047		0.987787221	0.006291367308	
-10.8157929		0.9876817961	0.006445017902	
-10.80065533		0.9875760156	0.00660210135	
-10.78551776		0.9874699148	0.006762656155	
-10.77038019		0.9873635283	0.006926719189	
-10.75524262		0.9872568901	0.00709432559	
-10.74010505		0.9871500334	0.007265508659	
-10.72496748		0.9870429907	0.007440299765	
-10.70982991		0.9869357938	0.007618728246	
-10.69469235		0.9868284739	0.007800821319	
-10.67955478		0.9867210613	0.007986603984	
-10.66441721		0.9866135857	0.008176098939	
-10.64927964		0.9865060759	0.008369326493	
-10.63414207		0.9863985601	0.00856630448	
-10.6190045		0.9862910658	0.008767048185	
-10.60386693		0.9861836196	0.008971570266	
-10.58872936		0.9860762473	0.009179880689	
-10.5735918		0.985968974	0.009391986657	
-10.55845423		0.9858618242	0.009607892557	
-10.54331666		0.9857548214	0.009827599902	
-10.52817909		0.9856479885	0.01005110729	
-10.51304152		0.9855413475	0.01027841035	
-10.49790395		0.9854349198	0.01050950172	
-10.48276638		0.9853287258	0.01074437102	
-10.46762881		0.9852227854	0.01098300482	
-10.45249125		0.9851171176	0.01122538664	
-10.43735368		0.9850117406	0.01147149693	
-10.42221611		0.9849066721	0.01172131309	
-10.40707854		0.9848019287	0.01197480945	
-10.39194097		0.9846975265	0.0122319573	
-10.3768034		0.9845934809	0.01249272493	
-10.36166583		0.9844898064	0.01275707765	
-10.34652826		0.9843865168	0.01302497781	
-10.3313907		0.9842836254	0.01329638487	
-10.31625313		0.9841811445	0.01357125543	
-10.30111556		0.9840790858	0.01384954333	
-10.28597799		0.9839774604	0.01413119966	
-10.27084042		0.9838762786	0.01441617288	
-10.25570285		0.98377555	0.01470440889	
-10.24056528		0.9836752837	0.01499585111	
-10.22542771		0.9835754878	0.01529044054	
-10.21029015		0.9834761701	0.01558811594	
-10.19515258		0.9833773375	0.01588881383	
-10.18001501		0.9832789963	0.01619246868	
-10.16487744		0.9831811521	0.01649901299	
-10.14973987		0.98308381	0.01680837738	
-10.1346023		0.9829869742	0.01712049076	
-10.11946473		0.9828906484	0.01743528039	
-10.10432716		0.982794835	0.01775267205	
-10.08918959		0.9826995354	0.01807259015	
-10.07405203		0.9826047488	0.01839495781	
-10.05891446		0.9825104713	0.018719697	
-10.04377689		0.9824166936	0.01904672859	
-10.02863932		0.9823234008	0.01937597251	
-10.01350175		0.9822305797	0.01970734796	
-9.998364182		0.9821382363	0.02004077395	
-9.983226613		0.9820464037	0.0203761696	
-9.968089045		0.9819551156	0.02071345374	
-9.952951476		0.9818643796	0.02105254449	
-9.937813907		0.9817741839	0.02139335946	
-9.922676338		0.9816845127	0.02173581621	
-9.907538769		0.9815953532	0.02207983246	
-9.892401201		0.9815066956	0.02242532626	
-9.877263632		0.9814185322	0.02277221606	
-9.862126063		0.9813308559	0.02312042078	
-9.846988494		0.9812436601	0.0234698599	
-9.831850925		0.9811569378	0.02382045357	
-9.816713357		0.9810706818	0.02417212266	
-9.801575788		0.9809848846	0.02452478887	
-9.786438219		0.9808995382	0.0248783748	
-9.77130065		0.9808146342	0.02523280403	
-9.756163082		0.980730164	0.02558800118	
-9.741025513		0.9806461183	0.02594389197	
-9.725887944		0.9805624875	0.02630040331	
-9.710750375		0.9804792619	0.02665746332	
-9.695612806		0.9803964311	0.0270150014	
-9.680475238		0.9803139846	0.02737294827	
-9.665337669		0.9802319114	0.027731236	
-9.6502001		0.9801502003	0.02808979805	
-9.635062531		0.9800688399	0.02844856931	
-9.619924962		0.9799878183	0.02880748611	
-9.604787394		0.9799071237	0.02916648625	
-9.589649825		0.9798267438	0.02952550901	
-9.574512256		0.9797466662	0.02988449514	
-9.559374687		0.9796668784	0.03024338693	
-9.544237119		0.9795873677	0.03060212814	
-9.52909955		0.9795081212	0.03096066404	
-9.513961981		0.9794291261	0.03131894142	
-9.498824412		0.9793503694	0.03167690852	
-9.483686843		0.9792718382	0.03203451509	
-9.468549275		0.9791935193	0.03239171235	
-9.453411706		0.9791154	0.03274845294	
-9.438274137		0.9790374673	0.03310469096	
-9.423136568		0.9789597085	0.03346038191	
-9.407998999		0.9788821108	0.03381548268	
-9.392861431		0.9788046619	0.03416995151	
-9.377723862		0.9787273495	0.03452374799	
-9.362586293		0.9786501615	0.03487683302	
-9.347448724		0.9785730862	0.03522916875	
-9.332311156		0.9784961121	0.03558071859	
-9.317173587		0.9784192281	0.03593144718	
-9.302036018		0.9783424235	0.03628132033	
-9.286898449		0.978265688	0.03663030497	
-9.27176088		0.9781890116	0.03697836918	
-9.256623312		0.9781123849	0.03732548209	
-9.241485743		0.978035799	0.0376716139	
-9.226348174		0.9779592454	0.03801673579	
-9.211210605		0.9778827162	0.03836081992	
-9.196073037		0.9778062039	0.03870383939	
-9.180935468		0.9777297019	0.03904576821	
-9.165797899		0.9776532039	0.03938658122	
-9.15066033		0.9775767042	0.03972625413	
-9.135522761		0.9775001977	0.04006476342	
-9.120385193		0.97742368	0.04040208635	
-9.105247624		0.9773471472	0.04073820088	
-9.090110055		0.9772705959	0.04107308568	
-9.074972486		0.9771940232	0.04140672008	
-9.059834917		0.9771174271	0.04173908404	
-9.044697349		0.9770408056	0.04207015811	
-9.02955978		0.9769641577	0.04239992339	
-9.014422211		0.9768874825	0.04272836154	
-8.999284642		0.9768107796	0.04305545471	
-8.984147074		0.9767340491	0.04338118552	
-8.969009505		0.9766572913	0.04370553704	
-8.953871936		0.976580507	0.04402849277	
-8.938734367		0.9765036972	0.04435003659	
-8.923596798		0.9764268628	0.04467015273	
-8.90845923		0.9763500054	0.0449888258	
-8.893321661		0.9762731264	0.0453060407	
-8.878184092		0.9761962272	0.04562178262	
-8.863046523		0.9761193095	0.04593603705	
-8.847908954		0.9760423746	0.04624878969	
-8.832771386		0.9759654241	0.04656002651	
-8.817633817		0.9758884591	0.04686973366	
-8.802496248		0.9758114808	0.04717789751	
-8.787358679		0.9757344899	0.04748450458	
-8.772221111		0.9756574871	0.04778954157	
-8.757083542		0.9755804725	0.04809299532	
-8.741945973		0.9755034459	0.04839485279	
-8.726808404		0.9754264069	0.04869510108	
-8.711670835		0.9753493544	0.04899372737	
-8.696533267		0.9752722869	0.04929071895	
-8.681395698		0.9751952024	0.0495860632	
-8.666258129		0.9751180983	0.04987974757	
-8.65112056		0.9750409715	0.05017175958	
-8.635982991		0.9749638182	0.05046208681	
-8.620845423		0.9748866343	0.0507507169	
-8.605707854		0.9748094146	0.05103763753	
-8.590570285		0.9747321536	0.05132283645	
-8.575432716		0.9746548451	0.05160630144	
-8.560295148		0.9745774822	0.05188802032	
-8.545157579		0.9745000573	0.05216798096	
-8.53002001		0.9744225622	0.05244617128	
-8.514882441		0.9743449881	0.05272257921	
-8.499744872		0.9742673255	0.05299719276	
-8.484607304		0.9741895642	0.05326999996	
-8.469469735		0.9741116934	0.0535409889	
-8.454332166		0.9740337018	0.05381014771	
-8.439194597		0.9739555772	0.05407746458	
-8.424057029		0.9738773071	0.05434292777	
-8.40891946		0.9737988784	0.05460652558	
-8.393781891		0.9737202772	0.05486824641	
-8.378644322		0.9736414892	0.05512807871	
-8.363506753		0.9735624997	0.05538601104	
-8.348369185		0.9734832932	0.05564203201	
-8.333231616		0.9734038541	0.05589613036	
-8.318094047		0.973324166	0.05614829493	
-8.302956478		0.9732442123	0.05639851466	
-8.287818909		0.9731639758	0.05664677863	
-8.272681341		0.973083439	0.05689307602	
-8.257543772		0.973002584	0.05713739618	
-8.242406203		0.9729213926	0.05737972858	
-8.227268634		0.9728398462	0.05762006287	
-8.212131066		0.9727579261	0.05785838885	
-8.196993497		0.9726756129	0.0580946965	
-8.181855928		0.9725928874	0.05832897597	
-8.166718359		0.9725097298	0.05856121762	
-8.15158079		0.9724261202	0.05879141201	
-8.136443222		0.9723420387	0.05901954989	
-8.121305653		0.9722574649	0.05924562226	
-8.106168084		0.9721723783	0.05946962032	
-8.091030515		0.9720867584	0.05969153554	
-8.075892946		0.9720005844	0.05991135959	
-8.060755378		0.9719138355	0.06012908445	
-8.045617809		0.9718264908	0.06034470231	
-8.03048024		0.971738529	0.06055820567	
-8.015342671		0.9716499292	0.06076958728	
-8.000205103		0.9715606701	0.06097884021	
-7.985067534		0.9714707305	0.0611859578	
-7.969929965		0.9713800889	0.06139093369	
-7.954792396		0.9712887241	0.06159376184	
-7.939654827		0.9711966147	0.06179443651	
-7.924517259		0.9711037393	0.06199295231	
-7.90937969		0.9710100764	0.06218930414	
-7.894242121		0.9709156046	0.06238348727	
-7.879104552		0.9708203024	0.06257549727	
-7.863966983		0.9707241486	0.06276533008	
-7.848829415		0.9706271215	0.06295298199	
-7.833691846		0.9705291999	0.06313844963	
-7.818554277		0.9704303622	0.06332172999	
-7.803416708		0.9703305872	0.06350282041	
-7.78827914		0.9702298535	0.06368171863	
-7.773141571		0.9701281397	0.06385842271	
-7.758004002		0.9700254244	0.0640329311	
-7.742866433		0.9699216865	0.06420524264	
-7.727728864		0.9698169047	0.06437535652	
-7.712591296		0.9697110576	0.0645432723	
-7.697453727		0.9696041242	0.06470898994	
-7.682316158		0.9694960831	0.06487250977	
-7.667178589		0.9693869133	0.06503383248	
-7.652041021		0.9692765936	0.06519295916	
-7.636903452		0.9691651028	0.06534989126	
-7.621765883		0.9690524199	0.06550463062	
-7.606628314		0.9689385238	0.06565717946	
-7.591490745		0.9688233934	0.06580754036	
-7.576353177		0.9687070077	0.06595571629	
-7.561215608		0.9685893457	0.06610171057	
-7.546078039		0.9684703862	0.0662455269	
-7.53094047		0.9683501084	0.06638716936	
-7.515802901		0.9682284911	0.06652664238	
-7.500665333		0.9681055135	0.06666395074	
-7.485527764		0.9679811544	0.06679909959	
-7.470390195		0.967855393	0.06693209445	
-7.455252626		0.9677282081	0.06706294114	
-7.440115058		0.9675995788	0.06719164587	
-7.424977489		0.9674694841	0.06731821516	
-7.40983992		0.9673379029	0.06744265588	
-7.394702351		0.9672048142	0.06756497521	
-7.379564782		0.967070197	0.06768518066	
-7.364427214		0.9669340301	0.06780328005	
-7.349289645		0.9667962926	0.06791928151	
-7.334152076		0.9666569632	0.06803319346	
-7.319014507		0.9665160209	0.06814502464	
-7.303876938		0.9663734446	0.06825478403	
-7.28873937		0.9662292129	0.06836248092	
-7.273601801		0.9660833047	0.06846812486	
-7.258464232		0.9659356988	0.06857172563	
-7.243326663		0.9657863739	0.0686732933	
-7.228189095		0.9656353086	0.06877283816	
-7.213051526		0.9654824817	0.06887037072	
-7.197913957		0.9653278717	0.06896590173	
-7.182776388		0.9651714571	0.06905944214	
-7.167638819		0.9650132165	0.0691510031	
-7.152501251		0.9648531284	0.06924059594	
-7.137363682		0.9646911711	0.06932823221	
-7.122226113		0.964527323	0.06941392359	
-7.107088544		0.9643615624	0.06949768195	
-7.091950975		0.9641938675	0.06957951929	
-7.076813407		0.9640242165	0.06965944779	
-7.061675838		0.9638525873	0.06973747974	
-7.046538269		0.9636789581	0.06981362757	
-7.0314007		0.9635033066	0.06988790384	
-7.016263132		0.9633256107	0.06996032121	
-7.001125563		0.9631458482	0.07003089248	
-6.985987994		0.9629639966	0.07009963052	
-6.970850425		0.9627800334	0.07016654834	
-6.955712856		0.9625939361	0.070231659	
-6.940575288		0.9624056819	0.0702949757	
-6.925437719		0.9622152479	0.0703565117	
-6.91030015		0.9620226113	0.07041628035	
-6.895162581		0.9618277489	0.07047429507	
-6.880025013		0.9616306376	0.07053056935	
-6.864887444		0.9614312538	0.07058511677	
-6.849749875		0.9612295746	0.07063795094	
-6.834612306		0.9610255762	0.07068908555	
-6.819474737		0.9608192351	0.07073853428	
-6.804337169		0.9606105275	0.07078631086	
-6.7891996		0.9603994297	0.07083242903	
-6.774062031		0.9601859178	0.07087690249	
-6.758924462		0.959969968	0.07091974492	
-6.743786893		0.9597515564	0.07096096993	
-6.728649325		0.9595306591	0.07100059104	
-6.713511756		0.9593072521	0.07103862163	
-6.698374187		0.9590813117	0.07107507494	
-6.683236618		0.9588528139	0.07110996399	
-6.66809905		0.958621735	0.07114330159	
-6.652961481		0.9583880512	0.07117510028	
-6.637823912		0.9581517387	0.07120537229	
-6.622686343		0.957912774	0.07123412955	
-6.607548774		0.9576711333	0.07126138363	
-6.592411206		0.9574267931	0.07128714575	
-6.577273637		0.9571797296	0.07131142678	
-6.562136068		0.956929919	0.07133423723	
-6.546998499		0.9566773376	0.0713555873	
-6.53186093		0.9564219612	0.07137548694	
-6.516723362		0.9561637655	0.07139394585	
-6.501585793		0.9559027259	0.07141097363	
-6.486448224		0.9556388173	0.07142657979	
-6.471310655		0.9553720143	0.07144077391	
-6.456173087		0.9551022909	0.07145356572	
-6.441035518		0.9548296205	0.0714649652	
-6.425897949		0.954553976	0.07147498269	
-6.41076038		0.9542753298	0.07148362895	
-6.395622811		0.9539936536	0.0714909152	
-6.380485243		0.9537089188	0.07149685319	
-6.365347674		0.9534210964	0.07150145511	
-6.350210105		0.9531301571	0.07150473349	
-6.335072536		0.9528360718	0.07150670112	
-6.319934967		0.9525388115	0.07150737077	
-6.304797399		0.9522383476	0.07150675495	
-6.28965983		0.9519346521	0.0715048656	
-6.274522261		0.9516276981	0.07150171372	
-6.259384692		0.9513174597	0.07149730899	
-6.244247124		0.9510039122	0.07149165948	
-6.229109555		0.9506870322	0.07148477128	
-6.213971986		0.9503667978	0.07147664831	
-6.198834417		0.9500431881	0.07146729217	
-6.183696848		0.9497161834	0.07145670219	
-6.16855928		0.9493857646	0.0714448756	
-6.153421711		0.9490519129	0.07143180781	
-6.138284142		0.9487146093	0.07141749296	
-6.123146573		0.9483738343	0.07140192443	
-6.108009005		0.9480295671	0.07138509564	
-6.092871436		0.9476817854	0.07136700065	
-6.077733867		0.9473304648	0.0713476349	
-6.062596298		0.9469755787	0.07132699581	
-6.047458729		0.9466170985	0.07130508311	
-6.032321161		0.946254993	0.07128189915	
-6.017183592		0.9458892295	0.07125744881	
-6.002046023		0.9455197737	0.07123173928	
-5.986908454		0.9451465902	0.07120477955	
-5.971770885		0.9447696435	0.07117657981	
-5.956633317		0.9443888982	0.07114715068	
-5.941495748		0.9440043201	0.07111650249	
-5.926358179		0.9436158758	0.07108464451	
-5.91122061		0.9432235341	0.07105158442	
-5.896083042		0.9428272651	0.07101732785	
-5.880945473		0.9424270411	0.07098187815	
-5.865807904		0.9420228358	0.07094523642	
-5.850670335		0.9416146245	0.0709074016	
-5.835532766		0.9412023834	0.07086837087	
-5.820395198		0.9407860893	0.07082813999	
-5.805257629		0.9403657192	0.07078670381	
-5.79012006		0.9399412498	0.07074405675	
-5.774982491		0.9395126575	0.07070019319	
-5.759844922		0.9390799175	0.0706551079	
-5.744707354		0.9386430045	0.07060879625	
-5.729569785		0.9382018917	0.07056125439	
-5.714432216		0.9377565516	0.07051247934	
-5.699294647		0.9373069555	0.07046246894	
-5.684157079		0.936853074	0.0704112218	
-5.66901951		0.936394877	0.07035873708	
-5.653881941		0.9359323337	0.0703050144	
-5.638744372		0.9354654133	0.07025005355	
-5.623606803		0.9349940845	0.07019385437	
-5.608469235		0.9345183164	0.07013641651	
-5.593331666		0.9340380777	0.07007773931	
-5.578194097		0.9335533378	0.07001782168	
-5.563056528		0.9330640661	0.06995666196	
-5.547918959		0.9325702325	0.0698942579	
-5.532781391		0.9320718071	0.06983060661	
-5.517643822		0.9315687603	0.06976570458	
-5.502506253		0.9310610629	0.06969954768	
-5.487368684		0.9305486858	0.06963213118	
-5.472231116		0.9300316003	0.06956344987	
-5.457093547		0.9295097776	0.06949349805	
-5.441955978		0.9289831892	0.06942226966	
-5.426818409		0.9284518066	0.0693497583	
-5.41168084		0.9279156013	0.06927595732	
-5.396543272		0.9273745447	0.06920085989	
-5.381405703		0.9268286084	0.06912445903	
-5.366268134		0.9262777639	0.0690467477	
-5.351130565		0.9257219825	0.06896771881	
-5.335992996		0.9251612358	0.06888736527	
-5.320855428		0.9245954953	0.06880568002	
-5.305717859		0.9240247325	0.06872265605	
-5.29058029		0.923448919	0.06863828642	
-5.275442721		0.9228680266	0.06855256423	
-5.260305153		0.922282027	0.06846548268	
-5.245167584		0.921690892	0.06837703503	
-5.230030015		0.9210945938	0.06828721459	
-5.214892446		0.9204931042	0.06819601471	
-5.199754877		0.9198863954	0.06810342879	
-5.184617309		0.9192744391	0.06800945022	
-5.16947974		0.9186572073	0.06791407238	
-5.154342171		0.9180346717	0.06781728863	
-5.139204602		0.9174068036	0.06771909229	
-5.124067034		0.9167735741	0.06761947661	
-5.108929465		0.9161349539	0.06751843476	
-5.093791896		0.9154909135	0.06741595987	
-5.078654327		0.9148414226	0.06731204495	
-5.063516758		0.9141864508	0.06720668296	
-5.04837919		0.9135259672	0.06709986683	
-5.033241621		0.9128599408	0.0669915894	
-5.018104052		0.9121883401	0.06688184353	
-5.002966483		0.9115111336	0.06677062209	
-4.987828914		0.91082829	0.06665791798	
-4.972691346		0.9101397779	0.06654372419	
-4.957553777		0.9094455662	0.06642803378	
-4.942416208		0.9087456242	0.06631083996	
-4.927278639		0.9080399216	0.06619213609	
-4.912141071		0.9073284285	0.06607191569	
-4.897003502		0.9066111154	0.06595017242	
-4.881865933		0.9058879534	0.06582690014	
-4.866728364		0.9051589138	0.06570209288	
-4.851590795		0.9044239683	0.06557574479	
-4.836453227		0.9036830887	0.06544785019	
-4.821315658		0.9029362468	0.06531840352	
-4.806178089		0.9021834147	0.06518739932	
-4.79104052		0.9014245641	0.06505483223	
-4.775902951		0.9006596664	0.06492069698	
-4.760765383		0.899888693	0.06478498837	
-4.745627814		0.8991116147	0.06464770124	
-4.730490245		0.8983284023	0.06450883054	
-4.715352676		0.8975390258	0.06436837126	
-4.700215108		0.8967434552	0.06422631848	
-4.685077539		0.89594166	0.06408266733	
-4.66993997		0.8951336097	0.06393741308	
-4.654802401		0.8943192733	0.06379055107	
-4.639664832		0.8934986198	0.06364207675	
-4.624527264		0.8926716182	0.06349198573	
-4.609389695		0.8918382374	0.06334027372	
-4.594252126		0.8909984462	0.06318693658	
-4.579114557		0.8901522135	0.06303197033	
-4.563976988		0.8892995083	0.06287537114	
-4.54883942		0.8884402998	0.06271713532	
-4.533701851		0.887574557	0.06255725937	
-4.518564282		0.8867022493	0.06239573991	
-4.503426713		0.8858233462	0.06223257373	
-4.488289145		0.8849378169	0.06206775777	
-4.473151576		0.8840456312	0.06190128911	
-4.458014007		0.8831467586	0.06173316496	
-4.442876438		0.8822411687	0.06156338268	
-4.427738869		0.8813288313	0.06139193974	
-4.412601301		0.8804097161	0.06121883371	
-4.397463732		0.8794837925	0.06104406229	
-4.382326163		0.8785510304	0.06086762328	
-4.367188594		0.8776113992	0.06068951456	
-4.352051026		0.8766648685	0.06050973408	
-4.336913457		0.8757114077	0.0603282799	
-4.321775888		0.8747509862	0.06014515012	
-4.306638319		0.8737835731	0.05996034291	
-4.29150075		0.8728091378	0.05977385649	
-4.276363182		0.8718276493	0.05958568912	
-4.261225613		0.8708390766	0.05939583909	
-4.246088044		0.8698433886	0.05920430473	
-4.230950475		0.8688405542	0.05901108439	
-4.215812906		0.8678305421	0.05881617641	
-4.200675338		0.8668133211	0.05861957915	
-4.185537769		0.8657888596	0.05842129095	
-4.1704002		0.8647571263	0.05822131014	
-4.155262631		0.8637180896	0.05801963501	
-4.140125063		0.862671718	0.05781626383	
-4.124987494		0.8616179666	0.05761119255	
-4.109849925		0.860556831	0.05740442359	
-4.094712356		0.8594882655	0.05719595299	
-4.079574787		0.8584122385	0.05698577875	
-4.064437219		0.8573287182	0.05677389875	
-4.04929965		0.8562376727	0.05656031077	
-4.034162081		0.8551390702	0.05634501247	
-4.019024512		0.8540328788	0.05612800135	
-4.003886943		0.8529190667	0.05590927479	
-3.988749375		0.8517976021	0.05568882998	
-3.973611806		0.850668453	0.05546666394	
-3.958474237		0.8495315876	0.05524277351	
-3.943336668		0.8483869741	0.05501715529	
-3.9281991		0.8472345804	0.05478980569	
-3.913061531		0.8460743749	0.05456072086	
-3.897923962		0.8449063257	0.05432989671	
-3.882786393		0.843730401	0.05409732887	
-3.867648824		0.842546569	0.05386301271	
-3.852511256		0.8413547981	0.05362694329	
-3.837373687		0.8401550567	0.05338911536	
-3.822236118		0.8389473131	0.05314952336	
-3.807098549		0.8377315359	0.0529081614	
-3.79196098		0.8365076938	0.05266502322	
-3.776823412		0.8352757554	0.05242010221	
-3.761685843		0.8340356896	0.05217339141	
-3.746548274		0.8327874655	0.05192488344	
-3.731410705		0.8315310522	0.05167457057	
-3.716273137		0.8302664192	0.05142244465	
-3.701135568		0.828993536	0.0511684971	
-3.685997999		0.8277123724	0.05091271898	
-3.67086043		0.8264228987	0.05065510087	
-3.655722861		0.8251250852	0.05039563296	
-3.640585293		0.8238189027	0.050134305	
-3.625447724		0.8225043222	0.04987110631	
-3.610310155		0.8211813153	0.04960602578	
-3.595172586		0.8198498538	0.04933905186	
-3.580035018		0.8185099101	0.0490701726	
-3.564897449		0.8171614572	0.04879937559	
-3.54975988		0.8158044685	0.04852664803	
-3.534622311		0.814438918	0.04825197672	
-3.519484742		0.8130647804	0.04797534805	
-3.504347174		0.8116820312	0.04769674805	
-3.489209605		0.8102906464	0.04741616237	
-3.474072036		0.808890603	0.04713357633	
-3.458934467		0.8074818788	0.04684897493	
-3.443796898		0.8060644525	0.04656234288	
-3.42865933		0.8046383039	0.04627366462	
-3.413521761		0.8032034136	0.04598292437	
-3.398384192		0.8017597637	0.04569010617	
-3.383246623		0.8003073372	0.04539519387	
-3.368109055		0.7988461184	0.04509817124	
-3.352971486		0.7973760932	0.044799022	
-3.337833917		0.7958972485	0.04449772984	
-3.322696348		0.7944095733	0.04419427853	
-3.307558779		0.7929130576	0.04388865192	
-3.292421211		0.7914076936	0.04358083406	
-3.277283642		0.789893475	0.04327080927	
-3.262146073		0.7883703974	0.04295856216	
-3.247008504		0.7868384586	0.0426440778	
-3.231870935		0.7852976584	0.04232734172	
-3.216733367		0.7837479986	0.04200834007	
-3.201595798		0.7821894837	0.04168705966	
-3.186458229		0.7806221203	0.04136348812	
-3.17132066		0.7790459176	0.04103761398	
-3.156183092		0.7774608877	0.04070942678	
-3.141045523		0.7758670451	0.04037891719	
-3.125907954		0.7742644074	0.04004607716	
-3.110770385		0.7726529953	0.03971090001	
-3.095632816		0.7710328324	0.03937338062	
-3.080495248		0.7694039458	0.0390335155	
-3.065357679		0.7677663659	0.03869130301	
-3.05022011		0.7661201266	0.03834674345	
-3.035082541		0.7644652654	0.03799983925	
-3.019944972		0.7628018237	0.03765059511	
-3.004807404		0.7611298467	0.03729901816	
-2.989669835		0.7594493836	0.03694511816	
-2.974532266		0.7577604879	0.0365889076	
-2.959394697		0.7560632172	0.03623040195	
-2.944257129		0.7543576337	0.03586961975	
-2.92911956		0.7526438039	0.03550658284	
-2.913981991		0.750921799	0.03514131651	
-2.898844422		0.749191695	0.03477384966	
-2.883706853		0.7474535729	0.034404215	
-2.868569285		0.7457075183	0.03403244919	
-2.853431716		0.7439536221	0.03365859298	
-2.838294147		0.7421919805	0.03328269144	
-2.823156578		0.7404226948	0.03290479404	
-2.80801901		0.7386458715	0.03252495485	
-2.792881441		0.736861623	0.03214323264	
-2.777743872		0.7350700667	0.03175969101	
-2.762606303		0.733271326	0.03137439857	
-2.747468734		0.7314655298	0.03098742896	
-2.732331166		0.7296528128	0.030598861	
-2.717193597		0.7278333155	0.03020877877	
-2.702056028		0.7260071841	0.02981727166	
-2.686918459		0.7241745709	0.02942443443	
-2.67178089		0.7223356341	0.02903036726	
-2.656643322		0.7204905378	0.02863517571	
-2.641505753		0.7186394523	0.02823897079	
-2.626368184		0.7167825539	0.02784186888	
-2.611230615		0.7149200248	0.0274439917	
-2.596093047		0.7130520537	0.02704546626	
-2.580955478		0.7111788352	0.02664642473	
-2.565817909		0.7093005702	0.02624700436	
-2.55068034		0.7074174657	0.02584734731	
-2.535542771		0.7055297351	0.0254476005	
-2.520405203		0.7036375979	0.02504791541	
-2.505267634		0.7017412802	0.0246484479	
-2.490130065		0.6998410141	0.0242493579	
-2.474992496		0.6979370384	0.02385080919	
-2.459854927		0.6960295981	0.0234529691	
-2.444717359		0.694118945	0.02305600821	
-2.42957979		0.6922053371	0.02266009995	
-2.414442221		0.6902890392	0.02226542031	
-2.399304652		0.6883703228	0.02187214742	
-2.384167084		0.6864494662	0.02148046115	
-2.369029515		0.6845267545	0.02109054267	
-2.353891946		0.6826024797	0.02070257406	
-2.338754377		0.6806769409	0.02031673778	
-2.323616808		0.6787504445	0.01993321628	
-2.30847924		0.6768233039	0.01955219145	
-2.293341671		0.6748958401	0.01917384421	
-2.278204102		0.6729683816	0.01879835391	
-2.263066533		0.6710412644	0.01842589794	
-2.247928964		0.6691148325	0.01805665117	
-2.232791396		0.6671894373	0.01769078545	
-2.217653827		0.6652654387	0.01732846914	
-2.202516258		0.6633432044	0.01696986664	
-2.187378689		0.6614231102	0.01661513786	
-2.172241121		0.6595055404	0.0162644378	
-2.157103552		0.6575908873	0.01591791611	
-2.141965983		0.6556795518	0.01557571663	
-2.126828414		0.6537719429	0.01523797702	
-2.111690845		0.651868478	0.01490482835	
-2.096553277		0.6499695828	0.01457639478	
-2.081415708		0.648075691	0.01425279319	
-2.066278139		0.6461872444	0.01393413294	
-2.05114057		0.6443046925	0.01362051556	
-2.036003002		0.6424284924	0.01331203456	
-2.020865433		0.6405591086	0.01300877522	
-2.005727864		0.6386970121	0.01271081446	
-1.990590295		0.6368426805	0.01241822068	
-1.975452726		0.6349965976	0.01213105374	
-1.960315158		0.6331592521	0.01184936488	
-1.945177589		0.6313311378	0.01157319675	
-1.93004002		0.6295127523	0.01130258342	
-1.914902451		0.6277045964	0.01103755049	
-1.899764882		0.6259071735	0.01077811517	
-1.884627314		0.6241209882	0.01052428644	
-1.869489745		0.6223465457	0.01027606523	
-1.854352176		0.6205843504	0.01003344464	
-1.839214607		0.618834905	0.009796410144	
-1.824077039		0.6170987092	0.009564939902	
-1.80893947		0.6153762585	0.009339005013	
-1.793801901		0.613668043	0.009118569838	
-1.778664332		0.6119745458	0.008903592326	
-1.763526763		0.6102962416	0.00869402436	
-1.748389195		0.6086335957	0.008489812105	
-1.733251626		0.6069870621	0.008290896377	
-1.718114057		0.6053570825	0.008097213016	
-1.702976488		0.6037440843	0.007908693254	
-1.687838919		0.6021484796	0.007725264097	
-1.672701351		0.6005706636	0.007546848696	
-1.657563782		0.5990110129	0.007373366719	
-1.642426213		0.5974698849	0.007204734717	
-1.627288644		0.5959476154	0.007040866476	
-1.612151076		0.5944445181	0.006881673371	
-1.597013507		0.592960883	0.006727064698	
-1.581875938		0.5914969751	0.006576947998	
-1.566738369		0.5900530336	0.006431229369	
-1.5516008		0.5886292707	0.006289813761	
-1.536463232		0.5872258705	0.006152605258	
-1.521325663		0.5858429883	0.006019507342	
-1.506188094		0.5844807499	0.005890423145	
-1.491050525		0.5831392506	0.00576525568	
-1.475912956		0.5818185551	0.005643908061	
-1.460775388		0.5805186968	0.005526283708	
-1.445637819		0.5792396774	0.005412286526	
-1.43050025		0.5779814671	0.005301821084	
-1.415362681		0.5767440038	0.00519479277	
-1.400225113		0.5755271939	0.005091107931	
-1.385087544		0.5743309122	0.004990674007	
-1.369949975		0.5731550018	0.004893399645	
-1.354812406		0.5719992754	0.004799194801	
-1.339674837		0.5708635148	0.004707970838	
-1.324537269		0.5697474725	0.004619640601	
-1.3093997		0.5686508717	0.004534118494	
-1.294262131		0.5675734079	0.004451320535	
-1.279124562		0.5665147491	0.004371164414	
-1.263986993		0.5654745375	0.00429356953	
-1.248849425		0.5644523901	0.004218457034	
-1.233711856		0.5634479001	0.004145749847	
-1.218574287		0.5624606373	0.004075372685	
-1.203436718		0.5614901488	0.004007252064	
-1.18829915		0.5605359582	0.003941316298	
-1.173161581		0.5595975621	0.00387749547	
-1.158024012		0.5586744227	0.003815721373	
-1.142886443		0.5577659491	0.003755927382	
-1.127748874		0.5568714592	0.003698048192	
-1.112611306		0.5559900989	0.003642019305	
-1.097473737		0.5551206795	0.003587776017	
-1.082336168		0.5542613647	0.003535251521	
-1.067198599		0.5534091144	0.003484373624	
-1.052061031		0.5525589029	0.003435060294	
-1.036923462		0.5517033454	0.00338721804	
-1.021785893		0.5508350458	0.003340756887	
-1.006648324		0.5499546449	0.003295638418	
-0.9915107554		0.5490786553	0.003251919177	
-0.9763731866		0.5482300054	0.003209689925	
-0.9612356178		0.5474183723	0.003168960018	
-0.946098049		0.5466381677	0.003129650547	
-0.9309604802		0.5458794916	0.003091661231	
-0.9158229115		0.5451347323	0.003054908544	
-0.9006853427		0.544399324	0.003019329022	
-0.8855477739		0.5436707127	0.00298487256	
-0.8704102051		0.5429474223	0.002951496677	
-0.8552726363		0.5422285099	0.002919163225	
-0.8401350675		0.5415132892	0.002887836729	
-0.8249974987		0.5408012005	0.002857483591	
-0.80985993		0.5400917496	0.002828071707	
-0.7947223612		0.5393844811	0.002799570273	
-0.7795847924		0.5386789659	0.002771949682	
-0.7644472236		0.5379747962	0.002745181458	
-0.7493096548		0.537271583	0.002719238213	
-0.734172086		0.5365689558	0.002694093604	
-0.7190345173		0.5358665616	0.0026697223	
-0.7038969485		0.5351640657	0.002646099953	
-0.6887593797		0.5344611511	0.002623203164	
-0.6736218109		0.5337575188	0.002601009453	
-0.6584842421		0.5330528879	0.002579497233	
-0.6433466733		0.5323469956	0.002558645777	
-0.6282091046		0.5316395969	0.002538435197	
-0.6130715358		0.5309304648	0.00251884641	
-0.597933967		0.5302193898	0.002499861116	
-0.5827963982		0.5295061802	0.002481461772	
-0.5676588294		0.5287906613	0.002463631568	
-0.5525212606		0.5280726757	0.002446354397	
-0.5373836918		0.5273520825	0.002429614842	
-0.5222461231		0.5266287575	0.002413398143	
-0.5071085543		0.5259025924	0.002397690182	
-0.4919709855		0.5251734949	0.00238247746	
-0.4768334167		0.5244413877	0.002367747073	
-0.4616958479		0.5237062088	0.002353486698	
-0.4465582791		0.5229679105	0.002339684569	
-0.4314207104		0.5222264595	0.002326329461	
-0.4162831416		0.5214818357	0.002313410672	
-0.4011455728		0.5207340328	0.002300918002	
-0.386008004		0.5199830568	0.002288841745	
-0.3708704352		0.5192289263	0.002277172664	
-0.3557328664		0.5184716716	0.002265901981	
-0.3405952976		0.5177113342	0.00225502136	
-0.3254577289		0.5169479667	0.002244522896	
-0.3103201601		0.5161816321	0.002234399097	
-0.2951825913		0.5154124031	0.002224642877	
-0.2800450225		0.514640362	0.002215247536	
-0.2649074537		0.5138656	0.002206206756	
-0.2497698849		0.5130882167	0.002197514585	
-0.2346323162		0.5123083198	0.002189165428	
-0.2194947474		0.5115260244	0.002181154038	
-0.2043571786		0.5107414527	0.002173475504	
-0.1892196098		0.5099547335	0.002166125241	
-0.174082041		0.5091660015	0.002159098987	
-0.1589444722		0.5083753972	0.00215239279	
-0.1438069035		0.5075830664	0.002146003	
-0.1286693347		0.5067891592	0.002139926265	
-0.1135317659		0.5059938304	0.002134159523	
-0.0983941971		0.5051972382	0.002128699993	
-0.08325662831		0.5043995445	0.002123545173	
-0.06811905953		0.5036009137	0.002118692834	
-0.05298149075		0.5028015129	0.002114141011	
-0.03784392196		0.5020015112	0.002109888004	
-0.02270635318		0.5012010792	0.002105932368	
-0.007568784392		0.5004003885	0.002102272915	
0.007568784392		0.4995996115	0.002098908706	
0.02270635318		0.4987989208	0.002095839048	
0.03784392196		0.4979984888	0.002093063495	
0.05298149075		0.4971984871	0.00209058184	
0.06811905953		0.4963990863	0.00208839412	
0.08325662831		0.4956004555	0.002086500606	
0.0983941971		0.4948027617	0.002084901807	
0.1135317659		0.4940061696	0.00208359847	
0.1286693347		0.4932108407	0.002082591573	
0.1438069035		0.4924169336	0.002081882329	
0.1589444722		0.4916246027	0.002081472187	
0.174082041		0.4908339985	0.002081362828	
0.1892196098		0.4900452665	0.002081556167	
0.2043571786		0.4892585473	0.002082054357	
0.2194947474		0.4884739756	0.002082859782	
0.2346323162		0.4876916802	0.002083975067	
0.2497698849		0.4869117833	0.002085403074	
0.2649074537		0.4861344	0.002087146905	
0.2800450225		0.485359638	0.002089209903	
0.2951825913		0.4845875969	0.002091595658	
0.3103201601		0.483818368	0.002094308004	
0.3254577289		0.4830520334	0.002097351025	
0.3405952976		0.4822886659	0.002100729056	
0.3557328664		0.4815283286	0.002104446689	
0.3708704352		0.4807710738	0.002108508772	
0.386008004		0.4800169433	0.002112920417	
0.4011455728		0.4792659673	0.002117686999	
0.4162831416		0.4785181644	0.002122814165	
0.4314207104		0.4777735407	0.002128307831	
0.4465582791		0.4770320896	0.002134174194	
0.4616958479		0.4762937913	0.002140419731	
0.4768334167		0.4755586123	0.002147051204	
0.4919709855		0.4748265051	0.002154075667	
0.5071085543		0.4740974075	0.002161500469	
0.5222461231		0.4733712424	0.002169333258	
0.5373836918		0.4726479173	0.002177581988	
0.5525212606		0.4719273241	0.002186254922	
0.5676588294		0.4712093384	0.002195360637	
0.5827963982		0.4704938194	0.002204908032	
0.597933967		0.4697806097	0.002214906329	
0.6130715358		0.4690695347	0.00222536508	
0.6282091046		0.4683604025	0.002236294175	
0.6433466733		0.4676530039	0.002247703841	
0.6584842421		0.4669471116	0.002259604652	
0.6736218109		0.4662424807	0.002272007532	
0.6887593797		0.4655388485	0.002284923761	
0.7038969485		0.4648359339	0.002298364977	
0.7190345173		0.464133438	0.002312343186	
0.734172086		0.463431044	0.002326870759	
0.7493096548		0.4627284168	0.002341960444	
0.7644472236		0.4620252038	0.002357625363	
0.7795847924		0.4613210342	0.002373879018	
0.7947223612		0.4606155192	0.002390735292	
0.80985993		0.4599082508	0.002408208443	
0.8249974987		0.4591988001	0.002426313097	
0.8401350675		0.4584867114	0.002445064212	
0.8552726363		0.4577714908	0.002464477016	
0.8704102051		0.4570525785	0.002484566847	
0.8855477739		0.4563292882	0.002505348802	
0.9006853427		0.4556006769	0.002526836981	
0.9158229115		0.4548652687	0.002549042853	
0.9309604802		0.4541205094	0.002571972005	
0.946098049		0.4533618332	0.002595618438	
0.9612356178		0.4525816286	0.002619957892	
0.9763731866		0.4517699953	0.002644951183	
0.9915107554		0.4509213452	0.002670582357	
1.006648324		0.4500453553	0.002696925604	
1.021785893		0.4491649542	0.002724138426	
1.036923462		0.4482966544	0.002752346037	
1.052061031		0.4474410967	0.00278158064	
1.067198599		0.4465908851	0.002811824853	
1.082336168		0.4457386346	0.002843059769	
1.097473737		0.4448793196	0.002875279942	
1.112611306		0.4440099001	0.002908491777	
1.127748874		0.4431285396	0.002942709077	
1.142886443		0.4422340496	0.002977949769	
1.158024012		0.4413255761	0.003014233993	
1.173161581		0.4404024368	0.003051583087	
1.18829915		0.439464041	0.003090019049	
1.203436718		0.4385098506	0.003129564264	
1.218574287		0.4375393623	0.003170241343	
1.233711856		0.4365520997	0.003212073025	
1.248849425		0.4355476098	0.003255082113	
1.263986993		0.4345254626	0.003299291415	
1.279124562		0.4334852512	0.003344723694	
1.294262131		0.4324265926	0.003391401615	
1.3093997		0.431349129	0.003439347692	
1.324537269		0.4302525285	0.003488584233	
1.339674837		0.4291364863	0.00353913328	
1.354812406		0.4280007258	0.003591016541	
1.369949975		0.4268449992	0.003644255329	
1.385087544		0.4256690887	0.003698870486	
1.400225113		0.4244728068	0.003754882307	
1.415362681		0.4232559967	0.003812310457	
1.43050025		0.4220185333	0.003871173888	
1.445637819		0.4207603227	0.003931490745	
1.460775388		0.4194813032	0.003993278271	
1.475912956		0.4181814447	0.004056552704	
1.491050525		0.4168607489	0.004121329176	
1.506188094		0.4155192494	0.004187621595	
1.521325663		0.4141570106	0.004255442537	
1.536463232		0.4127741282	0.00432480312	
1.5516008		0.4113707279	0.004395712884	
1.566738369		0.4099469649	0.004468179659	
1.581875938		0.4085030235	0.004542209438	
1.597013507		0.4070391157	0.004617806238	
1.612151076		0.4055554807	0.004694971967	
1.627288644		0.4040523835	0.004773706284	
1.642426213		0.4025301141	0.004854006462	
1.657563782		0.4009889862	0.004935867248	
1.672701351		0.3994293358	0.005019280725	
1.687838919		0.3978515199	0.005104236182	
1.702976488		0.3962559155	0.005190719978	
1.718114057		0.3946429176	0.005278715417	
1.733251626		0.3930129382	0.00536820263	
1.748389195		0.391366405	0.005459158458	
1.763526763		0.3897037593	0.005551556356	
1.778664332		0.3880254553	0.005645366292	
1.793801901		0.3863319581	0.005740554671	
1.80893947		0.3846237427	0.005837084265	
1.824077039		0.3829012922	0.005934914158	
1.839214607		0.3811650965	0.006033999713	
1.854352176		0.3794156511	0.006134292545	
1.869489745		0.3776534559	0.006235740521	
1.884627314		0.3758790133	0.006338287775	
1.899764882		0.374092828	0.006441874742	
1.914902451		0.372295405	0.006546438215	
1.93004002		0.370487249	0.006651911419	
1.945177589		0.3686688633	0.006758224107	
1.960315158		0.3668407488	0.006865302675	
1.975452726		0.3650034031	0.006973070302	
1.990590295		0.36315732	0.007081447103	
2.005727864		0.3613029883	0.007190350307	
2.020865433		0.3594408916	0.007299694449	
2.036003002		0.3575715075	0.007409391582	
2.05114057		0.3556953073	0.007519351506	
2.066278139		0.3538127553	0.007629482007	
2.081415708		0.3519243085	0.007739689112	
2.096553277		0.3500304165	0.007849877361	
2.111690845		0.3481315212	0.007959950076	
2.126828414		0.3462280562	0.008069809652	
2.141965983		0.3443204472	0.008179357844	
2.157103552		0.3424091117	0.008288496067	
2.172241121		0.3404944586	0.008397125685	
2.187378689		0.3385768888	0.008505148319	
2.202516258		0.3366567946	0.008612466135	
2.217653827		0.3347345604	0.008718982142	
2.232791396		0.3328105618	0.008824600478	
2.247928964		0.3308851668	0.008929226694	
2.263066533		0.3289587349	0.009032768019	
2.278204102		0.3270316178	0.009135133632	
2.293341671		0.3251041594	0.009236234905	
2.30847924		0.3231766958	0.009335985645	
2.323616808		0.3212495553	0.009434302319	
2.338754377		0.319323059	0.00953110426	
2.353891946		0.3173975203	0.00962631386	
2.369029515		0.3154732456	0.009719856751	
2.384167084		0.313550534	0.009811661959	
2.399304652		0.3116296774	0.009901662049	
2.414442221		0.3097109611	0.009989793247	
2.42957979		0.3077946633	0.01007599555	
2.444717359		0.3058810554	0.01016021279	
2.459854927		0.3039704023	0.01024239275	
2.474992496		0.302062962	0.01032248717	
2.490130065		0.3001589863	0.01040045181	
2.505267634		0.2982587202	0.01047624642	
2.520405203		0.2963624024	0.01054983482	
2.535542771		0.2944702652	0.01062118481	
2.55068034		0.2925825345	0.01069026817	
2.565817909		0.29069943	0.01075706062	
2.580955478		0.2888211649	0.01082154174	
2.596093047		0.2869479463	0.01088369491	
2.611230615		0.2850799751	0.01094350725	
2.626368184		0.283217446	0.01100096947	
2.641505753		0.2813605475	0.01105607582	
2.656643322		0.279509462	0.01110882395	
2.67178089		0.2776643657	0.01115921479	
2.686918459		0.2758254288	0.01120725243	
2.702056028		0.2739928156	0.011252944	
2.717193597		0.2721666842	0.0112962995	
2.732331166		0.2703471868	0.01133733169	
2.747468734		0.2685344698	0.01137605592	
2.762606303		0.2667286736	0.01141249001	
2.777743872		0.2649299329	0.01144665408	
2.792881441		0.2631383767	0.01147857042	
2.80801901		0.2613541282	0.01150826333	
2.823156578		0.259577305	0.01153575896	
2.838294147		0.2578080193	0.01156108522	
2.853431716		0.2560463778	0.01158427158	
2.868569285		0.2542924817	0.01160534894	
2.883706853		0.2525464272	0.01162434952	
2.898844422		0.2508083051	0.0116413067	
2.913981991		0.2490782013	0.01165625492	
2.92911956		0.2473561965	0.01166922952	
2.944257129		0.2456423668	0.01168026665	
2.959394697		0.2439367834	0.01168940313	
2.974532266		0.2422395128	0.01169667635	
2.989669835		0.2405506172	0.0117021242	
3.004807404		0.2388701542	0.01170578489	
3.019944972		0.2371981773	0.01170769693	
3.035082541		0.2355347356	0.01170789902	
3.05022011		0.2338798745	0.01170642994	
3.065357679		0.2322336352	0.0117033285	
3.080495248		0.2305960554	0.01169863345	
3.095632816		0.2289671688	0.01169238344	
3.110770385		0.227347006	0.01168461691	
3.125907954		0.2257355938	0.01167537207	
3.141045523		0.2241329561	0.01166468683	
3.156183092		0.2225391134	0.01165259875	
3.17132066		0.2209540834	0.01163914501	
3.186458229		0.2193778806	0.01162436234	
3.201595798		0.2178105171	0.01160828703	
3.216733367		0.216252002	0.01159095483	
3.231870935		0.2147023421	0.01157240101	
3.247008504		0.2131615417	0.01155266024	
3.262146073		0.2116296026	0.01153176664	
3.277283642		0.2101065249	0.01150975373	
3.292421211		0.208592306	0.01148665441	
3.307558779		0.2070869416	0.01146250098	
3.322696348		0.2055904257	0.01143732509	
3.337833917		0.2041027501	0.01141115773	
3.352971486		0.2026239052	0.01138402929	
3.368109055		0.2011538796	0.01135596946	
3.383246623		0.1996926605	0.0113270073	
3.398384192		0.1982402336	0.01129717124	
3.413521761		0.1967965834	0.01126648902	
3.42865933		0.1953616928	0.01123498775	
3.443796898		0.1939355439	0.01120269391	
3.458934467		0.1925181174	0.01116963332	
3.474072036		0.191109393	0.01113583119	
3.489209605		0.1897093494	0.01110131211	
3.504347174		0.1883179645	0.01106610005	
3.519484742		0.1869352153	0.01103021837	
3.534622311		0.1855610778	0.01099368985	
3.54975988		0.1841955275	0.01095653669	
3.564897449		0.182838539	0.01091878051	
3.580035018		0.1814900864	0.01088044239	
3.595172586		0.1801501433	0.01084154284	
3.610310155		0.1788186824	0.01080210185	
3.625447724		0.1774956761	0.0107621389	
3.640585293		0.1761810965	0.01072167294	
3.655722861		0.1748749149	0.01068072245	
3.67086043		0.1735771025	0.01063930541	
3.685997999		0.1722876299	0.01059743933	
3.701135568		0.1710064677	0.01055514128	
3.716273137		0.1697335859	0.01051242787	
3.731410705		0.1684689542	0.01046931529	
3.746548274		0.1672125424	0.01042581932	
3.761685843		0.1659643197	0.01038195532	
3.776823412		0.1647242554	0.01033773826	
3.79196098		0.1634923183	0.01029318273	
3.807098549		0.1622684774	0.01024830296	
3.822236118		0.1610527012	0.01020311282	
3.837373687		0.1598449585	0.01015762582	
3.852511256		0.1586452177	0.01011185516	
3.867648824		0.1574534471	0.01006581369	
3.882786393		0.1562696151	0.01001951396	
3.897923962		0.15509369	0.009972968229	
3.913061531		0.1539256399	0.009926188439	
3.9281991		0.152765433	0.009879186263	
3.943336668		0.1516130375	0.009831973098	
3.958474237		0.1504684215	0.009784560074	
3.973611806		0.1493315532	0.009736958068	
3.988749375		0.1482024007	0.009689177707	
4.003886943		0.1470809322	0.009641229378	
4.019024512		0.1459671158	0.009593123238	
4.034162081		0.1448609197	0.009544869219	
4.04929965		0.1437623121	0.009496477037	
4.064437219		0.1426712614	0.009447956198	
4.079574787		0.1415877358	0.009399316005	
4.094712356		0.1405117037	0.009350565563	
4.109849925		0.1394431333	0.00930171379	
4.124987494		0.1383819934	0.00925276942	
4.140125063		0.1373282377	0.009203740214	
4.155262631		0.1362818633	0.009154636045	
4.1704002		0.1352428249	0.009105464425	
4.185537769		0.1342110911	0.009056233399	
4.200675338		0.1331866307	0.009006950855	
4.215812906		0.1321694122	0.008957624523	
4.230950475		0.1311594045	0.008908261982	
4.246088044		0.1301565763	0.008858870664	
4.261225613		0.1291608963	0.008809457856	
4.276363182		0.1281723335	0.008760030704	
4.29150075		0.1271908566	0.008710596217	
4.306638319		0.1262164344	0.008661161267	
4.321775888		0.1252490358	0.008611732598	
4.336913457		0.1242886295	0.008562316822	
4.352051026		0.1233351846	0.008512920425	
4.367188594		0.1223886696	0.00846354977	
4.382326163		0.1214490536	0.008414211099	
4.397463732		0.1205163054	0.008364910535	
4.412601301		0.1195903938	0.008315654087	
4.427738869		0.1186712878	0.008266447649	
4.442876438		0.1177589563	0.008217297008	
4.458014007		0.1168533685	0.008168207841	
4.473151576		0.1159544933	0.008119185721	
4.488289145		0.1150623	0.008070236122	
4.503426713		0.1141767579	0.008021364415	
4.518564282		0.1132978366	0.007972575879	
4.533701851		0.1124255055	0.007923875695	
4.54883942		0.1115597345	0.007875268956	
4.563976988		0.1107004936	0.007826760665	
4.579114557		0.1098477528	0.007778355734	
4.594252126		0.1090014824	0.007730058991	
4.609389695		0.1081616529	0.007681875175	
4.624527264		0.1073282348	0.00763380894	
4.639664832		0.1065011989	0.007585864851	
4.654802401		0.1056805158	0.007538047385	
4.66993997		0.1048661562	0.007490360928	
4.685077539		0.1040580909	0.007442809773	
4.700215108		0.1032562906	0.007395398119	
4.715352676		0.1024607256	0.007348130066	
4.730490245		0.1016713662	0.007301009612	
4.745627814		0.1008881824	0.007254040656	
4.760765383		0.1001111441	0.00720722699	
4.775902951		0.09934022063	0.007160572305	
4.79104052		0.09857538124	0.007114080185	
4.806178089		0.09781659485	0.007067754115	
4.821315658		0.09706383015	0.007021597476	
4.836453227		0.09631705571	0.00697561356	
4.851590795		0.09557623999	0.006929805564	
4.866728364		0.0948413515	0.006884176605	
4.881865933		0.09411235883	0.006838729722	
4.897003502		0.09338923083	0.006793467884	
4.912141071		0.09267193663	0.006748393997	
4.927278639		0.09196044579	0.006703510913	
4.942416208		0.0912547283	0.006658821427	
4.957553777		0.09055475466	0.006614328287	
4.972691346		0.08986049585	0.006570034193	
4.987828914		0.0891719233	0.006525941797	
5.002966483		0.08848900889	0.006482053698	
5.018104052		0.08781172476	0.006438372439	
5.033241621		0.0871400433	0.006394900504	
5.04837919		0.08647393697	0.006351640305	
5.063516758		0.08581337821	0.006308594183	
5.078654327		0.08515833931	0.006265764393	
5.093791896		0.08450879233	0.006223153106	
5.108929465		0.08386470901	0.0061807624	
5.124067034		0.08322606073	0.006138594258	
5.139204602		0.0825928185	0.006096650568	
5.154342171		0.08196495296	0.006054933122	
5.16947974		0.08134243443	0.00601344362	
5.184617309		0.08072523295	0.005972183673	
5.199754877		0.08011331836	0.005931154805	
5.214892446		0.07950666038	0.005890358459	
5.230030015		0.07890522866	0.005849796002	
5.245167584		0.0783089929	0.005809468726	
5.260305153		0.07771792283	0.005769377855	
5.275442721		0.07713198834	0.005729524545	
5.29058029		0.07655115942	0.005689909885	
5.305717859		0.07597540627	0.005650534901	
5.320855428		0.0754046992	0.005611400551	
5.335992996		0.0748390087	0.00557250773	
5.351130565		0.07427830536	0.005533857267	
5.366268134		0.07372255991	0.005495449921	
5.381405703		0.07317174312	0.00545728639	
5.396543272		0.07262582585	0.005419367303	
5.41168084		0.07208477898	0.005381693225	
5.426818409		0.07154857342	0.005344264661	
5.441955978		0.07101718013	0.005307082061	
5.457093547		0.07049057011	0.005270145819	
5.472231116		0.06996871444	0.005233456287	
5.487368684		0.06945158429	0.005197013777	
5.502506253		0.06893915099	0.005160818571	
5.517643822		0.06843138606	0.005124870928	
5.532781391		0.06792826125	0.005089171092	
5.547918959		0.06742974861	0.005053719298	
5.563056528		0.0669358205	0.005018515772	
5.578194097		0.06644644962	0.004983560741	
5.593331666		0.06596160902	0.004948854421	
5.608469235		0.06548127206	0.004914397021	
5.623606803		0.06500541239	0.004880188724	
5.638744372		0.06453400384	0.004846229682	
5.653881941		0.06406702031	0.004812519987	
5.66901951		0.06360443567	0.004779059656	
5.684157079		0.06314622355	0.004745848604	
5.699294647		0.06269235718	0.004712886613	
5.714432216		0.0622428092	0.004680173312	
5.729569785		0.06179755146	0.004647708148	
5.744707354		0.06135655491	0.004615490369	
5.759844922		0.06091978944	0.004583519013	
5.774982491		0.06048722381	0.004551792907	
5.79012006		0.06005882569	0.004520310676	
5.805257629		0.05963456172	0.004489070766	
5.820395198		0.05921439771	0.004458071483	
5.835532766		0.05879829888	0.004427311039	
5.850670335		0.05838623025	0.004396787614	
5.865807904		0.057978157	0.00436649942	
5.880945473		0.05757404494	0.004336444774	
5.896083042		0.05717386098	0.004306622155	
5.91122061		0.05677757351	0.004277030268	
5.926358179		0.05638515279	0.004247668077	
5.941495748		0.05599657112	0.004218534832	
5.956633317		0.05561180299	0.004189630059	
5.971770885		0.05523082499	0.004160953538	
5.986908454		0.05485361555	0.004132505247	
6.002046023		0.05448015459	0.004104285292	
6.017183592		0.05411042299	0.004076293821	
6.032321161		0.053744402	0.004048530933	
6.047458729		0.05338207262	0.00402099659	
6.062596298		0.05302341501	0.003993690533	
6.077733867		0.052668408	0.003966612232	
6.092871436		0.05231702869	0.00393976084	
6.108009005		0.05196925228	0.00391313519	
6.123146573		0.05162505198	0.003886733804	
6.138284142		0.05128439919	0.00386055494	
6.153421711		0.05094726375	0.003834596637	
6.16855928		0.05061361433	0.003808856794	
6.183696848		0.05028341891	0.003783333229	
6.198834417		0.04995664524	0.003758023759	
6.213971986		0.04963326128	0.003732926249	
6.229109555		0.04931323561	0.003708038666	
6.244247124		0.04899653777	0.003683359108	
6.259384692		0.04868313841	0.00365888582	
6.274522261		0.04837300944	0.003634617198	
6.28965983		0.04806612401	0.003610551773	
6.304797399		0.04776245647	0.003586688193	
6.319934967		0.0474619822	0.003563025194	
6.335072536		0.04716467742	0.003539561568	
6.350210105		0.04687051899	0.003516296132	
6.365347674		0.04657948415	0.003493227697	
6.380485243		0.04629155037	0.00347035504	
6.395622811		0.04600669511	0.003447676886	
6.41076038		0.04572489567	0.003425191887	
6.425897949		0.04544612905	0.003402898617	
6.441035518		0.04517037192	0.003380795562	
6.456173087		0.04489760049	0.003358881123	
6.471310655		0.04462779053	0.003337153618	
6.486448224		0.04436091739	0.003315611292	
6.501585793		0.04409695601	0.00329425232	
6.516723362		0.04383588098	0.003273074826	
6.53186093		0.04357766662	0.003252076886	
6.546998499		0.04332228702	0.003231256544	
6.562136068		0.04306971613	0.003210611824	
6.577273637		0.04281992782	0.003190140734	
6.592411206		0.04257289599	0.003169841282	
6.607548774		0.04232859456	0.003149711474	
6.622686343		0.0420869976	0.003129749331	
6.637823912		0.04184807929	0.003109952881	
6.652961481		0.04161181403	0.003090320173	
6.66809905		0.04137817643	0.003070849273	
6.683236618		0.04114714132	0.003051538263	
6.698374187		0.04091868377	0.003032385248	
6.713511756		0.04069277909	0.003013388346	
6.728649325		0.04046940281	0.002994545697	
6.743786893		0.04024853072	0.00297585545	
6.758924462		0.04003013878	0.002957315772	
6.774062031		0.03981420317	0.002938924837	
6.7891996		0.03960070025	0.00292068083	
6.804337169		0.03938960653	0.002902581943	
6.819474737		0.03918089868	0.002884626373	
6.834612306		0.0389745535	0.002866812321	
6.849749875		0.0387705479	0.002849137989	
6.864887444		0.03856885888	0.002831601584	
6.880025013		0.03836946334	0.002814201297	
6.895162581		0.03817233887	0.002796935362	
6.91030015		0.0379774625	0.002779801974	
6.925437719		0.03778481156	0.002762799337	
6.940575288		0.03759436341	0.00274592566	
6.955712856		0.03740609548	0.00272917915	
6.970850425		0.03721998525	0.002712558016	
6.985987994		0.03703601023	0.002696060468	
7.001125563		0.03685414801	0.002679684717	
7.016263132		0.03667437622	0.00266342898	
7.0314007		0.03649667254	0.002647291474	
7.046538269		0.03632101471	0.002631270422	
7.061675838		0.0361473805	0.00261536405	
7.076813407		0.03597574777	0.00259957059	
7.091950975		0.03580609441	0.002583888281	
7.107088544		0.0356383984	0.002568315366	
7.122226113		0.03547263775	0.002552850097	
7.137363682		0.03530879054	0.002537490732	
7.152501251		0.03514683493	0.002522235537	
7.167638819		0.03498674911	0.002507082787	
7.182776388		0.03482851135	0.002492030764	
7.197913957		0.03467209998	0.00247707776	
7.213051526		0.03451749338	0.002462222074	
7.228189095		0.03436467002	0.002447462016	
7.243326663		0.03421360837	0.002432795904	
7.258464232		0.03406428701	0.002418222065	
7.273601801		0.03391668454	0.002403738836	
7.28873937		0.03377077963	0.002389344564	
7.303876938		0.03362655097	0.002375037604	
7.319014507		0.03348397731	0.002360816322	
7.334152076		0.03334303745	0.002346679092	
7.349289645		0.03320371022	0.0023326243	
7.364427214		0.03306597448	0.002318650338	
7.379564782		0.03292980912	0.002304755612	
7.394702351		0.03279519307	0.002290938533	
7.40983992		0.03266210528	0.002277197525	
7.424977489		0.0325305247	0.00226353102	
7.440115058		0.03240043034	0.002249937461	
7.455252626		0.03227180118	0.002236415299	
7.470390195		0.03214461624	0.002222962996	
7.485527764		0.03201885454	0.002209579024	
7.500665333		0.03189449511	0.002196261863	
7.515802901		0.03177151697	0.002183010004	
7.53094047		0.03164989914	0.002169821949	
7.546078039		0.03152962066	0.002156696208	
7.561215608		0.03141066053	0.002143631302	
7.576353177		0.03129299776	0.002130625763	
7.591490745		0.03117661134	0.002117678132	
7.606628314		0.03106148026	0.002104786961	
7.621765883		0.03094758349	0.002091950812	
7.636903452		0.03083489995	0.002079168258	
7.652041021		0.0307234086	0.002066437882	
7.667178589		0.03061308832	0.00205375828	
7.682316158		0.030503918	0.002041128057	
7.697453727		0.03039587651	0.002028545829	
7.712591296		0.03028894267	0.002016010226	
7.727728864		0.03018309529	0.002003519886	
7.742866433		0.03007831316	0.001991073462	
7.758004002		0.02997457502	0.001978669618	
7.773141571		0.02987185962	0.001966307031	
7.78827914		0.02977014565	0.001953984388	
7.803416708		0.02966941179	0.001941700391	
7.818554277		0.0295696367	0.001929453757	
7.833691846		0.02947079901	0.001917243213	
7.848829415		0.02937287733	0.001905067502	
7.863966983		0.02927585027	0.00189292538	
7.879104552		0.0291796964	0.00188081562	
7.894242121		0.02908439429	0.001868737008	
7.90937969		0.02898992251	0.001856688347	
7.924517259		0.02889625963	0.001844668454	
7.939654827		0.0288033842	0.001832676165	
7.954792396		0.0287112748	0.001820710332	
7.969929965		0.02861991002	0.001808769825	
7.985067534		0.02852926848	0.001796853532	
8.000205103		0.02843932881	0.00178496036	
8.015342671		0.02835006971	0.001773089237	
8.03048024		0.0282614699	0.001761239111	
8.045617809		0.02817350817	0.001749408948	
8.060755378		0.02808616338	0.00173759774	
8.075892946		0.02799941449	0.001725804501	
8.091030515		0.02791324051	0.001714028265	
8.106168084		0.02782762061	0.001702268096	
8.121305653		0.02774253405	0.001690523078	
8.136443222		0.02765796022	0.001678792324	
8.15158079		0.0275738787	0.001667074975	
8.166718359		0.0274902692	0.001655370196	
8.181855928		0.02740711164	0.001643677186	
8.196993497		0.02732438614	0.001631995171	
8.212131066		0.02724207304	0.001620323408	
8.227268634		0.02716015293	0.001608661187	
8.242406203		0.02707860666	0.001597007831	
8.257543772		0.02699741537	0.001585362696	
8.272681341		0.02691656049	0.001573725174	
8.287818909		0.02683602379	0.001562094693	
8.302956478		0.02675578739	0.001550470716	
8.318094047		0.02667583378	0.001538852747	
8.333231616		0.02659614583	0.001527240326	
8.348369185		0.02651670685	0.001515633034	
8.363506753		0.02643750056	0.001504030492	
8.378644322		0.02635851116	0.001492432362	
8.393781891		0.02627972333	0.001480838348	
8.40891946		0.02620112224	0.001469248196	
8.424057029		0.0261226936	0.001457661696	
8.439194597		0.02604442366	0.001446078679	
8.454332166		0.02596629921	0.001434499024	
8.469469735		0.02588830764	0.001422922651	
8.484607304		0.02581043694	0.001411349524	
8.499744872		0.02573267569	0.001399779652	
8.514882441		0.02565501311	0.00138821309	
8.53002001		0.02557743905	0.001376649934	
8.545157579		0.025499944	0.001365090326	
8.560295148		0.0254225191	0.00135353445	
8.575432716		0.02534515614	0.001341982532	
8.590570285		0.02526784759	0.001330434842	
8.605707854		0.02519058655	0.001318891689	
8.620845423		0.02511336679	0.001307353423	
8.635982991		0.02503618272	0.001295820431	
8.65112056		0.02495902938	0.00128429314	
8.666258129		0.02488190245	0.00127277201	
8.681395698		0.02480479822	0.001261257538	
8.696533267		0.02472771356	0.001249750251	
8.711670835		0.0246506459	0.001238250709	
8.726808404		0.02457359325	0.001226759499	
8.741945973		0.0244965541	0.001215277236	
8.757083542		0.02441952743	0.001203804557	
8.772221111		0.02434251268	0.001192342123	
8.787358679		0.0242655097	0.001180890616	
8.802496248		0.02418851871	0.001169450732	
8.817633817		0.02411154026	0.001158023186	
8.832771386		0.02403457518	0.001146608702	
8.847908954		0.02395762455	0.001135208016	
8.863046523		0.02388068962	0.001123821872	
8.878184092		0.02380377181	0.00111245102	
8.893321661		0.02372687261	0.001101096211	
8.90845923		0.02364999355	0.001089758198	
8.923596798		0.02357313614	0.001078437734	
8.938734367		0.02349630184	0.001067135567	
8.953871936		0.02341949199	0.001055852442	
8.969009505		0.02334270774	0.001044589096	
8.984147074		0.02326595005	0.001033346258	
8.999284642		0.02318921962	0.001022124648	
9.014422211		0.02311251682	0.001010924975	
9.02955978		0.02303584169	0.0009997479383	
9.044697349		0.02295919386	0.000988594223	
9.059834917		0.02288257255	0.000977464503	
9.074972486		0.02280597652	0.0009663594392	
9.090110055		0.02272940401	0.00095527968	
9.105247624		0.02265285279	0.0009442258618	
9.120385193		0.02257632006	0.000933198609	
9.135522761		0.02249980246	0.0009221985352	
9.15066033		0.0224232961	0.0009112262443	
9.165797899		0.02234679648	0.0009002823311	
9.180935468		0.02227029852	0.0008893673831	
9.196073037		0.02219379658	0.0008784819823	
9.211210605		0.02211728442	0.000867626706	
9.226348174		0.02204075522	0.0008568021297	
9.241485743		0.02196420162	0.0008460088286	
9.256623312		0.02188761569	0.0008352473795	
9.27176088		0.021810989	0.0008245183636	
9.286898449		0.02173431259	0.0008138223681	
9.302036018		0.02165757702	0.0008031599889	
9.317173587		0.02158077238	0.0007925318328	
9.332311156		0.02150388835	0.0007819385195	
9.347448724		0.02142691419	0.0007713806842	
9.362586293		0.02134983879	0.0007608589794	
9.377723862		0.0212726507	0.0007503740776	
9.392861431		0.02119533816	0.0007399266729	
9.407998999		0.02111788916	0.0007295174832	
9.423136568		0.02104029142	0.0007191472521	
9.438274137		0.02096253248	0.0007088167504	
9.453411706		0.02088459969	0.0006985267781	
9.468549275		0.02080648029	0.0006882781655	
9.483686843		0.02072816141	0.0006780717744	
9.498824412		0.0206496301	0.0006679084996	
9.513961981		0.02057087337	0.0006577892694	
9.52909955		0.02049187825	0.0006477150467	
9.544237119		0.02041263178	0.0006376868297	
9.559374687		0.02033312106	0.0006277056519	
9.574512256		0.02025333327	0.0006177725827	
9.589649825		0.02017325574	0.0006078887272	
9.604787394		0.02009287588	0.0005980552262	
9.619924962		0.02001218133	0.0005882732555	
9.635062531		0.01993115987	0.0005785440256	
9.6502001		0.01984979952	0.000568868781	
9.665337669		0.01976808853	0.0005592487989	
9.680475238		0.01968601542	0.0005496853887	
9.695612806		0.01960356897	0.0005401798902	
9.710750375		0.01952073827	0.0005307336725	
9.725887944		0.01943751274	0.000521348132	
9.741025513		0.01935388212	0.0005120246908	
9.756163082		0.01926983649	0.0005027647948	
9.77130065		0.01918536633	0.000493569911	
9.786438219		0.01910046247	0.000484441526	
9.801575788		0.01901511615	0.000475381143	
9.816713357		0.01892931899	0.0004663902791	
9.831850925		0.01884306304	0.000457470463	
9.846988494		0.01875634075	0.000448623231	
9.862126063		0.01866914492	0.0004398501241	
9.877263632		0.01858146865	0.0004311526819	
9.892401201		0.01849330519	0.0004225324373	
9.907538769		0.01840464757	0.0004139909048	
9.922676338		0.018315488	0.0004055295654	
9.937813907		0.01822581675	0.000397149841	
9.952951476		0.01813562095	0.0003888530687	
9.968089045		0.01804488483	0.0003806405092	
9.983226613		0.01795359651	0.0003725134896	
9.998364182		0.01786176377	0.0003644737158	
10.01350175		0.01776942023	0.0003565233596	
10.02863932		0.01767659898	0.0003486644928	
10.04377689		0.01758330606	0.0003408985725	
10.05891446		0.01748952817	0.0003332266302	
10.07405203		0.0173952505	0.0003256496371	
10.08918959		0.0173004638	0.0003181686328	
10.10432716		0.01720516402	0.0003107847078	
10.11946473		0.01710935046	0.0003034989594	
10.1346023		0.01701302444	0.0002963124613	
10.14973987		0.01691618855	0.0002892262453	
10.16487744		0.01681884634	0.0002822412923	
10.18001501		0.0167210021	0.0002753585257	
10.19515258		0.01662266082	0.0002685788079	
10.21029015		0.01652382815	0.0002619029374	
10.22542771		0.01642451042	0.0002553316465	
10.24056528		0.01632471459	0.0002488655993	
10.25570285		0.0162244483	0.0002425053901	
10.27084042		0.01612371983	0.0002362515416	
10.28597799		0.01602253817	0.0002301045038	
10.30111556		0.01592091296	0.0002240646528	
10.31625313		0.01581885451	0.00021813229	
10.3313907		0.01571637386	0.0002123076413	
10.34652826		0.01561348272	0.0002065908568	
10.36166583		0.0155101935	0.0002009820102	
10.3768034		0.01540651935	0.0001954810992	
10.39194097		0.01530247412	0.0001900880452	
10.40707854		0.01519807238	0.0001848026938	
10.42221611		0.01509332944	0.0001796248153	
10.43735368		0.01498826132	0.0001745541055	
10.45249125		0.01488288481	0.0001695901863	
10.46762881		0.01477721742	0.0001647326073	
10.48276638		0.01467127742	0.0001599808464	
10.49790395		0.01456508381	0.000155334312	
10.51304152		0.01445865639	0.000150792344	
10.52817909		0.01435201568	0.0001463542159	
10.54331666		0.01424518297	0.0001420191364	
10.55845423		0.01413818032	0.0001377862518	
10.5735918		0.01403103055	0.0001336546477	
10.58872936		0.01392375725	0.0001296233517	
10.60386693		0.01381638475	0.0001256913354	
10.6190045		0.01370893818	0.0001218575172	
10.63414207		0.01360144342	0.0001181207643	
10.64927964		0.01349392712	0.0001144798961	
10.66441721		0.01338641666	0.0001109336862	
10.67955478		0.01327894021	0.0001074808658	
10.69469235		0.01317152668	0.0001041201257	
10.70982991		0.0130642057	0.0001008501199	
10.72496748		0.01295700768	9.766946725e-05	
10.74010505		0.01284996375	9.457675529e-05	
10.75524262		0.01274310576	9.157054228e-05	
10.77038019		0.01263646628	8.864936053e-05	
10.78551776		0.01253007857	8.581171914e-05	
10.80065533		0.0124239766	8.305610696e-05	
10.8157929		0.01231819499	8.038099512e-05	
10.83093047		0.01221276906	7.778483952e-05	
10.84606803		0.01210773476	7.526608303e-05	
10.8612056		0.01200312871	7.282315792e-05	
10.87634317		0.01189898811	7.045448835e-05	
10.89148074		0.01179535082	6.815849328e-05	
10.90661831		0.01169225522	6.593358922e-05	
10.92175588		0.01158974025	6.377819296e-05	
10.93689345		0.01148784538	6.169072346e-05	
10.95203102		0.0113866106	5.96696035e-05	
10.96716858		0.01128607642	5.771326059e-05	
10.98230615		0.01118628387	5.582012851e-05	
10.99744372		0.01108727445	5.398864909e-05	
11.01258129		0.01098909009	5.22172751e-05	
11.02771886		0.01089177307	5.050447312e-05	
11.04285643		0.010795366	4.884872621e-05	
11.057994		0.01069991174	4.7248535e-05	
11.07313157		0.01060545353	4.570241772e-05	
11.08826913		0.01051203493	4.420890907e-05	
11.1034067		0.01041969991	4.276655997e-05	
11.11854427		0.01032849277	4.137393862e-05	
11.13368184		0.01023845802	4.002963373e-05	
11.14881941		0.01014964023	3.873225849e-05	
11.16395698		0.01006208391	3.748045395e-05	
11.17909455		0.009975833485	3.627288954e-05	
11.19423212		0.009890933473	3.510826078e-05	
11.20936968		0.009807428604	3.398528507e-05	
11.22450725		0.009725363994	3.290269871e-05	
11.23964482		0.009644785052	3.185925699e-05	
11.25478239		0.009565737251	3.08537387e-05	
11.26991996		0.009488265704	2.988495269e-05	
11.28505753		0.009412414914	2.895174329e-05	
11.3001951		0.009338228715	2.805299084e-05	
11.31533267		0.009265750629	2.718760658e-05	
11.33047024		0.009195024337	2.635452397e-05	
11.3456078		0.009126094115	2.555269152e-05	
11.36074537		0.009059004774	2.478107136e-05	
11.37588294		0.008993801161	2.40386456e-05	
11.39102051		0.008930527265	2.332442697e-05	
11.40615808		0.008869225536	2.263746844e-05	
11.42129565		0.008809936696	2.197686501e-05	
11.43643322		0.008752700426	2.134174619e-05	
11.45157079		0.008697556461	2.073126193e-05	
11.46670835		0.008644545666	2.014456981e-05	
11.48184592		0.008593710228	1.958083084e-05	
11.49698349		0.00854509285	1.903921724e-05	
11.51212106		0.008498735048	1.851892843e-05	
11.52725863		0.008454675607	1.801920658e-05	
11.5423962		0.008412949945	1.753934213e-05	
11.55753377		0.008373591089	1.707866528e-05	
11.57267134		0.008336631755	1.663652671e-05	
11.5878089		0.008302106645	1.621227781e-05	
11.60294647		0.008270053437	1.58052611e-05	
11.61808404		0.008240511869	1.541481727e-05	
11.63322161		0.008213520938	1.50403052e-05	
11.64835918		0.008189115783	1.468112465e-05	
11.66349675		0.008167325813	1.433672825e-05	
11.67863432		0.008148175524	1.400661572e-05	
11.69377189		0.008131687694	1.369031189e-05	
11.70890945		0.008117887661	1.338734005e-05	
11.72404702		0.008106806155	1.309720429e-05	
11.73918459		0.008098479082	1.281939123e-05	
11.75432216		0.008092943749	1.255339052e-05	
11.76945973		0.008090233483	1.22987239e-05	
11.7845973		0.008090373308	1.205496663e-05	
11.79973487		0.008093379462	1.182174963e-05	
11.81487244		0.008099263173	1.159873988e-05	
11.83001001		0.008108037303	1.138560879e-05	
11.84514757		0.008119722235	1.118200419e-05	
11.86028514		0.008134347871	1.098754089e-05	
11.87542271		0.008151949886	1.080181518e-05	
11.89056028		0.008172561913	1.062443672e-05	
11.90569785		0.008196207247	1.045506027e-05	
11.92083542		0.008222894523	1.029340024e-05	
11.93597299		0.008252619042	1.013921861e-05	
11.95111056		0.008285368807	9.992291492e-06	
11.96624812		0.008321132231	9.852370449e-06	
11.98138569		0.00835990821	9.719163685e-06	
11.99652326		0.008401722757	9.592358156e-06	
12.01166083		0.008446640704	9.47166824e-06	
12.0267984		0.008494737906	9.356854244e-06	
12.04193597		0.008546052689	9.247708084e-06	
12.05707354		0.008600576915	9.144051985e-06	
12.07221111		0.008658281392	9.0457372e-06	
12.08734867		0.008719140729	8.952618616e-06	
12.10248624		0.00878314787	8.864521003e-06	
12.11762381		0.008850318256	8.781221922e-06	
12.13276138		0.00892068385	8.702464283e-06	
12.14789895		0.008994279015	8.627992876e-06	
12.16303652		0.009071125175	8.557595325e-06	
12.17817409		0.009151221874	8.491124373e-06	
12.19331166		0.009234548828	8.428490386e-06	
12.20844922		0.00932107722	8.369629005e-06	
12.22358679		0.009410785254	8.314460661e-06	
12.23872436		0.009503670895	8.262860183e-06	
12.25386193		0.009599755816	8.214651043e-06	
12.2689995		0.009699076984	8.169628041e-06	
12.28413707		0.009801669336	8.12759817e-06	
12.29927464		0.009907548442	8.088417166e-06	
12.31441221		0.01001670304	8.052001778e-06	
12.32954977		0.01012910036	8.018312961e-06	
12.34468734		0.01024470081	7.987321826e-06	
12.35982491		0.0103634752	7.958974844e-06	
12.37496248		0.01048541814	7.9331725e-06	
12.39010005		0.01061055104	7.909770224e-06	
12.40523762		0.01073891147	7.888603377e-06	
12.42037519		0.01087053239	7.869524858e-06	
12.43551276		0.01100542323	7.852434669e-06	
12.45065033		0.01114356314	7.837284563e-06	
12.46578789		0.0112849091	7.824058454e-06	
12.48092546		0.01142941206	7.812742077e-06	
12.49606303		0.01157703464	7.803296184e-06	
12.5112006		0.01172776437	7.795641512e-06	
12.52633817		0.0118816173	7.789661563e-06	
12.54147574		0.01203862677	7.785224457e-06	
12.55661331		0.01219882133	7.782215305e-06	
12.57175088		0.01236220381	7.78056055e-06	
12.58688844		0.01252874453	7.780230345e-06	
12.60202601		0.01269839007	7.781220483e-06	
12.61716358		0.01287107981	7.783527775e-06	
12.63230115		0.0130467621	7.787129925e-06	
12.64743872		0.01322540736	7.791974269e-06	
12.66257629		0.01340701361	7.797977616e-06	
12.67771386		0.01359159931	7.805040019e-06	
12.69285143		0.01377918291	7.813068362e-06	
12.70798899		0.01396976065	7.821997282e-06	
12.72312656		0.0141632963	7.831794416e-06	
12.73826413		0.01435972802	7.84244909e-06	
12.7534017		0.01455898347	7.853954456e-06	
12.76853927		0.01476099424	7.866293131e-06	
12.78367684		0.01496570738	7.879428252e-06	
12.79881441		0.01517309373	7.893300086e-06	
12.81395198		0.01538314693	7.907830958e-06	
12.82908954		0.01559586872	7.922940128e-06	
12.84422711		0.01581124606	7.938561743e-06	
12.85936468		0.01602923545	7.954654758e-06	
12.87450225		0.01624976385	7.971198896e-06	
12.88963982		0.01647274193	7.988182384e-06	
12.90477739		0.01669807661	8.005591026e-06	
12.91991496		0.01692567987	8.023401981e-06	
12.93505253		0.01715547755	8.041579202e-06	
12.9501901		0.01738741758	8.060070781e-06	
12.96532766		0.01762146864	8.078812212e-06	
12.98046523		0.0178576049	8.097737221e-06	
12.9956028		0.01809578488	8.116790333e-06	
13.01074037		0.01833593986	8.135932668e-06	
13.02587794		0.01857797802	8.15513795e-06	
13.04101551		0.01882179461	8.174385376e-06	
13.05615308		0.01906727679	8.193655766e-06	
13.07129065		0.01931430679	8.212929858e-06	
13.08642821		0.01956277022	8.2321845e-06	
13.10156578		0.01981256698	8.251388102e-06	
13.11670335		0.02006361438	8.270499818e-06	
13.13184092		0.02031583895	8.289474377e-06	
13.14697849		0.02056916352	8.308268772e-06	
13.16211606		0.02082350069	8.326845683e-06	
13.17725363		0.02107875461	8.345172344e-06	
13.1923912		0.02133482424	8.363218755e-06	
13.20752876		0.02159160284	8.38095748e-06	
13.22266633		0.02184897805	8.398363738e-06	
13.2378039		0.02210683536	8.415413978e-06	
13.25294147		0.02236506329	8.432084066e-06	
13.26807904		0.02262355579	8.448348396e-06	
13.28321661		0.02288221208	8.464180289e-06	
13.29835418		0.0231409349	8.479552797e-06	
13.31349175		0.02339962907	8.494439539e-06	
13.32862931		0.02365820039	8.508815171e-06	
13.34376688		0.02391655534	8.522655717e-06	
13.35890445		0.02417460085	8.535938634e-06	
13.37404202		0.0244322446	8.548642902e-06	
13.38917959		0.02468939503	8.560748956e-06	
13.40431716		0.02494596178	8.572238714e-06	
13.41945473		0.02520185576	8.583095497e-06	
13.4345923		0.02545698954	8.593304041e-06	
13.44972986		0.02571127741	8.602850424e-06	
13.46486743		0.02596463572	8.611722085e-06	
13.480005		0.02621698288	8.619907747e-06	
13.49514257		0.0264682397	8.627397442e-06	
13.51028014		0.02671832934	8.634182437e-06	
13.52541771		0.02696717762	8.640255254e-06	
13.54055528		0.0272147129	8.645609597e-06	
13.55569285		0.02746086639	8.65024037e-06	
13.57083042		0.02770557203	8.6541436e-06	
13.58596798		0.02794876668	8.657316454e-06	
13.60110555		0.02819039009	8.659757155e-06	
13.61624312		0.02843038498	8.661465001e-06	
13.63138069		0.028668697	8.662440275e-06	
13.64651826		0.02890527483	8.662684262e-06	
13.66165583		0.02914007005	8.662199155e-06	
13.6767934		0.02937303729	8.660988071e-06	
13.69193097		0.02960413404	8.659054958e-06	
13.70706853		0.02983332075	8.656404601e-06	
13.7222061		0.03006056072	8.653042537e-06	
13.73734367		0.0302858201	8.648975055e-06	
13.75248124		0.03050906777	8.644209112e-06	
13.76761881		0.03073027539	8.638752333e-06	
13.78275638		0.03094941721	8.632612925e-06	
13.79789395		0.03116647013	8.625799681e-06	
13.81303152		0.03138141349	8.618321894e-06	
13.82816908		0.03159422914	8.61018936e-06	
13.84330665		0.03180490123	8.601412295e-06	
13.85844422		0.03201341626	8.592001343e-06	
13.87358179		0.03221976285	8.581967491e-06	
13.88871936		0.03242393182	8.571322079e-06	
13.90385693		0.03262591594	8.56007672e-06	
13.9189945		0.03282571003	8.548243313e-06	
13.93413207		0.03302331071	8.535833967e-06	
13.94926963		0.03321871647	8.522861012e-06	
13.9644072		0.03341192744	8.509336932e-06	
13.97954477		0.03360294552	8.49527438e-06	
13.99468234		0.03379177408	8.480686108e-06	
14.00981991		0.0339784181	8.465584992e-06	
14.02495748		0.03416288395	8.449983967e-06	
14.04009505		0.03434517951	8.433896053e-06	
14.05523262		0.03452531391	8.417334293e-06	
14.07037019		0.03470329773	8.400311789e-06	
14.08550775		0.03487914274	8.38284164e-06	
14.10064532		0.03505286206	8.364936984e-06	
14.11578289		0.03522447002	8.346610945e-06	
14.13092046		0.03539398226	8.327876674e-06	
14.14605803		0.03556141565	8.308747308e-06	
14.1611956		0.0357267884	8.289236012e-06	
14.17633317		0.03589011999	8.269355947e-06	
14.19147074		0.03605143137	8.249120319e-06	
14.2066083		0.03621074485	8.228542351e-06	
14.22174587		0.0363680844	8.207635344e-06	
14.23688344		0.03652347555	8.186412655e-06	
14.25202101		0.03667694571	8.164887766e-06	
14.26715858		0.03682852418	8.143074273e-06	
14.28229615		0.03697824247	8.120985964e-06	
14.29743372		0.03712613442	8.098636822e-06	
14.31257129		0.03727223656	8.076041109e-06	
14.32770885		0.03741658827	8.053213388e-06	
14.34284642		0.0375592323	8.030168622e-06	
14.35798399		0.03770021499	8.006922204e-06	
14.37312156		0.03783958685	7.983490082e-06	
14.38825913		0.03797740294	7.9598888e-06	
14.4033967		0.03811372358	7.936135645e-06	
14.41853427		0.03824861481	7.912248716e-06	
14.43367184		0.03838214931	7.888247084e-06	
14.4488094		0.03851440699	7.864150891e-06	
14.46394697		0.03864547606	7.839981541e-06	
14.47908454		0.03877545388	7.81576182e-06	
14.49422211		0.03890444818	7.79151612e-06	
14.50935968		0.03903257814	7.767270595e-06	
14.52449725		0.03915997585	7.743053415e-06	
14.53963482		0.03928678764	7.718894958e-06	
14.55477239		0.03941317581	7.694828096e-06	
14.56990995		0.03953932017	7.670888426e-06	
14.58504752		0.0396654201	7.647114589e-06	
14.60018509		0.03979169635	7.623548533e-06	
14.61532266		0.03991839331	7.60023586e-06	
14.63046023		0.04004578107	7.577226111e-06	
14.6455978		0.0401741579	7.55457313e-06	
14.66073537		0.04030385244	7.532335352e-06	
14.67587294		0.04043522623	7.510576153e-06	
14.69101051		0.04056867586	7.48936411e-06	
14.70614807		0.04070463534	7.468773288e-06	
14.72128564		0.04084357785	7.448883413e-06	
14.73642321		0.04098601744	7.429780022e-06	
14.75156078		0.04113250991	7.411554446e-06	
14.76669835		0.04128365311	7.394303703e-06	
14.78183592		0.0414400859	7.378130135e-06	
14.79697349		0.04160248595	7.363140851e-06	
14.81211106		0.04177156535	7.349446783e-06	
14.82724862		0.04194806404	7.337161386e-06	
14.84238619		0.04213273972	7.326398744e-06	
14.85752376		0.04232635416	7.317271083e-06	
14.87266133		0.04252965397	7.309885398e-06	
14.8877989		0.04274334547	7.304339114e-06	
14.90293647		0.04296806128	7.300714442e-06	
14.91807404		0.04320431754	7.29907126e-06	
14.93321161		0.04345245905	7.299438091e-06	
14.94834917		0.04371259071	7.301800971e-06	
14.96348674		0.04398449238	7.306089773e-06	
14.97862431		0.04426751659	7.312161929e-06	
14.99376188		0.04456046899	7.319783619e-06	
15.00889945		0.04486147799	7.328609477e-06	
15.02403702		0.04516786804	7.338163196e-06	
15.03917459		0.0454760692	7.347824154e-06	
15.05431216		0.045781618	7.356828665e-06	
15.06944972		0.04607933445	7.364298724e-06	
15.08458729		0.04636375843	7.369310411e-06	
15.09972486		0.04662990318	7.371009583e-06	
15.11486243		0.04687418753	7.368750555e-06	
15.13		0.04711335906	7.365519544e-06	
