-15.13		0.9181904484	0.0001023480064	
-15.11486243		0.9184447609	0.0001028148702	
-15.09972486		0.9187036183	0.000103287186	
-15.08458729		0.9189670215	0.0001037650486	
-15.06944972		0.9192349693	0.0001042485546	
-15.05431216		0.9195074592	0.0001047378024	
-15.03917459		0.9197844866	0.0001052328921	
-15.02403702		0.920066045	0.0001057339258	
-15.00889945		0.9203521262	0.0001062410071	
-14.99376188		0.9206427199	0.000106754242	
-14.97862431		0.9209378135	0.000107273738	
-14.96348674		0.9212373925	0.0001077996049	
-14.94834917		0.9215414402	0.0001083319544	
-14.93321161		0.9218499375	0.0001088709005	
-14.91807404		0.922162863	0.0001094165592	
-14.90293647		0.9224801928	0.0001099690485	
-14.8877989		0.9228019005	0.0001105284891	
-14.87266133		0.9231279574	0.0001110950037	
-14.85752376		0.9234583318	0.0001116687174	
-14.84238619		0.9237929895	0.0001122497577	
-14.82724862		0.9241318934	0.0001128382546	
-14.81211106		0.9244750035	0.0001134343408	
-14.79697349		0.9248222772	0.0001140381511	
-14.78183592		0.9251736685	0.0001146498234	
-14.76669835		0.9255291285	0.0001152694982	
-14.75156078		0.9258886053	0.0001158973185	
-14.73642321		0.9262520436	0.0001165334304	
-14.72128564		0.9266193849	0.0001171779827	
-14.70614807		0.9269905676	0.0001178311272	
-14.69101051		0.9273655266	0.0001184930187	
-14.67587294		0.9277441932	0.000119163815	
-14.66073537		0.9281264955	0.000119843677	
-14.6455978		0.9285123581	0.0001205327689	
-14.63046023		0.928901702	0.0001212312579	
-14.61532266		0.9292944447	0.0001219393148	
-14.60018509		0.9296904999	0.0001226571134	
-14.58504752		0.9300897781	0.0001233848312	
-14.56990995		0.9304921859	0.0001241226489	
-14.55477239		0.9308976263	0.000124870751	
-14.53963482		0.9313059988	0.0001256293254	
-14.52449725		0.9317171994	0.0001263985637	
-14.50935968		0.9321311202	0.000127178661	
-14.49422211		0.9325476502	0.0001279698165	
-14.47908454		0.9329666746	0.0001287722328	
-14.46394697		0.9333880753	0.0001295861166	
-14.4488094		0.9338117306	0.0001304116785	
-14.43367184		0.9342375159	0.0001312491327	
-14.41853427		0.9346653031	0.0001320986979	
-14.4033967		0.9350949609	0.0001329605963	
-14.38825913		0.9355263552	0.0001338350545	
-14.37312156		0.9359593488	0.0001347223032	
-14.35798399		0.9363938019	0.000135622577	
-14.34284642		0.936829572	0.0001365361149	
-14.32770885		0.937266514	0.00013746316	
-14.31257129		0.9377044805	0.0001384039599	
-14.29743372		0.9381433221	0.0001393587661	
-14.28229615		0.9385828873	0.0001403278347	
-14.26715858		0.9390230228	0.0001413114261	
-14.25202101		0.9394635737	0.000142309805	
-14.23688344		0.9399043838	0.0001433232406	
-14.22174587		0.9403452957	0.0001443520066	
-14.2066083		0.9407861511	0.000145396381	
-14.19147074		0.9412267911	0.0001464566465	
-14.17633317		0.9416670561	0.0001475330902	
-14.1611956		0.9421067865	0.0001486260039	
-14.14605803		0.9425458227	0.000149735684	
-14.13092046		0.9429840053	0.0001508624314	
-14.11578289		0.9434211755	0.000152006552	
-14.10064532		0.9438571754	0.0001531683561	
-14.08550775		0.9442918481	0.000154348159	
-14.07037019		0.944725038	0.0001555462808	
-14.05523262		0.945156591	0.0001567630464	
-14.04009505		0.9455863549	0.0001579987857	
-14.02495748		0.9460141795	0.0001592538337	
-14.00981991		0.9464399171	0.0001605285303	
-13.99468234		0.9468634223	0.0001618232208	
-13.97954477		0.9472845525	0.0001631382554	
-13.9644072		0.9477031681	0.0001644739899	
-13.94926963		0.9481191329	0.0001658307854	
-13.93413207		0.9485323136	0.0001672090085	
-13.9189945		0.948942581	0.0001686090315	
-13.90385693		0.9493498091	0.0001700312324	
-13.88871936		0.9497538763	0.0001714759949	
-13.87358179		0.9501546646	0.0001729437091	
-13.85844422		0.9505520603	0.0001744347709	
-13.84330665		0.9509459542	0.0001759495825	
-13.82816908		0.9513362412	0.0001774885529	
-13.81303152		0.9517228207	0.0001790520973	
-13.79789395		0.9521055967	0.000180640638	
-13.78275638		0.9524844778	0.0001822546043	
-13.76761881		0.9528593771	0.0001838944326	
-13.75248124		0.9532302126	0.0001855605668	
-13.73734367		0.9535969066	0.0001872534585	
-13.7222061		0.9539593864	0.0001889735672	
-13.70706853		0.9543175837	0.0001907213605	
-13.69193097		0.9546714348	0.0001924973145	
-13.6767934		0.9550208808	0.0001943019138	
-13.66165583		0.9553658671	0.0001961356524	
-13.64651826		0.9557063435	0.0001979990332	
-13.63138069		0.9560422643	0.0001998925689	
-13.61624312		0.9563735879	0.0002018167822	
-13.60110555		0.9567002772	0.000203772206	
-13.58596798		0.9570222988	0.0002057593839	
-13.57083042		0.9573396233	0.0002077788706	
-13.55569285		0.9576522255	0.0002098312324	
-13.54055528		0.9579600835	0.0002119170472	
-13.52541771		0.9582631792	0.0002140369055	
-13.51028014		0.958561498	0.0002161914107	
-13.49514257		0.9588550285	0.0002183811794	
-13.480005		0.9591437626	0.0002206068421	
-13.46486743		0.9594276952	0.0002228690439	
-13.44972986		0.9597068241	0.0002251684452	
-13.4345923		0.9599811502	0.0002275057219	
-13.41945473		0.9602506768	0.0002298815667	
-13.40431716		0.9605154097	0.0002322966898	
-13.38917959		0.9607753574	0.0002347518199	
-13.37404202		0.9610305306	0.0002372477051	
-13.35890445		0.9612809423	0.0002397851141	
-13.34376688		0.9615266075	0.0002423648382	
-13.32862931		0.9617675435	0.0002449876923	
-13.31349175		0.9620037693	0.0002476545175	
-13.29835418		0.9622353064	0.000250366183	
-13.28321661		0.9624621777	0.00025312359	
-13.26807904		0.9626844086	0.0002559276743	
-13.25294147		0.9629020263	0.0002587794118	
-13.2378039		0.9631150604	0.000261679824	
-13.22266633		0.9633235428	0.0002646299847	
-13.20752876		0.9635275081	0.0002676310285	
-13.1923912		0.9637269938	0.0002706841593	
-13.17725363		0.9639220404	0.000273790658	
-13.16211606		0.9641126912	0.000276951884	
-13.14697849		0.964298991	0.0002801692604	
-13.13184092		0.9644809833	0.0002834442243	
-13.11670335		0.9646587039	0.0002867781131	
-13.10156578		0.9648321705	0.0002901719706	
-13.08642821		0.9650013716	0.0002936263233	
-13.07129065		0.9651662664	0.0002971411478	
-13.05615308		0.965326812	0.0003007163607	
-13.04101551		0.9654830157	0.0003043528203	
-13.02587794		0.9656349689	0.0003080530543	
-13.01074037		0.9657828246	0.0003118208971	
-12.9956028		0.9659267352	0.0003156603033	
-12.98046523		0.9660667982	0.0003195742074	
-12.96532766		0.9662030262	0.0003235638039	
-12.9501901		0.9663353381	0.0003276282278	
-12.93505253		0.9664635748	0.0003317648227	
-12.91991496		0.966587555	0.0003359703587	
-12.90477739		0.9667071671	0.0003402431764	
-12.88963982		0.9668224565	0.0003445853039	
-12.87450225		0.9669336385	0.0003490029045	
-12.85936468		0.967041011	0.0003535043083	
-12.84422711		0.967144826	0.0003580969152	
-12.82908954		0.9672451991	0.0003627848147	
-12.81395198		0.9673420809	0.0003675678605	
-12.79881441		0.9674352858	0.0003724422296	
-12.78367684		0.9675245697	0.0003774024486	
-12.76853927		0.9676097386	0.0003824444198	
-12.7534017		0.9676907461	0.000387568239	
-12.73826413		0.9677677326	0.0003927793754	
-12.72312656		0.9678409754	0.0003980873587	
-12.70798899		0.967910774	0.0004035025474	
-12.69285143		0.9679773375	0.0004090328237	
-12.67771386		0.968040723	0.0004146816317	
-12.66257629		0.9681008322	0.0004204476487	
-12.64743872		0.9681574593	0.0004263260834	
-12.63230115		0.9682103789	0.0004323114385	
-12.61716358		0.968259445	0.0004384008242	
-12.60202601		0.9683046606	0.0004445963771	
-12.58688844		0.9683461818	0.0004509055817	
-12.57175088		0.9683842494	0.0004573392149	
-12.55661331		0.9684190829	0.0004639079828	
-12.54147574		0.9684507904	0.0004706194573	
-12.52633817		0.9684793345	0.0004774763156	
-12.5112006		0.9685045794	0.0004844764041	
-12.49606303		0.9685264056	0.000491614852	
-12.48092546		0.9685447756	0.0004988875465	
-12.46578789		0.9685597022	0.0005062944721	
-12.45065033		0.9685712457	0.0005138414949	
-12.43551276		0.9685795492	0.0005215396891	
-12.42037519		0.968584809	0.0005294022999	
-12.40523762		0.9685871884	0.0005374406721	
-12.39010005		0.96858674	0.0005456609587	
-12.37496248		0.9685833829	0.0005540630612	
-12.35982491		0.9685769414	0.0005626423709	
-12.34468734		0.9685672257	0.0005713935656	
-12.32954977		0.9685541177	0.0005803147562	
-12.31441221		0.9685376269	0.0005894102976	
-12.29927464		0.9685178941	0.0005986911229	
-12.28413707		0.9684951372	0.0006081722118	
-12.2689995		0.9684695608	0.0006178680759	
-12.25386193		0.9684412731	0.0006277883562	
-12.23872436		0.9684102498	0.0006379357453	
-12.22358679		0.9683763577	0.0006483072182	
-12.20844922		0.9683394248	0.0006588978155	
-12.19331166		0.9682993206	0.0006697051667	
-12.17817409		0.9682560177	0.0006807330146	
-12.16303652		0.9682096107	0.0006919924558	
-12.14789895		0.9681602834	0.0007035001272	
-12.13276138		0.968108233	0.0007152737504	
-12.11762381		0.9680535901	0.0007273270488	
-12.10248624		0.9679963712	0.0007396666388	
-12.08734867		0.9679364868	0.000752292366	
-12.07221111		0.9678737945	0.000765200673	
-12.05707354		0.9678081699	0.0007783893471	
-12.04193597		0.9677395673	0.0007918617819	
-12.0267984		0.9676680465	0.0008056291191	
-12.01166083		0.967593754	0.0008197091224	
-11.99652326		0.9675168631	0.0008341219134	
-11.98138569		0.9674375027	0.0008488845068	
-11.96624812		0.96735571	0.0008640069409	
-11.95111056		0.9672714284	0.0008794918766	
-11.93597299		0.9671845471	0.0008953376384	
-11.92083542		0.9670949615	0.0009115431764	
-11.90569785		0.9670026275	0.0009281128614	
-11.89056028		0.9669075883	0.0009450591112	
-11.87542271		0.9668099617	0.0009624015048	
-11.86028514		0.9667098929	0.0009801625301	
-11.84514757		0.9666074949	0.0009983619667	
-11.83001001		0.9665028082	0.001017012776	
-11.81487244		0.966395797	0.001036120502	
-11.79973487		0.9662863804	0.001055686296	
-11.7845973		0.9661744813	0.001075712034	
-11.76945973		0.9660600711	0.001096205237	
-11.75432216		0.9659431906	0.001117181591	
-11.73918459		0.9658239377	0.001138663794	
-11.72404702		0.9657024292	0.001160677116	
-11.70890945		0.9655787553	0.00118324386	
-11.69377189		0.9654529499	0.001206379558	
-11.67863432		0.9653249905	0.001230092758	
-11.66349675		0.965194824	0.001254388351	
-11.64835918		0.9650624048	0.001279272759	
-11.63322161		0.9649277263	0.001304758493	
-11.61808404		0.9647908328	0.001330865918	
-11.60294647		0.9646518061	0.001357621337	
-11.5878089		0.9645107357	0.00138505232	
-11.57267134		0.9643676869	0.001413182719	
-11.55753377		0.9642226843	0.001442029928	
-11.5423962		0.9640757159	0.00147160572	
-11.52725863		0.9639267547	0.001501920056	
-11.51212106		0.9637757853	0.001532985871	
-11.49698349		0.9636228222	0.001564822407	
-11.48184592		0.9634679128	0.00159745549	
-11.46670835		0.9633111241	0.001630914692	
-11.45157079		0.9631525208	0.00166522895	
-11.43643322		0.9629921479	0.001700422989	
-11.42129565		0.9628300238	0.001736516382	
-11.40615808		0.9626661482	0.001773525562	
-11.39102051		0.9625005171	0.001811467558	
-11.37588294		0.9623331389	0.001850363438	
-11.36074537		0.9621640415	0.001890239708	
-11.3456078		0.9619932698	0.001931127107	
-11.33047024		0.961820875	0.001973057598	
-11.31533267		0.9616469022	0.002016061268	
-11.3001951		0.9614713826	0.002060164774	
-11.28505753		0.9612943339	0.002105391998	
-11.26991996		0.961115767	0.00215176637	
-11.25478239		0.9609356953	0.002199313466	
-11.23964482		0.9607541411	0.002248062521	
-11.22450725		0.9605711371	0.002298046162	
-11.20936968		0.9603867221	0.002349298727	
-11.19423212		0.9602009349	0.00240185418	
-11.17909455		0.9600138088	0.002455744766	
-11.16395698		0.9598253703	0.002511001023	
-11.14881941		0.9596356406	0.002567652946	
-11.13368184		0.9594446403	0.00262573155	
-11.11854427		0.9592523928	0.002685269952	
-11.1034067		0.9590589266	0.002746303485	
-11.08826913		0.9588642734	0.002808868917	
-11.07313157		0.9586684663	0.002873003319	
-11.057994		0.9584715368	0.002938743219	
-11.04285643		0.9582735136	0.003006124411	
-11.02771886		0.9580744227	0.003075182417	
-11.01258129		0.9578742892	0.003145953232	
-10.99744372		0.9576731389	0.003218473907	
-10.98230615		0.957470999	0.0032927827	
-10.96716858		0.9572678985	0.003368918786	
-10.95203102		0.957063867	0.003446921743	
-10.93689345		0.9568589336	0.003526831115	
-10.92175588		0.9566531267	0.00360868625	
-10.90661831		0.9564464735	0.003692526413	
-10.89148074		0.9562390005	0.00377839107	
-10.87634317		0.9560307341	0.003866320122	
-10.8612056		0.9558217009	0.003956353994	
-10.84606803		0.9556119281	0.004048533527	
-10.83093047		0.9554014427	0.004142899776	
-10.8157929		0.9551902715	0.004239493811	
-10.80065533		0.954978441	0.004338356609	
-10.78551776		0.9547659771	0.004439529049	
-10.77038019		0.9545529053	0.004543051968	
-10.75524262		0.9543392506	0.004648966215	
-10.74010505		0.9541250381	0.004757312655	
-10.72496748		0.9539102925	0.004868132103	
-10.70982991		0.9536950385	0.004981465237	
-10.69469235		0.9534793003	0.005097352496	
-10.67955478		0.9532631019	0.00521583401	
-10.66441721		0.9530464667	0.005336949561	
-10.64927964		0.9528294175	0.005460738551	
-10.63414207		0.9526119767	0.005587239976	
-10.6190045		0.9523941653	0.005716492382	
-10.60386693		0.9521760029	0.0058485338	
-10.58872936		0.951957505	0.005983401671	
-10.5735918		0.9517386802	0.006121132757	
-10.55845423		0.9515195234	0.006261763036	
-10.54331666		0.9513000067	0.006405327584	
-10.52817909		0.9510800785	0.006551860491	
-10.51304152		0.9508596975	0.006701395038	
-10.49790395		0.9506389191	0.006853964259	
-10.48276638		0.9504179282	0.007009601211	
-10.46762881		0.9501969103	0.00716833805	
-10.45249125		0.9499759296	0.007330205043	
-10.43735368		0.949754961	0.007495230671	
-10.42221611		0.9495339641	0.007663442097	
-10.40707854		0.9493129142	0.007834865355	
-10.39194097		0.9490918033	0.008009525323	
-10.3768034		0.9488706342	0.008187445628	
-10.36166583		0.9486494152	0.008368648565	
-10.34652826		0.9484281575	0.008553155027	
-10.3313907		0.9482068732	0.008740984443	
-10.31625313		0.9479855748	0.008932154735	
-10.30111556		0.9477642744	0.009126682274	
-10.28597799		0.9475429839	0.009324581837	
-10.27084042		0.9473217148	0.009525866569	
-10.25570285		0.947100478	0.009730547945	
-10.24056528		0.9468792839	0.009938635736	
-10.22542771		0.9466581422	0.01015013797	
-10.21029015		0.9464370623	0.01036506092	
-10.19515258		0.9462160529	0.01058340905	
-10.18001501		0.9459951224	0.01080518502	
-10.16487744		0.9457742783	0.01103038966	
-10.14973987		0.9455535278	0.01125902194	
-10.1346023		0.9453328777	0.01149107895	
-10.11946473		0.9451123342	0.01172655592	
-10.10432716		0.9448919028	0.01196544617	
-10.08918959		0.9446715887	0.01220774115	
-10.07405203		0.9444513967	0.01245343037	
-10.05891446		0.944231331	0.01270250148	
-10.04377689		0.9440113955	0.01295494023	
-10.02863932		0.9437915936	0.01321073046	
-10.01350175		0.9435719282	0.01346985415	
-9.998364182		0.943352402	0.01373229142	
-9.983226613		0.9431330173	0.01399802054	
-9.968089045		0.942913776	0.01426701794	
-9.952951476		0.9426946797	0.01453925828	
-9.937813907		0.9424757297	0.01481471439	
-9.922676338		0.9422569272	0.0150933574	
-9.907538769		0.9420382728	0.01537515669	
-9.892401201		0.9418197673	0.01566007996	
-9.877263632		0.9416014111	0.01594809328	
-9.862126063		0.9413832043	0.0162391611	
-9.846988494		0.9411651473	0.0165332463	
-9.831850925		0.9409472399	0.01683031025	
-9.816713357		0.9407294824	0.01713031282	
-9.801575788		0.9405118745	0.0174332125	
-9.786438219		0.9402944164	0.01773896635	
-9.77130065		0.940077108	0.01804753014	
-9.756163082		0.9398599495	0.01835885835	
-9.741025513		0.9396429411	0.01867290427	
-9.725887944		0.9394260831	0.01898961999	
-9.710750375		0.9392093762	0.01930895653	
-9.695612806		0.9389928212	0.01963086385	
-9.680475238		0.9387764189	0.01995529094	
-9.665337669		0.9385601708	0.02028218583	
-9.6502001		0.9383440785	0.02061149571	
-9.635062531		0.9381281441	0.02094316697	
-9.619924962		0.9379123697	0.02127714524	
-9.604787394		0.9376967584	0.02161337546	
-9.589649825		0.9374813132	0.02195180196	
-9.574512256		0.9372660379	0.02229236849	
-9.559374687		0.9370509367	0.0226350183	
-9.544237119		0.9368360142	0.0229796942	
-9.52909955		0.9366212758	0.02332633858	
-9.513961981		0.9364067271	0.02367489354	
-9.498824412		0.9361923745	0.02402530087	
-9.483686843		0.935978225	0.02437750214	
-9.468549275		0.9357642859	0.02473143875	
-9.453411706		0.9355505654	0.025087052	
-9.438274137		0.9353370722	0.0254442831	
-9.423136568		0.9351238153	0.02580307324	
-9.407998999		0.9349108046	0.02616336366	
-9.392861431		0.9346980504	0.02652509563	
-9.377723862		0.9344855636	0.02688821058	
-9.362586293		0.9342733554	0.02725265006	
-9.347448724		0.9340614379	0.02761835585	
-9.332311156		0.9338498232	0.02798526992	
-9.317173587		0.933638524	0.02835333455	
-9.302036018		0.9334275536	0.02872249229	
-9.286898449		0.9332169253	0.02909268603	
-9.27176088		0.9330066529	0.02946385904	
-9.256623312		0.9327967504	0.02983595495	
-9.241485743		0.932587232	0.03020891781	
-9.226348174		0.932378112	0.03058269212	
-9.211210605		0.9321694049	0.03095722281	
-9.196073037		0.9319611252	0.0313324553	
-9.180935468		0.9317532873	0.03170833549	
-9.165797899		0.9315459056	0.0320848098	
-9.15066033		0.9313389944	0.03246182514	
-9.135522761		0.9311325676	0.03283932898	
-9.120385193		0.9309266391	0.03321726929	
-9.105247624		0.9307212222	0.03359559461	
-9.090110055		0.9305163302	0.03397425402	
-9.074972486		0.9303119755	0.03435319715	
-9.059834917		0.9301081703	0.03473237418	
-9.044697349		0.9299049262	0.03511173586	
-9.02955978		0.9297022541	0.03549123349	
-9.014422211		0.9295001644	0.03587081891	
-8.999284642		0.9292986666	0.03625044453	
-8.984147074		0.9290977696	0.03663006329	
-8.969009505		0.9288974815	0.03700962869	
-8.953871936		0.9286978095	0.03738909475	
-8.938734367		0.92849876	0.03776841602	
-8.923596798		0.9283003383	0.03814754759	
-8.90845923		0.9281025491	0.03852644505	
-8.893321661		0.927905396	0.03890506449	
-8.878184092		0.9277088815	0.03928336253	
-8.863046523		0.9275130074	0.03966129623	
-8.847908954		0.9273177741	0.04003882316	
-8.832771386		0.9271231814	0.04041590135	
-8.817633817		0.9269292279	0.0407924893	
-8.802496248		0.9267359111	0.04116854594	
-8.787358679		0.9265432276	0.04154403064	
-8.772221111		0.9263511731	0.04191890321	
-8.757083542		0.926159742	0.04229312388	
-8.741945973		0.9259689279	0.04266665326	
-8.726808404		0.9257787235	0.04303945239	
-8.711670835		0.9255891203	0.04341148269	
-8.696533267		0.9254001091	0.04378270595	
-8.681395698		0.9252116796	0.04415308434	
-8.666258129		0.9250238207	0.04452258038	
-8.65112056		0.9248365204	0.04489115696	
-8.635982991		0.9246497658	0.04525877731	
-8.620845423		0.9244635434	0.045625405	
-8.605707854		0.9242778385	0.04599100393	
-8.590570285		0.9240926361	0.04635553831	
-8.575432716		0.9239079202	0.04671897271	
-8.560295148		0.923723674	0.04708127198	
-8.545157579		0.9235398805	0.04744240128	
-8.53002001		0.9233565216	0.04780232611	
-8.514882441		0.9231735787	0.04816101223	
-8.499744872		0.9229910329	0.04851842571	
-8.484607304		0.9228088644	0.04887453294	
-8.469469735		0.9226270532	0.04922930058	
-8.454332166		0.9224455786	0.04958269559	
-8.439194597		0.9222644197	0.04993468521	
-8.424057029		0.922083555	0.05028523698	
-8.40891946		0.9219029627	0.05063431873	
-8.393781891		0.9217226206	0.05098189859	
-8.378644322		0.9215425063	0.05132794495	
-8.363506753		0.9213625971	0.05167242653	
-8.348369185		0.9211828699	0.05201531231	
-8.333231616		0.9210033014	0.0523565716	
-8.318094047		0.9208238682	0.05269617398	
-8.302956478		0.9206445466	0.05303408936	
-8.287818909		0.9204653129	0.05337028791	
-8.272681341		0.920286143	0.05370474016	
-8.257543772		0.9201070128	0.05403741693	
-8.242406203		0.9199278982	0.05436828934	
-8.227268634		0.9197487749	0.05469732887	
-8.212131066		0.9195696185	0.05502450728	
-8.196993497		0.9193904047	0.05534979671	
-8.181855928		0.9192111089	0.0556731696	
-8.166718359		0.9190317067	0.05599459874	
-8.15158079		0.9188521737	0.0563140573	
-8.136443222		0.9186724853	0.05663151875	
-8.121305653		0.918492617	0.05694695695	
-8.106168084		0.9183125445	0.05726034615	
-8.091030515		0.9181322433	0.05757166091	
-8.075892946		0.917951689	0.05788087623	
-8.060755378		0.9177708572	0.05818796747	
-8.045617809		0.9175897238	0.05849291037	
-8.03048024		0.9174082644	0.05879568108	
-8.015342671		0.9172264548	0.05909625616	
-8.000205103		0.9170442711	0.05939461257	
-7.985067534		0.9168616891	0.05969072769	
-7.969929965		0.9166786849	0.05998457932	
-7.954792396		0.9164952347	0.06027614571	
-7.939654827		0.9163113146	0.06056540552	
-7.924517259		0.916126901	0.06085233786	
-7.90937969		0.9159419701	0.06113692229	
-7.894242121		0.9157564986	0.06141913882	
-7.879104552		0.9155704629	0.06169896792	
-7.863966983		0.9153838396	0.06197639053	
-7.848829415		0.9151966055	0.06225138806	
-7.833691846		0.9150087374	0.06252394238	
-7.818554277		0.9148202121	0.06279403585	
-7.803416708		0.9146310067	0.06306165131	
-7.78827914		0.9144410982	0.06332677211	
-7.773141571		0.9142504638	0.06358938205	
-7.758004002		0.9140590806	0.06384946547	
-7.742866433		0.913866926	0.06410700718	
-7.727728864		0.9136739773	0.0643619925	
-7.712591296		0.913480212	0.06461440728	
-7.697453727		0.9132856077	0.06486423785	
-7.682316158		0.9130901418	0.06511147106	
-7.667178589		0.9128937921	0.06535609427	
-7.652041021		0.9126965364	0.06559809538	
-7.636903452		0.9124983523	0.06583746278	
-7.621765883		0.9122992177	0.0660741854	
-7.606628314		0.9120991107	0.06630825266	
-7.591490745		0.911898009	0.06653965454	
-7.576353177		0.9116958909	0.06676838151	
-7.561215608		0.9114927343	0.06699442458	
-7.546078039		0.9112885174	0.06721777527	
-7.53094047		0.9110832184	0.06743842561	
-7.515802901		0.9108768155	0.06765636818	
-7.500665333		0.9106692871	0.06787159604	
-7.485527764		0.9104606114	0.06808410279	
-7.470390195		0.9102507668	0.06829388255	
-7.455252626		0.9100397319	0.06850092991	
-7.440115058		0.909827485	0.06870524001	
-7.424977489		0.9096140047	0.06890680847	
-7.40983992		0.9093992696	0.06910563142	
-7.394702351		0.9091832582	0.06930170548	
-7.379564782		0.9089659494	0.06949502776	
-7.364427214		0.9087473218	0.06968559586	
-7.349289645		0.9085273541	0.06987340785	
-7.334152076		0.9083060253	0.07005846228	
-7.319014507		0.9080833141	0.07024075817	
-7.303876938		0.9078591996	0.07042029499	
-7.28873937		0.9076336608	0.07059707266	
-7.273601801		0.9074066766	0.07077109156	
-7.258464232		0.9071782262	0.07094235248	
-7.243326663		0.9069482888	0.07111085667	
-7.228189095		0.9067168437	0.07127660577	
-7.213051526		0.90648387	0.07143960183	
-7.197913957		0.9062493471	0.07159984732	
-7.182776388		0.9060132546	0.07175734507	
-7.167638819		0.9057755717	0.07191209832	
-7.152501251		0.9055362781	0.07206411066	
-7.137363682		0.9052953533	0.07221338605	
-7.122226113		0.9050527769	0.07235992879	
-7.107088544		0.9048085285	0.07250374353	
-7.091950975		0.9045625878	0.07264483526	
-7.076813407		0.9043149344	0.07278320927	
-7.061675838		0.9040655482	0.0729188712	
-7.046538269		0.9038144087	0.07305182698	
-7.0314007		0.9035614958	0.07318208283	
-7.016263132		0.903306789	0.0733096453	
-7.001125563		0.9030502681	0.07343452121	
-6.985987994		0.9027919127	0.07355671766	
-6.970850425		0.9025317025	0.07367624204	
-6.955712856		0.9022696169	0.07379310203	
-6.940575288		0.9020056355	0.07390730557	
-6.925437719		0.9017397379	0.07401886087	
-6.91030015		0.9014719035	0.07412777641	
-6.895162581		0.9012021117	0.07423406093	
-6.880025013		0.9009303419	0.07433772344	
-6.864887444		0.9006565736	0.07443877318	
-6.849749875		0.9003807862	0.07453721964	
-6.834612306		0.9001029591	0.07463307256	
-6.819474737		0.8998230721	0.07472634186	
-6.804337169		0.8995411048	0.0748170377	
-6.7891996		0.899257037	0.07490517039	
-6.774062031		0.8989708488	0.07499075042	
-6.758924462		0.8986825206	0.07507378839	
-6.743786893		0.898392033	0.07515429502	
-6.728649325		0.8980993669	0.07523228108	
-6.713511756		0.8978045038	0.07530775737	
-6.698374187		0.8975074254	0.07538073466	
-6.683236618		0.897208114	0.07545122366	
-6.66809905		0.8969065523	0.07551923499	
-6.652961481		0.8966027236	0.07558477909	
-6.637823912		0.8962966115	0.07564786626	
-6.622686343		0.8959882001	0.07570850652	
-6.607548774		0.8956774739	0.07576670969	
-6.592411206		0.8953644176	0.07582248529	
-6.577273637		0.895049016	0.07587584259	
-6.562136068		0.8947312542	0.07592679061	
-6.546998499		0.894411117	0.07597533812	
-6.53186093		0.8940885889	0.07602149375	
-6.516723362		0.8937636539	0.07606526599	
-6.501585793		0.8934362956	0.07610666331	
-6.486448224		0.8931064966	0.07614569426	
-6.471310655		0.8927742385	0.07618236756	
-6.456173087		0.8924395021	0.07621669223	
-6.441035518		0.8921022669	0.07624867771	
-6.425897949		0.8917625112	0.07627833393	
-6.41076038		0.8914202127	0.07630567141	
-6.395622811		0.8910753478	0.07633070131	
-6.380485243		0.8907278925	0.07635343539	
-6.365347674		0.8903778227	0.07637388599	
-6.350210105		0.8900251144	0.07639206593	
-6.335072536		0.8896697443	0.07640798825	
-6.319934967		0.8893116905	0.07642166604	
-6.304797399		0.8889509328	0.07643311204	
-6.28965983		0.8885874537	0.07644233838	
-6.274522261		0.8882212384	0.0764493561	
-6.259384692		0.8878522756	0.07645417478	
-6.244247124		0.8874805573	0.0764568022	
-6.229109555		0.8871060793	0.076457244	
-6.213971986		0.8867288407	0.07645550346	
-6.198834417		0.8863488437	0.07645158145	
-6.183696848		0.8859660925	0.07644547644	
-6.16855928		0.885580593	0.07643718479	
-6.153421711		0.8851923513	0.0764267011	
-6.138284142		0.8848013727	0.07641401877	
-6.123146573		0.8844076603	0.07639913068	
-6.108009005		0.8840112141	0.07638202991	
-6.092871436		0.8836120302	0.07636271049	
-6.077733867		0.8832100995	0.07634116808	
-6.062596298		0.882805408	0.07631740058	
-6.047458729		0.8823979363	0.07629140845	
-6.032321161		0.8819876604	0.07626319494	
-6.017183592		0.8815745521	0.07623276598	
-6.002046023		0.8811585806	0.07620012986	
-5.986908454		0.8807397133	0.07616529673	
-5.971770885		0.8803179176	0.0761282779	
-5.956633317		0.8798931619	0.07608908509	
-5.941495748		0.8794654174	0.07604772966	
-5.926358179		0.8790346585	0.0760042219	
-5.91122061		0.878600864	0.07595857047	
-5.896083042		0.8781640171	0.07591078202	
-5.880945473		0.8777241057	0.07586086097	
-5.865807904		0.8772811215	0.0758088096	
-5.850670335		0.87683506	0.0757546282	
-5.835532766		0.8763859194	0.07569831546	
-5.820395198		0.8759336998	0.07563986891	
-5.805257629		0.8754784022	0.07557928544	
-5.79012006		0.8750200278	0.07551656178	
-5.774982491		0.8745585772	0.07545169497	
-5.759844922		0.87409405	0.0753846827	
-5.744707354		0.873626444	0.07531552359	
-5.729569785		0.8731557556	0.0752442173	
-5.714432216		0.8726819791	0.07517076458	
-5.699294647		0.8722051073	0.07509516722	
-5.684157079		0.871725131	0.07501742785	
-5.66901951		0.8712420399	0.07493754972	
-5.653881941		0.8707558221	0.07485553649	
-5.638744372		0.870266465	0.07477139189	
-5.623606803		0.869773955	0.0746851195	
-5.608469235		0.8692782779	0.07459672249	
-5.593331666		0.8687794192	0.07450620339	
-5.578194097		0.8682773641	0.07441356396	
-5.563056528		0.8677720977	0.07431880508	
-5.547918959		0.8672636053	0.07422192671	
-5.532781391		0.8667518727	0.07412292787	
-5.517643822		0.8662368858	0.07402180676	
-5.502506253		0.8657186318	0.07391856078	
-5.487368684		0.8651970985	0.07381318674	
-5.472231116		0.8646722751	0.07370568099	
-5.457093547		0.864144152	0.07359603957	
-5.441955978		0.8636127212	0.07348425837	
-5.426818409		0.8630779762	0.07337033333	
-5.41168084		0.8625399122	0.07325426048	
-5.396543272		0.8619985258	0.07313603612	
-5.381405703		0.8614538149	0.07301565683	
-5.366268134		0.8609057787	0.07289311953	
-5.351130565		0.8603544173	0.07276842148	
-5.335992996		0.8597997313	0.07264156024	
-5.320855428		0.8592417218	0.07251253362	
-5.305717859		0.8586803895	0.07238133964	
-5.29058029		0.8581157351	0.07224797647	
-5.275442721		0.8575477587	0.07211244231	
-5.260305153		0.8569764595	0.0719747354	
-5.245167584		0.8564018361	0.07183485388	
-5.230030015		0.8558238858	0.07169279584	
-5.214892446		0.8552426054	0.07154855924	
-5.199754877		0.8546579906	0.07140214191	
-5.184617309		0.8540700365	0.07125354155	
-5.16947974		0.8534787375	0.07110275578	
-5.154342171		0.8528840876	0.07094978212	
-5.139204602		0.8522860806	0.07079461805	
-5.124067034		0.8516847101	0.07063726102	
-5.108929465		0.8510799699	0.07047770854	
-5.093791896		0.8504718541	0.07031595817	
-5.078654327		0.849860357	0.07015200755	
-5.063516758		0.8492454733	0.06998585448	
-5.04837919		0.8486271983	0.0698174969	
-5.033241621		0.848005528	0.06964693296	
-5.018104052		0.8473804587	0.06947416096	
-5.002966483		0.8467519874	0.06929917945	
-4.987828914		0.8461201115	0.06912198716	
-4.972691346		0.8454848291	0.06894258306	
-4.957553777		0.8448461385	0.06876096634	
-4.942416208		0.8442040386	0.06857713637	
-4.927278639		0.8435585285	0.06839109277	
-4.912141071		0.8429096075	0.06820283533	
-4.897003502		0.8422572752	0.06801236406	
-4.881865933		0.8416015312	0.06781967913	
-4.866728364		0.8409423754	0.06762478092	
-4.851590795		0.8402798076	0.06742766997	
-4.836453227		0.8396138276	0.067228347	
-4.821315658		0.8389444353	0.06702681291	
-4.806178089		0.8382716305	0.06682306876	
-4.79104052		0.837595413	0.06661711576	
-4.775902951		0.8369157825	0.06640895532	
-4.760765383		0.8362327386	0.06619858899	
-4.745627814		0.8355462811	0.06598601853	
-4.730490245		0.8348564095	0.06577124584	
-4.715352676		0.8341631235	0.06555427301	
-4.700215108		0.8334664225	0.06533510232	
-4.685077539		0.8327663064	0.06511373624	
-4.66993997		0.8320627746	0.0648901774	
-4.654802401		0.8313558268	0.06466442868	
-4.639664832		0.8306454627	0.0644364931	
-4.624527264		0.8299316821	0.06420637393	
-4.609389695		0.8292144849	0.06397407463	
-4.594252126		0.8284938709	0.06373959885	
-4.579114557		0.8277698402	0.06350295047	
-4.563976988		0.8270423928	0.0632641336	
-4.54883942		0.8263115291	0.06302315252	
-4.533701851		0.8255772492	0.06278001177	
-4.518564282		0.8248395536	0.06253471609	
-4.503426713		0.8240984429	0.06228727042	
-4.488289145		0.8233539175	0.06203767995	
-4.473151576		0.8226059783	0.06178595006	
-4.458014007		0.8218546261	0.06153208635	
-4.442876438		0.8210998617	0.06127609466	
-4.427738869		0.8203416862	0.06101798101	
-4.412601301		0.8195801007	0.06075775165	
-4.397463732		0.8188151064	0.06049541306	
-4.382326163		0.8180467045	0.06023097192	
-4.367188594		0.8172748966	0.0599644351	
-4.352051026		0.8164996839	0.05969580972	
-4.336913457		0.8157210682	0.05942510308	
-4.321775888		0.814939051	0.05915232272	
-4.306638319		0.8141536341	0.05887747636	
-4.29150075		0.8133648194	0.05860057195	
-4.276363182		0.8125726088	0.05832161765	
-4.261225613		0.8117770044	0.05804062181	
-4.246088044		0.8109780083	0.05775759303	
-4.230950475		0.8101756229	0.05747254008	
-4.215812906		0.8093698506	0.05718547197	
-4.200675338		0.8085606938	0.05689639792	
-4.185537769		0.8077481554	0.05660532736	
-4.1704002		0.8069322381	0.05631226995	
-4.155262631		0.806112945	0.05601723555	
-4.140125063		0.8052902792	0.05572023426	
-4.124987494		0.8044642441	0.0554212764	
-4.109849925		0.8036348433	0.05512037252	
-4.094712356		0.8028020805	0.0548175334	
-4.079574787		0.8019659597	0.05451277006	
-4.064437219		0.8011264851	0.05420609375	
-4.04929965		0.8002836611	0.05389751596	
-4.034162081		0.7994374926	0.05358704847	
-4.019024512		0.7985879845	0.05327470326	
-4.003886943		0.797735142	0.05296049261	
-3.988749375		0.7968789708	0.05264442904	
-3.973611806		0.7960194767	0.05232652537	
-3.958474237		0.7951566661	0.05200679469	
-3.943336668		0.7942905454	0.05168525037	
-3.9281991		0.7934211216	0.05136190608	
-3.913061531		0.7925484022	0.05103677581	
-3.897923962		0.7916723946	0.05070987387	
-3.882786393		0.7907931072	0.05038121486	
-3.867648824		0.7899105484	0.05005081375	
-3.852511256		0.7890247272	0.04971868586	
-3.837373687		0.7881356531	0.04938484685	
-3.822236118		0.7872433358	0.04904931278	
-3.807098549		0.7863477859	0.04871210007	
-3.79196098		0.785449014	0.04837322557	
-3.776823412		0.7845470317	0.04803270653	
-3.761685843		0.7836418506	0.04769056064	
-3.746548274		0.7827334833	0.04734680606	
-3.731410705		0.7818219426	0.04700146139	
-3.716273137		0.780907242	0.04665454573	
-3.701135568		0.7799893954	0.04630607872	
-3.685997999		0.7790684174	0.04595608049	
-3.67086043		0.7781443231	0.04560457174	
-3.655722861		0.7772171282	0.04525157376	
-3.640585293		0.776286849	0.04489710844	
-3.625447724		0.7753535021	0.04454119827	
-3.610310155		0.7744171051	0.04418386642	
-3.595172586		0.7734776759	0.04382513676	
-3.580035018		0.772535233	0.04346503383	
-3.564897449		0.7715897956	0.04310358294	
-3.54975988		0.7706413834	0.04274081017	
-3.534622311		0.7696900167	0.0423767424	
-3.519484742		0.7687357162	0.04201140737	
-3.504347174		0.7677785034	0.04164483368	
-3.489209605		0.7668184003	0.04127705083	
-3.474072036		0.7658554293	0.04090808931	
-3.458934467		0.7648896137	0.04053798057	
-3.443796898		0.763920977	0.04016675707	
-3.42865933		0.7629495433	0.03979445239	
-3.413521761		0.7619753374	0.03942110117	
-3.398384192		0.7609983846	0.03904673923	
-3.383246623		0.7600187105	0.03867140356	
-3.368109055		0.7590363414	0.03829513241	
-3.352971486		0.7580513041	0.0379179653	
-3.337833917		0.7570636258	0.03753994306	
-3.322696348		0.7560733345	0.03716110791	
-3.307558779		0.7550804583	0.03678150347	
-3.292421211		0.7540850261	0.0364011748	
-3.277283642		0.7530870671	0.03602016847	
-3.262146073		0.7520866111	0.03563853259	
-3.247008504		0.7510836885	0.03525631684	
-3.231870935		0.75007833	0.03487357252	
-3.216733367		0.7490705669	0.03449035259	
-3.201595798		0.7480604312	0.03410671169	
-3.186458229		0.7470479551	0.0337227062	
-3.17132066		0.7460331716	0.03333839423	
-3.156183092		0.7450161142	0.03295383571	
-3.141045523		0.7439968169	0.03256909234	
-3.125907954		0.7429753144	0.03218422768	
-3.110770385		0.7419516421	0.03179930712	
-3.095632816		0.7409258357	0.0314143979	
-3.080495248		0.7398979318	0.03102956915	
-3.065357679		0.7388679678	0.03064489185	
-3.05022011		0.7378359815	0.03026043885	
-3.035082541		0.7368020118	0.02987628485	
-3.019944972		0.735766098	0.02949250641	
-3.004807404		0.7347282804	0.02910918188	
-2.989669835		0.7336886002	0.02872639142	
-2.974532266		0.7326470993	0.02834421694	
-2.959394697		0.7316038206	0.02796274204	
-2.944257129		0.7305588077	0.027582052	
-2.92911956		0.7295121053	0.02720223368	
-2.913981991		0.7284637592	0.02682337546	
-2.898844422		0.7274138159	0.0264455672	
-2.883706853		0.726362323	0.0260689001	
-2.868569285		0.7253093293	0.02569346662	
-2.853431716		0.7242548843	0.0253193604	
-2.838294147		0.7231990388	0.02494667615	
-2.823156578		0.7221418445	0.0245755095	
-2.80801901		0.7210833543	0.02420595688	
-2.792881441		0.7200236219	0.02383811541	
-2.777743872		0.7189627022	0.02347208271	
-2.762606303		0.7179006511	0.02310795681	
-2.747468734		0.7168375254	0.02274583594	
-2.732331166		0.715773383	0.02238581837	
-2.717193597		0.7147082826	0.02202800228	
-2.702056028		0.7136422837	0.02167248553	
-2.686918459		0.7125754468	0.02131936553	
-2.67178089		0.7115078332	0.020968739	
-2.656643322		0.7104395046	0.02062070184	
-2.641505753		0.7093705237	0.02027534891	
-2.626368184		0.7083009536	0.01993277381	
-2.611230615		0.7072308578	0.01959306876	
-2.596093047		0.7061603004	0.01925632433	
-2.580955478		0.7050893454	0.0189226293	
-2.565817909		0.7040180575	0.01859207046	
-2.55068034		0.7029465011	0.0182647324	
-2.535542771		0.7018747406	0.01794069736	
-2.520405203		0.7008028404	0.01762004502	
-2.505267634		0.6997308644	0.01730285237	
-2.490130065		0.6986588764	0.0169891935	
-2.474992496		0.6975869393	0.01667913948	
-2.459854927		0.6965151154	0.01637275818	
-2.444717359		0.6954434664	0.01607011416	
-2.42957979		0.6943720528	0.0157712685	
-2.414442221		0.6933009339	0.01547627874	
-2.399304652		0.6922301679	0.0151851987	
-2.384167084		0.6911598115	0.01489807845	
-2.369029515		0.6900899198	0.01461496418	
-2.353891946		0.6890205463	0.01433589814	
-2.338754377		0.6879517423	0.0140609186	
-2.323616808		0.6868835574	0.01379005979	
-2.30847924		0.6858160387	0.01352335186	
-2.293341671		0.684749231	0.01326082087	
-2.278204102		0.6836831767	0.01300248877	
-2.263066533		0.6826179154	0.01274837346	
-2.247928964		0.6815534838	0.01249848872	
-2.232791396		0.6804899159	0.01225284435	
-2.217653827		0.6794272423	0.01201144611	
-2.202516258		0.6783654903	0.01177429586	
-2.187378689		0.677304684	0.01154139158	
-2.172241121		0.6762448437	0.01131272748	
-2.157103552		0.6751859863	0.01108829408	
-2.141965983		0.6741281246	0.01086807829	
-2.126828414		0.6730712677	0.01065206354	
-2.111690845		0.6720154204	0.01044022991	
-2.096553277		0.6709605837	0.01023255421	
-2.081415708		0.6699067539	0.01002901016	
-2.066278139		0.6688539233	0.009829568492	
-2.05114057		0.6678020797	0.009634197092	
-2.036003002		0.6667512062	0.009442861165	
-2.020865433		0.6657012816	0.009255523368	
-2.005727864		0.66465228	0.009072143958	
-1.990590295		0.6636041705	0.008892680952	
-1.975452726		0.662556918	0.008717090269	
-1.960315158		0.6615104823	0.00854532589	
-1.945177589		0.6604648186	0.008377340001	
-1.93004002		0.6594198771	0.008213083148	
-1.914902451		0.6583756036	0.00805250438	
-1.899764882		0.6573319387	0.007895551396	
-1.884627314		0.6562888187	0.007742170682	
-1.869489745		0.655246175	0.007592307653	
-1.854352176		0.6542039342	0.007445906784	
-1.839214607		0.6531620186	0.007302911738	
-1.824077039		0.6521203457	0.007163265489	
-1.80893947		0.6510788287	0.007026910447	
-1.793801901		0.6500373764	0.006893788563	
-1.778664332		0.6489958932	0.006763841445	
-1.763526763		0.6479542795	0.006637010458	
-1.748389195		0.6469124315	0.006513236821	
-1.733251626		0.6458702416	0.006392461702	
-1.718114057		0.6448275981	0.006274626302	
-1.702976488		0.643784386	0.006159671939	
-1.687838919		0.6427404865	0.006047540121	
-1.672701351		0.6416957776	0.005938172622	
-1.657563782		0.6406501341	0.005831511542	
-1.642426213		0.6396034277	0.005727499373	
-1.627288644		0.6385555274	0.005626079053	
-1.612151076		0.6375062995	0.005527194018	
-1.597013507		0.6364556078	0.005430788251	
-1.581875938		0.6354033141	0.005336806323	
-1.566738369		0.6343492778	0.005245193435	
-1.5516008		0.6332933569	0.005155895451	
-1.536463232		0.6322354076	0.005068858932	
-1.521325663		0.631175285	0.004984031166	
-1.506188094		0.6301128428	0.004901360189	
-1.491050525		0.629047934	0.004820794812	
-1.475912956		0.6279804111	0.004742284639	
-1.460775388		0.6269101261	0.004665780084	
-1.445637819		0.6258369308	0.004591232386	
-1.43050025		0.6247606775	0.004518593621	
-1.415362681		0.6236812185	0.004447816713	
-1.400225113		0.622598407	0.004378855441	
-1.385087544		0.6215120971	0.004311664448	
-1.369949975		0.620422144	0.004246199241	
-1.354812406		0.6193284044	0.004182416199	
-1.339674837		0.6182307365	0.00412027257	
-1.324537269		0.6171290007	0.004059726474	
-1.3093997		0.6160230592	0.004000736901	
-1.294262131		0.6149127768	0.003943263706	
-1.279124562		0.613798021	0.003887267609	
-1.263986993		0.6126786618	0.00383271019	
-1.248849425		0.6115545722	0.00377955388	
-1.233711856		0.6104256282	0.003727761957	
-1.218574287		0.6092917084	0.003677298531	
-1.203436718		0.6081526931	0.003628128537	
-1.18829915		0.6070084628	0.003580217712	
-1.173161581		0.6058588944	0.003533532561	
-1.158024012		0.6047038527	0.003488040309	
-1.142886443		0.6035431736	0.003443708791	
-1.127748874		0.6023766291	0.003400506256	
-1.112611306		0.6012038561	0.003358400974	
-1.097473737		0.6000242138	0.003317360478	
-1.082336168		0.5988365099	0.003277350124	
-1.067198599		0.5976385164	0.003238330601	
-1.052061031		0.5964262904	0.003200254529	
-1.036923462		0.5951938506	0.003163065142	
-1.021785893		0.5939352221	0.003126707495	
-1.006648324		0.5926514298	0.003091164849	
-0.9915107554		0.5913572902	0.003056492033	
-0.9763731866		0.5900731711	0.003022770081	
-0.9612356178		0.5888079059	0.002990018412	
-0.946098049		0.5875570683	0.002958188887	
-0.9309604802		0.5863124982	0.002927216259	
-0.9158229115		0.5850680312	0.002897047235	
-0.9006853427		0.5838201502	0.002867643164	
-0.8855477739		0.5825670833	0.002838975046	
-0.8704102051		0.5813079908	0.002811019222	
-0.8552726363		0.5800424902	0.002783754893	
-0.8401350675		0.5787704164	0.002757162876	
-0.8249974987		0.577491707	0.00273122501	
-0.80985993		0.5762063493	0.002705923876	
-0.7947223612		0.5749143561	0.002681242666	
-0.7795847924		0.5736157544	0.002657165113	
-0.7644472236		0.5723105806	0.002633675462	
-0.7493096548		0.5709988782	0.002610758441	
-0.734172086		0.5696806962	0.002588399247	
-0.7190345173		0.5683560892	0.002566583536	
-0.7038969485		0.5670251167	0.002545297407	
-0.6887593797		0.5656878431	0.002524527393	
-0.6736218109		0.5643443374	0.002504260451	
-0.6584842421		0.5629946732	0.002484483949	
-0.6433466733		0.5616389286	0.002465185659	
-0.6282091046		0.5602771858	0.002446353746	
-0.6130715358		0.5589095315	0.002427976757	
-0.597933967		0.5575360564	0.002410043615	
-0.5827963982		0.5561568553	0.002392543607	
-0.5676588294		0.5547720268	0.002375466376	
-0.5525212606		0.5533816732	0.002358801912	
-0.5373836918		0.5519859006	0.002342540543	
-0.5222461231		0.5505848186	0.002326672928	
-0.5071085543		0.5491785403	0.002311190047	
-0.4919709855		0.5477671819	0.002296083197	
-0.4768334167		0.5463508629	0.002281343977	
-0.4616958479		0.5449297061	0.00226696429	
-0.4465582791		0.5435038369	0.002252936326	
-0.4314207104		0.5420733838	0.002239252564	
-0.4162831416		0.540638478	0.002225905757	
-0.4011455728		0.5391992532	0.002212888931	
-0.386008004		0.5377558458	0.002200195377	
-0.3708704352		0.5363083945	0.002187818642	
-0.3557328664		0.5348570402	0.002175752527	
-0.3405952976		0.5334019263	0.002163991078	
-0.3254577289		0.531943198	0.002152528584	
-0.3103201601		0.5304810025	0.002141359567	
-0.2951825913		0.5290154891	0.002130478778	
-0.2800450225		0.5275468087	0.002119881195	
-0.2649074537		0.526075114	0.002109562013	
-0.2497698849		0.524600559	0.002099516644	
-0.2346323162		0.5231232996	0.002089740708	
-0.2194947474		0.5216434928	0.002080230032	
-0.2043571786		0.5201612971	0.002070980645	
-0.1892196098		0.518676872	0.002061988773	
-0.174082041		0.5171903783	0.002053250833	
-0.1589444722		0.5157019777	0.002044763436	
-0.1438069035		0.5142118329	0.002036523375	
-0.1286693347		0.5127201075	0.002028527628	
-0.1135317659		0.5112269658	0.002020773351	
-0.0983941971		0.5097325728	0.002013257876	
-0.08325662831		0.5082370942	0.002005978709	
-0.06811905953		0.5067406961	0.001998933525	
-0.05298149075		0.505243545	0.001992120168	
-0.03784392196		0.503745808	0.001985536647	
-0.02270635318		0.5022476522	0.001979181131	
-0.007568784392		0.5007492451	0.001973051952	
0.007568784392		0.4992507543	0.001967147599	
0.02270635318		0.4977523472	0.001961466717	
0.03784392196		0.4962541914	0.001956008105	
0.05298149075		0.4947564545	0.001950770714	
0.06811905953		0.4932593035	0.001945753648	
0.08325662831		0.4917629055	0.001940956158	
0.0983941971		0.490267427	0.001936377643	
0.1135317659		0.4887730341	0.00193201765	
0.1286693347		0.4872798926	0.001927875871	
0.1438069035		0.4857881673	0.001923952141	
0.1589444722		0.4842980227	0.001920246442	
0.174082041		0.4828096222	0.001916758895	
0.1892196098		0.4813231286	0.001913489765	
0.2043571786		0.4798387037	0.001910439459	
0.2194947474		0.4783565081	0.001907608522	
0.2346323162		0.4768767014	0.001904997645	
0.2497698849		0.475399442	0.001902607654	
0.2649074537		0.4739248871	0.00190043952	
0.2800450225		0.4724531924	0.00189849435	
0.2951825913		0.470984512	0.001896773395	
0.3103201601		0.4695189985	0.001895278045	
0.3254577289		0.468056803	0.001894009829	
0.3405952976		0.4665980744	0.00189297042	
0.3557328664		0.4651429602	0.00189216163	
0.3708704352		0.4636916057	0.001891585415	
0.386008004		0.462244154	0.001891243873	
0.4011455728		0.4608007463	0.001891139246	
0.4162831416		0.4593615212	0.001891273919	
0.4314207104		0.4579266151	0.001891650423	
0.4465582791		0.4564961617	0.001892271434	
0.4616958479		0.4550702923	0.001893139776	
0.4768334167		0.4536491351	0.00189425842	
0.4919709855		0.4522328158	0.001895630488	
0.5071085543		0.4508214572	0.001897259251	
0.5222461231		0.4494151787	0.001899148134	
0.5373836918		0.4480140967	0.001901300714	
0.5525212606		0.4466183244	0.001903720724	
0.5676588294		0.4452279711	0.001906412051	
0.5827963982		0.4438431429	0.001909378742	
0.597933967		0.4424639421	0.001912625004	
0.6130715358		0.4410904674	0.001916155202	
0.6282091046		0.4397228134	0.001919973869	
0.6433466733		0.4383610711	0.001924085699	
0.6584842421		0.437005327	0.001928495556	
0.6736218109		0.4356556635	0.00193320847	
0.6887593797		0.4343121585	0.001938229642	
0.7038969485		0.4329748857	0.001943564448	
0.7190345173		0.4316439138	0.001949218435	
0.734172086		0.4303193072	0.001955197328	
0.7493096548		0.4290011254	0.00196150703	
0.7644472236		0.4276894231	0.001968153624	
0.7795847924		0.4263842494	0.001975143374	
0.7947223612		0.4250856478	0.001982482724	
0.80985993		0.4237936546	0.001990178297	
0.8249974987		0.4225082969	0.001998236883	
0.8401350675		0.4212295873	0.00200666542	
0.8552726363		0.4199575132	0.002015470937	
0.8704102051		0.4186920121	0.00202466044	
0.8855477739		0.4174329188	0.002034240642	
0.9006853427		0.4161798512	0.002044217388	
0.9158229115		0.4149319695	0.002054594418	
0.9309604802		0.4136875018	0.002065370907	
0.946098049		0.4124429311	0.002076537164	
0.9612356178		0.4111920931	0.002088069654	
0.9763731866		0.4099268275	0.002099933704	
0.9915107554		0.4086427078	0.002112112577	
1.006648324		0.4073485675	0.002124657933	
1.021785893		0.4060647746	0.002137683903	
1.036923462		0.4048061456	0.002151279279	
1.052061031		0.4035737053	0.002165462168	
1.067198599		0.402361479	0.002180213364	
1.082336168		0.4011634854	0.002195512744	
1.097473737		0.3999757814	0.002211350493	
1.112611306		0.3987961393	0.00222772579	
1.127748874		0.3976233665	0.002244643424	
1.142886443		0.3964568222	0.002262111311	
1.158024012		0.3952961433	0.002280139069	
1.173161581		0.3941411019	0.002298737264	
1.18829915		0.3929915339	0.002317917029	
1.203436718		0.3918473042	0.002337689872	
1.218574287		0.3907082896	0.002358067582	
1.233711856		0.3895743705	0.002379062179	
1.248849425		0.3884454274	0.002400685887	
1.263986993		0.3873213386	0.002422951122	
1.279124562		0.3862019801	0.002445870478	
1.294262131		0.3850872249	0.002469456722	
1.3093997		0.3839769431	0.002493722785	
1.324537269		0.3828710021	0.002518681761	
1.339674837		0.3817692666	0.002544346892	
1.354812406		0.3806715991	0.002570731565	
1.369949975		0.3795778598	0.002597849304	
1.385087544		0.3784879069	0.002625713761	
1.400225113		0.3774015972	0.002654338706	
1.415362681		0.3763187858	0.002683738016	
1.43050025		0.3752393267	0.002713925666	
1.445637819		0.3741630732	0.002744915717	
1.460775388		0.3730898777	0.002776722301	
1.475912956		0.3720195923	0.00280935961	
1.491050525		0.3709520689	0.002842841882	
1.506188094		0.3698871596	0.002877183382	
1.521325663		0.3688247169	0.002912398389	
1.536463232		0.3677645937	0.002948501176	
1.5516008		0.3667066439	0.002985505993	
1.566738369		0.3656507225	0.003023427044	
1.581875938		0.3645966858	0.003062278471	
1.597013507		0.3635443916	0.003102074324	
1.612151076		0.3624936996	0.003142828544	
1.627288644		0.3614444713	0.003184554933	
1.642426213		0.3603965708	0.003227267129	
1.657563782		0.3593498642	0.003270978578	
1.672701351		0.3583042206	0.003315702503	
1.687838919		0.3572595117	0.003361451875	
1.702976488		0.3562156122	0.003408239375	
1.718114057		0.3551724002	0.003456077366	
1.733251626		0.3541297569	0.003504977851	
1.748389195		0.3530875671	0.00355495244	
1.763526763		0.3520457193	0.003606012306	
1.778664332		0.3510041058	0.003658168149	
1.793801901		0.3499626229	0.003711430148	
1.80893947		0.3489211708	0.003765807923	
1.824077039		0.3478796541	0.003821310485	
1.839214607		0.3468379814	0.003877946191	
1.854352176		0.345796066	0.003935722697	
1.869489745		0.3447538253	0.00399464691	
1.884627314		0.3437111817	0.004054724936	
1.899764882		0.3426680617	0.004115962029	
1.914902451		0.3416243969	0.004178362544	
1.93004002		0.3405801233	0.004241929884	
1.945177589		0.3395351817	0.004306666447	
1.960315158		0.3384895178	0.004372573576	
1.975452726		0.3374430819	0.004439651512	
1.990590295		0.3363958292	0.004507899337	
2.005727864		0.3353477195	0.004577314932	
2.020865433		0.3342987176	0.004647894928	
2.036003002		0.3332487927	0.004719634658	
2.05114057		0.332197919	0.004792528115	
2.066278139		0.3311460751	0.004866567913	
2.081415708		0.3300932443	0.004941745246	
2.096553277		0.3290394144	0.005018049852	
2.111690845		0.3279845774	0.005095469986	
2.126828414		0.3269287301	0.005173992385	
2.141965983		0.3258718731	0.005253602252	
2.157103552		0.3248140114	0.005334283228	
2.172241121		0.3237551541	0.005416017385	
2.187378689		0.322695314	0.005498785208	
2.202516258		0.3216345079	0.005582565598	
2.217653827		0.3205727561	0.005667335865	
2.232791396		0.3195100828	0.005753071739	
2.247928964		0.3184465152	0.005839747379	
2.263066533		0.317382084	0.005927335388	
2.278204102		0.3163168231	0.006015806841	
2.293341671		0.3152507693	0.00610513131	
2.30847924		0.314183962	0.006195276895	
2.323616808		0.3131164437	0.006286210271	
2.338754377		0.3120482592	0.006377896728	
2.353891946		0.3109794557	0.006470300224	
2.369029515		0.3099100825	0.006563383437	
2.384167084		0.3088401912	0.006657107833	
2.399304652		0.3077698351	0.006751433724	
2.414442221		0.3066990693	0.006846320343	
2.42957979		0.3056279506	0.006941725916	
2.444717359		0.304556537	0.00703760774	
2.459854927		0.303484888	0.007133922264	
2.474992496		0.3024130642	0.007230625174	
2.490130065		0.301341127	0.007327671479	
2.505267634		0.3002691388	0.007425015601	
2.520405203		0.2991971626	0.007522611464	
2.535542771		0.2981252621	0.007620412586	
2.55068034		0.2970535013	0.007718372174	
2.565817909		0.2959819445	0.007816443216	
2.580955478		0.2949106562	0.007914578571	
2.596093047		0.2938397008	0.008012731067	
2.611230615		0.2927691429	0.008110853589	
2.626368184		0.2916990466	0.008208899169	
2.641505753		0.2906294761	0.008306821077	
2.656643322		0.2895604947	0.008404572907	
2.67178089		0.2884921657	0.00850210866	
2.686918459		0.2874245517	0.008599382825	
2.702056028		0.2863577144	0.008696350459	
2.717193597		0.2852917152	0.008792967262	
2.732331166		0.2842266145	0.008889189645	
2.747468734		0.2831624719	0.008984974803	
2.762606303		0.282099346	0.009080280775	
2.777743872		0.2810372948	0.009175066503	
2.792881441		0.279976375	0.009269291889	
2.80801901		0.2789166426	0.009362917845	
2.823156578		0.2778581524	0.009455906343	
2.838294147		0.2768009583	0.009548220449	
2.853431716		0.2757451129	0.009639824368	
2.868569285		0.2746906681	0.009730683475	
2.883706853		0.2736376746	0.00982076434	
2.898844422		0.272586182	0.009910034758	
2.913981991		0.271536239	0.009998463765	
2.92911956		0.2704878932	0.01008602166	
2.944257129		0.2694411912	0.01017267999	
2.959394697		0.2683961787	0.01025841162	
2.974532266		0.2673529003	0.01034319066	
2.989669835		0.2663113997	0.01042699251	
3.004807404		0.2652717199	0.01050979387	
3.019944972		0.2642339026	0.01059157269	
3.035082541		0.2631979892	0.01067230818	
3.05022011		0.2621640197	0.01075198083	
3.065357679		0.2611320337	0.01083057234	
3.080495248		0.2601020698	0.01090806564	
3.095632816		0.2590741662	0.01098444486	
3.110770385		0.2580483599	0.01105969531	
3.125907954		0.2570246876	0.01113380344	
3.141045523		0.2560031851	0.01120675684	
3.156183092		0.2549838879	0.01127854422	
3.17132066		0.2539668304	0.01134915533	
3.186458229		0.2529520468	0.011418581	
3.201595798		0.2519395706	0.01148681305	
3.216733367		0.2509294347	0.01155384429	
3.231870935		0.2499216714	0.0116196685	
3.247008504		0.2489163127	0.01168428037	
3.262146073		0.2479133898	0.01174767546	
3.277283642		0.2469129336	0.01180985021	
3.292421211		0.2459149744	0.01187080189	
3.307558779		0.2449195419	0.01193052854	
3.322696348		0.2439266654	0.01198902897	
3.337833917		0.2429363739	0.01204630271	
3.352971486		0.2419486954	0.01210235	
3.368109055		0.2409636579	0.01215717172	
3.383246623		0.2399812886	0.0122107694	
3.398384192		0.2390016144	0.01226314516	
3.413521761		0.2380246614	0.01231430171	
3.42865933		0.2370504555	0.01236424228	
3.443796898		0.2360790218	0.01241297064	
3.458934467		0.2351103851	0.01246049101	
3.474072036		0.2341445696	0.01250680811	
3.489209605		0.2331815988	0.01255192707	
3.504347174		0.2322214958	0.01259585343	
3.519484742		0.2312642833	0.01263859313	
3.534622311		0.230309983	0.01268015245	
3.54975988		0.2293586165	0.01272053802	
3.564897449		0.2284102046	0.01275975678	
3.580035018		0.2274647676	0.01279781597	
3.595172586		0.226522325	0.01283472311	
3.610310155		0.2255828962	0.01287048597	
3.625447724		0.2246464995	0.01290511255	
3.640585293		0.223713153	0.01293861109	
3.655722861		0.222782874	0.01297099001	
3.67086043		0.2218556794	0.01300225794	
3.685997999		0.2209315853	0.01303242367	
3.701135568		0.2200106074	0.01306149615	
3.716273137		0.2190927609	0.01308948447	
3.731410705		0.2181780603	0.01311639788	
3.746548274		0.2172665195	0.01314224572	
3.761685843		0.216358152	0.01316703745	
3.776823412		0.2154529707	0.01319078263	
3.79196098		0.214550988	0.0132134909	
3.807098549		0.2136522156	0.01323517199	
3.822236118		0.2127566651	0.01325583569	
3.837373687		0.2118643471	0.01327549187	
3.852511256		0.2109752721	0.01329415044	
3.867648824		0.21008945	0.01331182135	
3.882786393		0.2092068902	0.0133285146	
3.897923962		0.2083276018	0.01334424023	
3.913061531		0.2074515931	0.0133590083	
3.9281991		0.2065788725	0.0133728289	
3.943336668		0.2057094477	0.01338571211	
3.958474237		0.2048433259	0.01339766808	
3.973611806		0.2039805142	0.0134087069	
3.988749375		0.2031210193	0.01341883872	
4.003886943		0.2022648473	0.01342807367	
4.019024512		0.2014120042	0.01343642187	
4.034162081		0.2005624956	0.01344389344	
4.04929965		0.1997163269	0.01345049851	
4.064437219		0.1988735031	0.01345624718	
4.079574787		0.1980340289	0.01346114953	
4.094712356		0.1971979088	0.01346521564	
4.109849925		0.1963651472	0.01346845558	
4.124987494		0.1955357479	0.01347087938	
4.140125063		0.1947097147	0.01347249706	
4.155262631		0.1938870513	0.01347331861	
4.1704002		0.1930677609	0.01347335402	
4.185537769		0.1922518468	0.01347261321	
4.200675338		0.1914393118	0.01347110613	
4.215812906		0.1906301588	0.01346884264	
4.230950475		0.1898243905	0.01346583264	
4.246088044		0.1890220093	0.01346208593	
4.261225613		0.1882230174	0.01345761233	
4.276363182		0.1874274173	0.01345242162	
4.29150075		0.1866352107	0.01344652352	
4.306638319		0.1858463998	0.01343992775	
4.321775888		0.1850609863	0.01343264398	
4.336913457		0.1842789719	0.01342468185	
4.352051026		0.1835003582	0.01341605096	
4.367188594		0.1827251467	0.01340676089	
4.382326163		0.1819533388	0.01339682115	
4.397463732		0.1811849359	0.01338624126	
4.412601301		0.1804199391	0.01337503067	
4.427738869		0.1796583497	0.0133631988	
4.442876438		0.1789001688	0.01335075503	
4.458014007		0.1781453975	0.01333770872	
4.473151576		0.1773940366	0.01332406917	
4.488289145		0.1766460873	0.01330984565	
4.503426713		0.1759015504	0.0132950474	
4.518564282		0.1751604267	0.01327968359	
4.533701851		0.1744227171	0.01326376338	
4.54883942		0.1736884225	0.01324729589	
4.563976988		0.1729575435	0.01323029017	
4.579114557		0.1722300809	0.01321275526	
4.594252126		0.1715060353	0.01319470014	
4.609389695		0.1707854075	0.01317613375	
4.624527264		0.170068198	0.01315706499	
4.639664832		0.1693544074	0.01313750271	
4.654802401		0.1686440361	0.01311745571	
4.66993997		0.1679370846	0.01309693275	
4.685077539		0.1672335531	0.01307594253	
4.700215108		0.1665334419	0.01305449372	
4.715352676		0.1658367511	0.01303259492	
4.730490245		0.1651434807	0.01301025468	
4.745627814		0.1644536304	0.0129874815	
4.760765383		0.1637671998	0.01296428379	
4.775902951		0.1630841885	0.01294066995	
4.79104052		0.1624045957	0.01291664829	
4.806178089		0.1617284203	0.01289222704	
4.821315658		0.1610556612	0.0128674144	
4.836453227		0.160386317	0.01284221848	
4.851590795		0.1597203859	0.01281664731	
4.866728364		0.1590578661	0.01279070889	
4.881865933		0.1583987555	0.01276441111	
4.897003502		0.1577430519	0.0127377618	
4.912141071		0.1570907527	0.01271076874	
4.927278639		0.1564418555	0.01268343961	
4.942416208		0.1557963576	0.01265578206	
4.957553777		0.1551542563	0.01262780364	
4.972691346		0.1545155492	0.01259951187	
4.987828914		0.1538802336	0.01257091418	
5.002966483		0.1532483074	0.01254201798	
5.018104052		0.1526197682	0.01251283061	
5.033241621		0.1519946144	0.01248335936	
5.04837919		0.1513728443	0.01245361149	
5.063516758		0.1507544567	0.0124235942	
5.078654327		0.1501394508	0.01239331467	
5.093791896		0.149527826	0.01236278003	
5.108929465		0.148919582	0.01233199736	
5.124067034		0.1483147187	0.0123009737	
5.139204602		0.147713236	0.01226971604	
5.154342171		0.1471151338	0.0122382313	
5.16947974		0.1465204121	0.01220652635	
5.184617309		0.14592907	0.01217460794	
5.199754877		0.1453411067	0.01214248277	
5.214892446		0.1447565202	0.01211015739	
5.230030015		0.144175308	0.01207763825	
5.245167584		0.1435974664	0.01204493164	
5.260305153		0.1430229908	0.01201204373	
5.275442721		0.1424518752	0.0119789805	
5.29058029		0.1418841128	0.01194574777	
5.305717859		0.1413196954	0.01191235119	
5.320855428		0.1407586139	0.01187879623	
5.335992996		0.1402008586	0.01184508819	
5.351130565		0.1396464189	0.01181123222	
5.366268134		0.139095284	0.01177723332	
5.381405703		0.1385474432	0.01174309635	
5.396543272		0.1380028858	0.0117088261	
5.41168084		0.137461602	0.01167442723	
5.426818409		0.1369235824	0.01163990438	
5.441955978		0.136388819	0.01160526214	
5.457093547		0.1358573047	0.01157050508	
5.472231116		0.1353290338	0.01153563778	
5.487368684		0.1348040019	0.01150066488	
5.502506253		0.1342822057	0.01146559102	
5.517643822		0.133763643	0.01143042091	
5.532781391		0.1332483124	0.01139515931	
5.547918959		0.1327362134	0.01135981102	
5.563056528		0.1322273457	0.01132438089	
5.578194097		0.1317217092	0.01128887379	
5.593331666		0.1312193038	0.0112532946	
5.608469235		0.1307201289	0.01121764816	
5.623606803		0.1302241833	0.01118193927	
5.638744372		0.1297314652	0.01114617259	
5.653881941		0.1292419716	0.01111035266	
5.66901951		0.1287556981	0.01107448377	
5.684157079		0.1282726389	0.01103856994	
5.699294647		0.1277927866	0.01100261484	
5.714432216		0.1273161316	0.01096662172	
5.729569785		0.1268426621	0.01093059339	
5.744707354		0.1263723642	0.01089453212	
5.759844922		0.1259052211	0.01085843963	
5.774982491		0.1254412138	0.01082231711	
5.79012006		0.1249803207	0.01078616522	
5.805257629		0.1245225179	0.01074998414	
5.820395198		0.1240677799	0.01071377368	
5.835532766		0.1236160798	0.0106775334	
5.850670335		0.1231673904	0.01064126273	
5.865807904		0.1227216846	0.01060496118	
5.880945473		0.1222789369	0.01056862848	
5.896083042		0.1218391239	0.01053226481	
5.91122061		0.1214022255	0.01049587088	
5.926358179		0.1209682255	0.01045944811	
5.941495748		0.120537112	0.01042299867	
5.956633317		0.1201088781	0.0103865255	
5.971770885		0.1196835214	0.01035003226	
5.986908454		0.1192610436	0.01031352321	
6.002046023		0.1188414498	0.01027700304	
6.017183592		0.1184247474	0.01024047666	
6.032321161		0.1180109447	0.01020394897	
6.047458729		0.1176000494	0.01016742458	
6.062596298		0.1171920676	0.01013090765	
6.077733867		0.1167870022	0.01009440164	
6.092871436		0.116384852	0.01005790923	
6.108009005		0.1159856113	0.01002143224	
6.123146573		0.1155892692	0.009984971622	
6.138284142		0.1151958101	0.009948527557	
6.153421711		0.1148052143	0.009912099546	
6.16855928		0.1144174582	0.009875686594	
6.183696848		0.1140325159	0.009839287381	
6.198834417		0.1136503601	0.009802900453	
6.213971986		0.1132709631	0.00976652439	
6.229109555		0.112894298	0.009730157958	
6.244247124		0.1125203395	0.009693800213	
6.259384692		0.1121490644	0.009657450573	
6.274522261		0.1117804522	0.00962110885	
6.28965983		0.1114144854	0.009584775233	
6.304797399		0.1110511489	0.009548450256	
6.319934967		0.1106904304	0.009512134725	
6.335072536		0.1103323198	0.009475829643	
6.350210105		0.1099768085	0.009439536119	
6.365347674		0.1096238889	0.00940325528	
6.380485243		0.1092735544	0.009366988188	
6.395622811		0.1089257979	0.00933073577	
6.41076038		0.1085806124	0.009294498763	
6.425897949		0.1082379897	0.009258277668	
6.441035518		0.1078979208	0.009222072724	
6.456173087		0.1075603951	0.009185883903	
6.471310655		0.1072254008	0.009149710902	
6.486448224		0.1068929244	0.009113553164	
6.501585793		0.106562951	0.009077409897	
6.516723362		0.1062354644	0.0090412801	
6.53186093		0.1059104471	0.009005162596	
6.546998499		0.1055878806	0.008969056065	
6.562136068		0.1052677452	0.008932959077	
6.577273637		0.1049500208	0.008896870124	
6.592411206		0.1046346867	0.008860787648	
6.607548774		0.1043217219	0.008824710066	
6.622686343		0.104011105	0.008788635789	
6.637823912		0.1037028148	0.008752563245	
6.652961481		0.1033968299	0.008716490885	
6.66809905		0.1030931293	0.008680417194	
6.683236618		0.1027916922	0.008644340699	
6.698374187		0.1024924978	0.008608259969	
6.713511756		0.102195526	0.008572173613	
6.728649325		0.1019007565	0.008536080282	
6.743786893		0.1016081699	0.00849997866	
6.758924462		0.1013177464	0.008463867464	
6.774062031		0.101029467	0.008427745435	
6.7891996		0.1007433126	0.008391611334	
6.804337169		0.1004592642	0.008355463935	
6.819474737		0.1001773031	0.008319302021	
6.834612306		0.09989741057	0.00828312438	
6.849749875		0.09961956792	0.008246929799	
6.864887444		0.09934375643	0.00821071706	
6.880025013		0.09906995736	0.008174484943	
6.895162581		0.09879815188	0.008138232218	
6.91030015		0.09852832106	0.008101957647	
6.925437719		0.09826044584	0.008065659986	
6.940575288		0.09799450705	0.00802933798	
6.955712856		0.09773048536	0.007992990372	
6.970850425		0.0974683613	0.007956615897	
6.985987994		0.09720811524	0.007920213288	
7.001125563		0.09694972741	0.007883781279	
7.016263132		0.09669317789	0.007847318606	
7.0314007		0.09643844664	0.007810824009	
7.046538269		0.09618551348	0.007774296237	
7.061675838		0.09593435811	0.00773773405	
7.076813407		0.09568496013	0.007701136219	
7.091950975		0.09543729904	0.007664501534	
7.107088544		0.09519135427	0.007627828801	
7.122226113		0.09494710514	0.007591116849	
7.137363682		0.09470453094	0.00755436453	
7.152501251		0.09446361089	0.007517570719	
7.167638819		0.09422432416	0.007480734321	
7.182776388		0.09398664988	0.007443854267	
7.197913957		0.09375056715	0.007406929521	
7.213051526		0.09351605503	0.007369959078	
7.228189095		0.09328309257	0.007332941963	
7.243326663		0.09305165878	0.00729587724	
7.258464232		0.09282173266	0.007258764004	
7.273601801		0.0925932932	0.007221601388	
7.28873937		0.09236631936	0.00718438856	
7.303876938		0.09214079007	0.007147124727	
7.319014507		0.09191668427	0.007109809134	
7.334152076		0.09169398086	0.007072441061	
7.349289645		0.09147265872	0.007035019832	
7.364427214		0.09125269671	0.006997544806	
7.379564782		0.09103407366	0.006960015385	
7.394702351		0.09081676838	0.00692243101	
7.40983992		0.09060075964	0.006884791161	
7.424977489		0.09038602617	0.006847095361	
7.440115058		0.09017254669	0.006809343175	
7.455252626		0.08996029985	0.006771534206	
7.470390195		0.08974926428	0.006733668102	
7.485527764		0.08953941855	0.006695744553	
7.500665333		0.08933074121	0.006657763289	
7.515802901		0.08912321072	0.006619724085	
7.53094047		0.08891680552	0.006581626758	
7.546078039		0.08871150398	0.006543471169	
7.561215608		0.08850728444	0.006505257223	
7.576353177		0.08830412515	0.006466984865	
7.591490745		0.08810200431	0.006428654089	
7.606628314		0.08790090006	0.00639026493	
7.621765883		0.0877007905	0.006351817467	
7.636903452		0.08750165362	0.006313311825	
7.652041021		0.08730346737	0.006274748173	
7.667178589		0.08710620964	0.006236126723	
7.682316158		0.08690985823	0.006197447735	
7.697453727		0.08671439088	0.006158711511	
7.712591296		0.08651978525	0.006119918399	
7.727728864		0.08632601893	0.006081068791	
7.742866433		0.08613306944	0.006042163125	
7.758004002		0.08594091422	0.006003201884	
7.773141571		0.08574953062	0.005964185594	
7.78827914		0.08555889592	0.005925114828	
7.803416708		0.08536898734	0.005885990202	
7.818554277		0.08517978198	0.005846812378	
7.833691846		0.08499125688	0.005807582062	
7.848829415		0.084803389	0.005768300005	
7.863966983		0.08461615521	0.005728967	
7.879104552		0.08442953229	0.005689583888	
7.894242121		0.08424349695	0.005650151552	
7.90937969		0.0840580258	0.005610670919	
7.924517259		0.08387309538	0.00557114296	
7.939654827		0.08368868213	0.005531568691	
7.954792396		0.08350476242	0.005491949171	
7.969929965		0.08332131253	0.005452285503	
7.985067534		0.08313830867	0.005412578832	
8.000205103		0.08295572695	0.005372830349	
8.015342671		0.08277354343	0.005333041288	
8.03048024		0.08259173408	0.005293212926	
8.045617809		0.0824102748	0.005253346583	
8.060755378		0.08222914142	0.005213443625	
8.075892946		0.08204830972	0.005173505459	
8.091030515		0.08186775543	0.005133533537	
8.106168084		0.08168745419	0.005093529356	
8.121305653		0.08150738164	0.005053494456	
8.136443222		0.08132751336	0.005013430421	
8.15158079		0.0811478249	0.004973338882	
8.166718359		0.0809682918	0.004933221512	
8.181855928		0.08078888957	0.004893080031	
8.196993497		0.08060959376	0.004852916205	
8.212131066		0.08043037988	0.004812731845	
8.227268634		0.08025122351	0.00477252881	
8.242406203		0.08007210024	0.004732309003	
8.257543772		0.07989298573	0.004692074378	
8.272681341		0.07971385568	0.004651826936	
8.287818909		0.07953468592	0.004611568727	
8.302956478		0.07935545236	0.004571301849	
8.318094047		0.07917613102	0.004531028453	
8.333231616		0.07899669808	0.004490750738	
8.348369185		0.07881712989	0.004450470957	
8.363506753		0.07863740297	0.004410191415	
8.378644322		0.07845749407	0.004369914468	
8.393781891		0.07827738015	0.004329642529	
8.40891946		0.07809703847	0.004289378066	
8.424057029		0.07791644653	0.0042491236	
8.439194597		0.0777355822	0.004208881712	
8.454332166		0.07755442364	0.004168655039	
8.469469735		0.07737294943	0.004128446275	
8.484607304		0.07719113853	0.004088258177	
8.499744872		0.07700897034	0.004048093558	
8.514882441		0.07682642474	0.004007955295	
8.53002001		0.07664348209	0.003967846324	
8.545157579		0.0764601233	0.003927769646	
8.560295148		0.07627632984	0.003887728323	
8.575432716		0.07609208377	0.00384772548	
8.590570285		0.0759073678	0.003807764307	
8.605707854		0.07572216528	0.003767848059	
8.620845423		0.07553646028	0.003727980053	
8.635982991		0.07535023759	0.003688163674	
8.65112056		0.07516348275	0.003648402369	
8.666258129		0.0749761821	0.003608699652	
8.681395698		0.0747883228	0.0035690591	
8.696533267		0.07459989286	0.003529484356	
8.711670835		0.07441088116	0.003489979124	
8.726808404		0.07422127746	0.003450547176	
8.741945973		0.07403107249	0.003411192341	
8.757083542		0.07384025787	0.003371918514	
8.772221111		0.07364882621	0.003332729648	
8.787358679		0.0734567711	0.003293629755	
8.802496248		0.07326408712	0.003254622906	
8.817633817		0.07307076983	0.003215713226	
8.832771386		0.07287681583	0.003176904897	
8.847908954		0.07268222272	0.00313820215	
8.863046523		0.07248698911	0.003099609268	
8.878184092		0.07229111464	0.003061130579	
8.893321661		0.07209459995	0.003022770459	
8.90845923		0.07189744666	0.002984533323	
8.923596798		0.07169965741	0.002946423626	
8.938734367		0.07150123579	0.002908445859	
8.953871936		0.07130218633	0.002870604547	
8.969009505		0.07110251449	0.002832904242	
8.984147074		0.07090222665	0.002795349522	
8.999284642		0.07070133002	0.002757944989	
9.014422211		0.07049983264	0.002720695261	
9.02955978		0.07029774338	0.00268360497	
9.044697349		0.07009507181	0.002646678759	
9.059834917		0.06989182824	0.002609921277	
9.074972486		0.06968802361	0.002573337175	
9.090110055		0.06948366949	0.002536931102	
9.105247624		0.06927877799	0.002500707699	
9.120385193		0.06907336171	0.002464671598	
9.135522761		0.0688674337	0.002428827413	
9.15066033		0.06866100741	0.002393179743	
9.165797899		0.06845409658	0.002357733159	
9.180935468		0.06824671525	0.002322492207	
9.196073037		0.06803887764	0.0022874614	
9.211210605		0.06783059811	0.002252645214	
9.226348174		0.06762189114	0.002218048088	
9.241485743		0.06741277118	0.002183674413	
9.256623312		0.06720325269	0.002149528535	
9.27176088		0.06699335001	0.002115614746	
9.286898449		0.06678307736	0.002081937286	
9.302036018		0.06657244874	0.002048500333	
9.317173587		0.0663614779	0.002015308005	
9.332311156		0.06615017831	0.001982364353	
9.347448724		0.0659385631	0.00194967336	
9.362586293		0.06572664499	0.001917238938	
9.377723862		0.0655144363	0.001885064922	
9.392861431		0.06530194889	0.001853155073	
9.407998999		0.06508919416	0.001821513069	
9.423136568		0.06487618295	0.001790142506	
9.438274137		0.06466292562	0.001759046896	
9.453411706		0.06444943195	0.001728229662	
9.468549275		0.06423571116	0.001697694137	
9.483686843		0.0640217719	0.001667443564	
9.498824412		0.06380762224	0.001637481089	
9.513961981		0.06359326968	0.001607809764	
9.52909955		0.06337872112	0.001578432541	
9.544237119		0.06316398291	0.001549352273	
9.559374687		0.06294906083	0.00152057171	
9.574512256		0.06273396009	0.001492093499	
9.589649825		0.0625186854	0.001463920182	
9.604787394		0.06230324092	0.001436054191	
9.619924962		0.06208763034	0.001408497852	
9.635062531		0.06187185687	0.001381253377	
9.6502001		0.06165592328	0.00135432287	
9.665337669		0.06143983193	0.001327708316	
9.680475238		0.06122358477	0.001301411588	
9.695612806		0.06100718343	0.001275434441	
9.710750375		0.0607906292	0.001249778511	
9.725887944		0.06057392307	0.001224445314	
9.741025513		0.06035706581	0.001199436245	
9.756163082		0.06014005794	0.001174752577	
9.77130065		0.05992289982	0.001150395457	
9.786438219		0.05970559166	0.001126365907	
9.801575788		0.05948813355	0.001102664825	
9.816713357		0.05927052551	0.001079292979	
9.831850925		0.05905276752	0.001056251009	
9.846988494		0.05883485956	0.001033539426	
9.862126063		0.05861680163	0.00101115861	
9.877263632		0.05839859381	0.0009891088114	
9.892401201		0.05818023625	0.0009673901477	
9.907538769		0.05796172925	0.0009460026048	
9.922676338		0.05774307326	0.0009249460362	
9.937813907		0.05752426889	0.0009042201631	
9.952951476		0.05730531702	0.0008838245739	
9.968089045		0.05708621873	0.0008637587246	
9.983226613		0.05686697539	0.0008440219391	
9.998364182		0.05664758867	0.0008246134095	
10.01350175		0.05642806055	0.0008055321968	
10.02863932		0.05620839336	0.0007867772314	
10.04377689		0.05598858976	0.0007683473141	
10.05891446		0.05576865282	0.0007502411173	
10.07405203		0.05554858599	0.0007324571866	
10.08918959		0.05532839314	0.0007149939417	
10.10432716		0.05510807857	0.0006978496787	
10.11946473		0.05488764704	0.000681022572	
10.1346023		0.05466710379	0.0006645106758	
10.14973987		0.05444645451	0.0006483119267	
10.16487744		0.05422570541	0.0006324241456	
10.18001501		0.05400486313	0.0006168450405	
10.19515258		0.05378393485	0.000601572209	
10.21029015		0.05356292823	0.0005866031416	
10.22542771		0.05334185145	0.0005719352248	
10.24056528		0.05312071321	0.0005575657443	
10.25570285		0.05289952276	0.0005434918887	
10.27084042		0.05267828988	0.0005297107524	
10.28597799		0.05245702492	0.0005162193389	
10.30111556		0.0522357387	0.0005030145642	
10.31625313		0.05201444258	0.0004900932606	
10.3313907		0.05179314831	0.0004774521804	
10.34652826		0.05157186801	0.0004650879992	
10.36166583		0.0513506139	0.0004529973196	
10.3768034		0.05112939801	0.0004411766713	
10.39194097		0.05090823128	0.0004296225093	
10.40707854		0.05068712207	0.0004183312056	
10.42221611		0.05046607307	0.0004072990313	
10.43735368		0.05024507633	0.0003965221264	
10.45249125		0.05002410712	0.0003859964674	
10.46762881		0.04980312498	0.0003757178948	
10.48276638		0.04958210473	0.0003656823598	
10.49790395		0.04936111048	0.0003558864481	
10.51304152		0.04914032771	0.0003463275356	
10.52817909		0.04891994132	0.0003370028564	
10.54331666		0.04870000671	0.0003279086423	
10.55845423		0.04848048304	0.0003190404506	
10.5735918		0.04826131881	0.0003103937921	
10.58872936		0.04804248651	0.0003019643636	
10.60386693		0.04782398106	0.0002937480252	
10.6190045		0.047605811	0.0002857407365	
10.63414207		0.04738799199	0.0002779385106	
10.64927964		0.04717054341	0.000270337388	
10.66441721		0.04695348669	0.0002629334234	
10.67955478		0.04673684455	0.0002557226804	
10.69469235		0.0465206405	0.0002487012338	
10.70982991		0.04630489852	0.0002418651762	
10.72496748		0.0460896427	0.0002352106278	
10.74010505		0.04587489711	0.0002287337438	
10.75524262		0.04566068578	0.000222430717	
10.77038019		0.04544703297	0.0002162977736	
10.78551776		0.04523396352	0.0002103311663	
10.80065533		0.04502150311	0.0002045271679	
10.8157929		0.04480967821	0.0001988820725	
10.83093047		0.04459851569	0.0001933922045	
10.84606803		0.04438804224	0.0001880539342	
10.8612056		0.04417828386	0.0001828636925	
10.87634317		0.04396926573	0.0001778179777	
10.89148074		0.04376101275	0.0001729133497	
10.90661831		0.04355355038	0.0001681464148	
10.92175588		0.04334690554	0.0001635138074	
10.93689345		0.04314110692	0.0001590121815	
10.95203102		0.04293618437	0.0001546382169	
10.96716858		0.04273216761	0.0001503886411	
10.98230615		0.0425290847	0.0001462602571	
10.99744372		0.04232696129	0.0001422499622	
11.01258129		0.04212582116	0.0001383547472	
11.02771886		0.04192568803	0.0001345716732	
11.04285643		0.0417265879	0.0001308978362	
11.057994		0.04152855057	0.0001273303386	
11.07313157		0.04133160937	0.0001238662849	
11.08826913		0.04113579876	0.000120502807	
11.1034067		0.04094115088	0.0001172371094	
11.11854427		0.0407476928	0.0001140665113	
11.13368184		0.0405554461	0.0001109884615	
11.14881941		0.04036442971	0.0001080005145	
11.16395698		0.04017466475	0.0001051002767	
11.17909455		0.03998617912	0.0001022853482	
11.19423212		0.03979900911	9.955329291e-05	
11.20936968		0.0396131965	9.690165633e-05	
11.22450725		0.03942878205	9.432802474e-05	
11.23964482		0.03924579838	9.183009839e-05	
11.25478239		0.03906426624	8.940573839e-05	
11.26991996		0.0388841968	8.705295911e-05	
11.28505753		0.03870559965	8.476986478e-05	
11.3001951		0.03852849295	8.255455964e-05	
11.31533267		0.03835291035	8.040507789e-05	
11.33047024		0.03817890026	7.831937286e-05	
11.3456078		0.03800651676	7.629537585e-05	
11.36074537		0.03783580592	7.433109793e-05	
11.37588294		0.03766679449	7.242472233e-05	
11.39102051		0.03749948756	7.05746366e-05	
11.40615808		0.03733387766	6.877938307e-05	
11.42129565		0.03716996184	6.703754843e-05	
11.43643322		0.03700775858	6.534764689e-05	
11.45157079		0.03684731506	6.370805806e-05	
11.46670835		0.03668869991	6.211705551e-05	
11.48184592		0.0365319832	6.057291566e-05	
11.49698349		0.03637721329	5.907405289e-05	
11.51212106		0.03622440254	5.761911019e-05	
11.52725863		0.03607353051	5.620695574e-05	
11.5423962		0.03592456483	5.483658356e-05	
11.55753377		0.03577749049	5.350696537e-05	
11.57267134		0.03563233325	5.221692724e-05	
11.5878089		0.03548916387	5.096511527e-05	
11.60294647		0.03534807896	4.975007132e-05	
11.61808404		0.03520916611	4.857038318e-05	
11.63322161		0.03507247036	4.742483337e-05	
11.64835918		0.0349379799	4.631246972e-05	
11.66349675		0.03480563975	4.52325611e-05	
11.67863432		0.03467538878	4.418445831e-05	
11.69377189		0.03454720303	4.316742651e-05	
11.70890945		0.03442112407	4.218053034e-05	
11.72404702		0.0342972559	4.122263015e-05	
11.73918459		0.03417572905	4.029249499e-05	
11.75432216		0.03405664786	3.938897763e-05	
11.76945973		0.03394004753	3.85111632e-05	
11.7845973		0.03382588359	3.765841627e-05	
11.79973487		0.03371406058	3.683030391e-05	
11.81487244		0.03360448748	3.602643223e-05	
11.83001001		0.03349713493	3.524627273e-05	
11.84514757		0.03339206593	3.448906068e-05	
11.86028514		0.03328942208	3.375381779e-05	
11.87542271		0.03318936819	3.303949306e-05	
11.89056028		0.03309202139	3.234515257e-05	
11.90569785		0.0329974014	3.167012077e-05	
11.92083542		0.03290542756	3.10140029e-05	
11.93597299		0.03281596408	3.03765825e-05	
11.95111056		0.0327288928	2.975764583e-05	
11.96624812		0.0326441813	2.915681325e-05	
11.98138569		0.03256191425	2.857345462e-05	
11.99652326		0.03248226876	2.800673281e-05	
12.01166083		0.0324054406	2.745576034e-05	
12.0267984		0.03233155729	2.691979069e-05	
12.04193597		0.03226062418	2.639834318e-05	
12.05707354		0.03219253042	2.589120092e-05	
12.07221111		0.03212710858	2.539829327e-05	
12.08734867		0.03206421889	2.491952527e-05	
12.10248624		0.03200382369	2.445462842e-05	
12.11762381		0.03194601963	2.400309567e-05	
12.13276138		0.03189100696	2.356423502e-05	
12.14789895		0.03183900344	2.313732348e-05	
12.16303652		0.03179014549	2.272178325e-05	
12.17817409		0.03174443165	2.231728273e-05	
12.19331166		0.03170173614	2.192371364e-05	
12.20844922		0.03166187699	2.154107308e-05	
12.22358679		0.03162470295	2.116931761e-05	
12.23872436		0.03159016787	2.080824721e-05	
12.25386193		0.03155836567	2.045745908e-05	
12.2689995		0.03152950328	2.011639557e-05	
12.28413707		0.03150381262	1.978447571e-05	
12.29927464		0.03148144424	1.946124554e-05	
12.31441221		0.03146240577	1.914645964e-05	
12.32954977		0.03144657731	1.884005268e-05	
12.34468734		0.03143378131	1.854203648e-05	
12.35982491		0.03142386449	1.8252387e-05	
12.37496248		0.03141676635	1.797096029e-05	
12.39010005		0.03141255836	1.769745534e-05	
12.40523762		0.03141143028	1.743144231e-05	
12.42037519		0.03141361121	1.717245916e-05	
12.43551276		0.03141925715	1.692013353e-05	
12.45065033		0.03142837222	1.667425378e-05	
12.46578789		0.03144081041	1.643474795e-05	
12.48092546		0.03145635239	1.62016075e-05	
12.49606303		0.03147482935	1.597482793e-05	
12.5112006		0.0314962386	1.575437848e-05	
12.52633817		0.03152074069	1.554014645e-05	
12.54147574		0.03154855398	1.533188334e-05	
12.55661331		0.03157988419	1.512924845e-05	
12.57175088		0.03161488215	1.493192421e-05	
12.58688844		0.03165359484	1.473970483e-05	
12.60202601		0.03169595567	1.455250603e-05	
12.61716358		0.03174183272	1.437031179e-05	
12.63230115		0.03179109152	1.419311101e-05	
12.64743872		0.0318436379	1.402085739e-05	
12.66257629		0.03189945014	1.385344683e-05	
12.67771386		0.03195860637	1.369070534e-05	
12.69285143		0.03202127814	1.353240248e-05	
12.70798899		0.03208766693	1.337830066e-05	
12.72312656		0.03215791258	1.322821685e-05	
12.73826413		0.0322320393	1.308205345e-05	
12.7534017		0.03230997698	1.293977822e-05	
12.76853927		0.03239162349	1.280137907e-05	
12.78367684		0.03247688744	1.266683299e-05	
12.79881441		0.03256570485	1.253609496e-05	
12.81395198		0.03265806421	1.240908733e-05	
12.82908954		0.03275403935	1.228568783e-05	
12.84422711		0.03285378896	1.21657354e-05	
12.85936468		0.03295749965	1.204906315e-05	
12.87450225		0.03306530401	1.193554014e-05	
12.88963982		0.03317723948	1.18250898e-05	
12.90477739		0.03329327721	1.171767238e-05	
12.91991496		0.0334133702	1.161325771e-05	
12.93505253		0.03353746455	1.151181642e-05	
12.9501901		0.03366549398	1.141332182e-05	
12.96532766		0.03379740328	1.13177413e-05	
12.98046523		0.03393319068	1.122502027e-05	
12.9956028		0.03407292415	1.113507682e-05	
13.01074037		0.03421671109	1.104781516e-05	
13.02587794		0.03436464619	1.096314778e-05	
13.04101551		0.03451678488	1.088100647e-05	
13.05615308		0.0346731582	1.080133596e-05	
13.07129065		0.03483379182	1.072408497e-05	
13.08642821		0.0349987013	1.06492065e-05	
13.10156578		0.03516788357	1.057666052e-05	
13.11670335		0.03534132736	1.050641048e-05	
13.13184092		0.03551903191	1.043841723e-05	
13.14697849		0.03570101522	1.037263637e-05	
13.16211606		0.03588731061	1.030901962e-05	
13.17725363		0.03607795942	1.024751729e-05	
13.1923912		0.0362730053	1.018808023e-05	
13.20752876		0.03647249083	1.013066082e-05	
13.22266633		0.03667645619	1.007521334e-05	
13.2378039		0.03688493872	1.0021694e-05	
13.25294147		0.03709797296	9.970060793e-06	
13.26807904		0.03731559082	9.920273328e-06	
13.28321661		0.03753782183	9.872292657e-06	
13.29835418		0.03776469332	9.826081113e-06	
13.31349175		0.03799623047	9.781602173e-06	
13.32862931		0.03823245649	9.738820341e-06	
13.34376688		0.03847339256	9.697701044e-06	
13.35890445		0.03871905788	9.658210546e-06	
13.37404202		0.03896946965	9.620315866e-06	
13.38917959		0.03922464296	9.583984715e-06	
13.40431716		0.03948459077	9.549185428e-06	
13.41945473		0.03974932378	9.515886908e-06	
13.4345923		0.04001885038	9.484058577e-06	
13.44972986		0.04029317649	9.453670321e-06	
13.46486743		0.04057230549	9.42469245e-06	
13.480005		0.04085623807	9.397095651e-06	
13.49514257		0.0411449721	9.370850948e-06	
13.51028014		0.04143850254	9.345929664e-06	
13.52541771		0.04173682123	9.322303387e-06	
13.54055528		0.04203991687	9.299943929e-06	
13.55569285		0.04234777478	9.278823301e-06	
13.57083042		0.04266037683	9.258913675e-06	
13.58596798		0.0429777013	9.240187362e-06	
13.60110555		0.04329972274	9.222616778e-06	
13.61624312		0.04362641186	9.206174425e-06	
13.63138069		0.04395773543	9.190832863e-06	
13.64651826		0.04429365611	9.176564692e-06	
13.66165583		0.04463413243	9.16334253e-06	
13.6767934		0.04497911863	9.151138999e-06	
13.69193097		0.04532856457	9.139926705e-06	
13.70706853		0.04568241572	9.12967823e-06	
13.7222061		0.04604061301	9.120366117e-06	
13.73734367		0.04640309282	9.111962867e-06	
13.75248124		0.04676978693	9.104440924e-06	
13.76761881		0.04714062249	9.097772679e-06	
13.78275638		0.04751552198	9.091930463e-06	
13.79789395		0.04789440323	9.08688655e-06	
13.81303152		0.04827717944	9.082613156e-06	
13.82816908		0.04866375914	9.07908245e-06	
13.84330665		0.04905404632	9.076266552e-06	
13.85844422		0.04944794042	9.074137549e-06	
13.87358179		0.04984533641	9.072667504e-06	
13.88871936		0.0502461249	9.071828466e-06	
13.90385693		0.05065019223	9.071592488e-06	
13.9189945		0.05105742056	9.071931642e-06	
13.93413207		0.05146768804	9.072818037e-06	
13.94926963		0.05188086891	9.074223837e-06	
13.9644072		0.0522968337	9.076121286e-06	
13.97954477		0.05271544939	9.078482725e-06	
13.99468234		0.05313657956	9.081280619e-06	
14.00981991		0.05356008463	9.084487579e-06	
14.02495748		0.05398582206	9.088076387e-06	
14.04009505		0.05441364651	9.092020024e-06	
14.05523262		0.05484341015	9.096291692e-06	
14.07037019		0.05527496283	9.100864843e-06	
14.08550775		0.05570815234	9.105713204e-06	
14.10064532		0.05614282466	9.110810805e-06	
14.11578289		0.05657882419	9.116132004e-06	
14.13092046		0.05701599402	9.121651512e-06	
14.14605803		0.05745417619	9.127344422e-06	
14.1611956		0.05789321193	9.133186228e-06	
14.17633317		0.05833294191	9.139152855e-06	
14.19147074		0.05877320652	9.145220678e-06	
14.2066083		0.05921384611	9.151366548e-06	
14.22174587		0.05965470124	9.157567808e-06	
14.23688344		0.0600956129	9.163802318e-06	
14.25202101		0.06053642279	9.170048472e-06	
14.26715858		0.06097697354	9.176285212e-06	
14.28229615		0.06141710893	9.18249205e-06	
14.29743372		0.06185667411	9.188649078e-06	
14.31257129		0.06229551579	9.194736984e-06	
14.32770885		0.0627334825	9.200737058e-06	
14.34284642		0.06317042472	9.206631209e-06	
14.35798399		0.0636061951	9.21240197e-06	
14.37312156		0.06404064861	9.218032503e-06	
14.38825913		0.06447364271	9.223506605e-06	
14.4033967		0.0649050375	9.228808716e-06	
14.41853427		0.06533469587	9.233923914e-06	
14.43367184		0.06576248359	9.238837921e-06	
14.4488094		0.06618826949	9.2435371e-06	
14.46394697		0.06661192549	9.248008453e-06	
14.47908454		0.06703332676	9.252239617e-06	
14.49422211		0.06745235175	9.25621886e-06	
14.50935968		0.06786888232	9.259935075e-06	
14.52449725		0.06828280373	9.263377772e-06	
14.53963482		0.06869400477	9.266537069e-06	
14.55477239		0.06910237775	9.269403685e-06	
14.56990995		0.06950781853	9.271968927e-06	
14.58504752		0.06991022657	9.274224681e-06	
14.60018509		0.07030950494	9.276163401e-06	
14.61532266		0.07070556032	9.277778091e-06	
14.63046023		0.07109830299	9.279062297e-06	
14.6455978		0.07148764681	9.280010092e-06	
14.66073537		0.07187350926	9.28061606e-06	
14.67587294		0.07225581134	9.280875284e-06	
14.69101051		0.07263447761	9.280783327e-06	
14.70614807		0.07300943609	9.280336221e-06	
14.72128564		0.07338061829	9.279530446e-06	
14.73642321		0.0737479591	9.27836292e-06	
14.75156078		0.07411139677	9.276830981e-06	
14.76669835		0.07447087288	9.274932367e-06	
14.78183592		0.07482633222	9.272665207e-06	
14.79697349		0.0751777228	9.270028e-06	
14.81211106		0.07552499575	9.267019601e-06	
14.82724862		0.07586810525	9.263639207e-06	
14.84238619		0.07620700847	9.259886337e-06	
14.85752376		0.07654166553	9.255760823e-06	
14.87266133		0.07687203939	9.251262789e-06	
14.8877989		0.07719809578	9.246392641e-06	
14.90293647		0.07751980317	9.24115105e-06	
14.91807404		0.07783713266	9.23553894e-06	
14.93321161		0.07815005791	9.229557472e-06	
14.94834917		0.0784585551	9.223208032e-06	
14.96348674		0.0787626028	9.216492219e-06	
14.97862431		0.07906218196	9.209411832e-06	
14.99376188		0.0793572758	9.201968856e-06	
15.00889945		0.07964786975	9.194165453e-06	
15.02403702		0.07993395138	9.186003949e-06	
15.03917459		0.08021551035	9.177486826e-06	
15.05431216		0.08049253829	9.168616706e-06	
15.06944972		0.08076502881	9.159396347e-06	
15.08458729		0.08103297735	9.14982863e-06	
15.09972486		0.0812963812	9.139916552e-06	
15.11486243		0.08155523936	9.129663215e-06	
15.13		0.08180955254	9.119071819e-06	
